,group_prob,group
0,0.9999999382734306,1
1,0.9999999999999964,1
2,0.6847105705066937,0
3,0.9912097978828982,0
4,0.9902072793479817,0
5,0.9936149515154746,1
6,0.9871436319448201,0
7,0.7327719955018193,1
8,0.9889368221291487,0
9,0.9848420621871877,0
10,0.9618067176396701,0
11,0.9999914814859314,1
12,0.9542532014715379,0
13,0.5190300949901843,1
14,0.9858866363313434,0
15,0.9986685724249158,1
16,0.9641585862486999,0
17,0.9691474233631383,0
18,0.999999999999422,1
19,0.9834660573152222,0
20,0.999989654047205,1
21,0.8993074207665996,0
22,0.8669883867406932,0
23,0.920096252943556,0
24,0.5443006714918694,0
25,0.9478404146453017,1
26,0.9707430160713342,0
27,0.9818923368956228,0
28,0.9999965983246955,1
29,0.9899058687387324,0
30,0.8957848503212887,0
31,0.9675131684188155,0
32,0.7562354737844594,0
33,0.9856521120197427,0
34,0.7785327988875329,1
35,0.9238931676486507,0
36,0.6393766131737775,0
37,0.8135878626161475,1
38,0.9921275168367565,0
39,0.5370235690691031,1
40,0.9757202680748025,0
41,0.9633891672987478,0
42,0.988025687033585,0
43,0.9744672680765416,0
44,0.9223115854956336,0
45,0.9666020050839755,0
46,0.9808013022417852,0
47,1.0,1
48,0.9895600699615773,0
49,0.7890391390853284,0
50,0.9999999999993838,1
51,0.9665344698379165,0
52,0.9901616791590574,0
53,0.8669347061892506,0
54,0.7750843997989542,0
55,0.9851997793716225,0
56,0.9999999998998459,1
57,0.9862203711066788,0
58,0.5036538053394561,0
59,0.5567683524938676,0
60,0.9818313862173071,1
61,0.9260379369732207,0
62,0.9884139721136523,0
63,0.9322118558577983,0
64,0.9080133193803468,0
65,0.9875601191961494,0
66,0.9881124355059232,0
67,0.9746382286563624,0
68,0.7077300394678387,0
69,0.9997424416970565,1
70,0.990097370397309,0
71,0.9757309593800572,0
72,0.9917470007490811,0
73,0.7117996182598345,1
74,0.882076808065272,0
75,0.9999996809282108,1
76,0.9865179515233249,0
77,0.9665531296886569,0
78,0.9819471446395055,0
79,0.9286954755575257,0
80,0.8375414735198479,0
81,0.9967860132540668,1
82,0.7430944838034054,0
83,0.9775247896238575,0
84,0.9096231433783417,0
85,0.9872745064243744,0
86,0.7464245443431586,0
87,0.9412530106849283,0
88,0.9621963178353471,0
89,0.9090984046082192,0
90,0.9442799473626183,0
91,0.8239392155790388,0
92,0.6883972967197061,0
93,0.679620681126285,1
94,0.9999981643301008,1
95,0.9804891583040335,0
96,1.0,1
97,0.9636183171980152,0
98,0.9778522187372176,1
99,0.990811339615954,0
100,0.9685822925768615,0
101,0.9340171839011983,0
102,0.9643166757574926,0
103,0.9811479435048759,0
104,0.9907188692221268,0
105,0.9670910451609296,1
106,0.8956243871778243,0
107,0.8862606814397073,0
108,0.9999999999990838,1
109,0.9922917814800735,0
110,0.9919603894606508,0
111,0.727576869083161,0
112,0.9911235375328312,0
113,0.999047763259049,1
114,0.9957455708971874,1
115,0.5811677887595014,0
116,0.991868595894987,0
117,0.9999999999996074,1
118,0.9794412744569148,0
119,0.7354333427171301,0
120,0.9999999999991831,1
121,0.5350166510865486,1
122,0.588920635466534,0
123,0.7828016691655747,0
124,0.9590953000603165,1
125,0.8893200424450916,1
126,0.9076863611904564,0
127,1.0,1
128,0.660569490389291,1
129,0.890925703816208,0
130,0.9856842984635972,0
131,0.8658036150283336,0
132,0.9584415812491376,0
133,0.9822605823158075,0
134,0.8117214723280091,1
135,0.9545638938101105,0
136,0.9501350739562849,0
137,0.6699984493488575,1
138,0.8179647210359912,0
139,0.5143628167324454,0
140,0.8869331413066192,1
141,0.9999993215678172,1
142,0.9870973894051368,0
143,0.9816731775884432,0
144,0.9748048627726612,1
145,0.7627505065683431,0
146,0.9437765439956255,0
147,0.9879449536207713,0
148,0.8679076090943916,0
149,0.8078910601881416,1
150,0.9559359403900985,0
151,0.7873404953456017,0
152,0.9893659168431318,0
153,0.9907708717242428,0
154,0.9625170845821712,0
155,0.8763634844846797,1
156,0.9609323916969422,1
157,0.9786372969842184,0
158,0.9332525709983093,0
159,0.7581015288511465,1
160,0.9355197806505479,0
161,0.9922562838454287,0
162,0.9851353614982944,0
163,0.9880211937436502,0
164,0.5417707409650668,1
165,0.7809719271250656,0
166,0.9644338447150236,0
167,0.9565182761339214,0
168,1.0,1
169,0.9684634898642089,0
170,0.9890925577794862,0
171,0.8339761873520322,1
172,0.9772810333909816,0
173,0.5472862280827123,0
174,0.7408390609377757,1
175,0.980783233370016,0
176,0.9661191927605409,0
177,0.9997834106320954,1
178,0.8600527849303754,1
179,0.9771352471644725,0
180,0.6599098670639647,0
181,0.9916140388666229,0
182,0.987933357440533,0
183,0.9723889295759007,0
184,0.9765947105968538,0
185,0.5726638624863684,1
186,0.9838890466578958,0
187,0.9855188272991581,0
188,0.9216775937038789,1
189,0.9635615801708546,0
190,0.9787133195482967,0
191,0.6199985819891538,1
192,0.9657908225558272,0
193,0.5687522775142655,0
194,0.9854989167519416,0
195,0.8367549312381816,0
196,0.9702774572834459,0
197,0.9866678994497693,0
198,0.6480213978923033,0
199,0.5024226836972431,1
200,0.9864188318963255,0
201,0.9999999922568499,1
202,0.9714450482575462,0
203,0.987705284914123,0
204,0.9744664761243276,0
205,0.7576067616891254,1
206,0.8616202697109139,0
207,0.953024698998585,0
208,0.5363878738044043,0
209,0.9502021337829254,1
210,0.9790103125024879,0
211,0.7613574275686189,1
212,0.9853658671080838,0
213,0.9509511240307631,0
214,0.9084642731431273,0
215,0.6236319179907457,1
216,0.9622376059805271,0
217,0.8925555506992409,0
218,0.9999960028973317,1
219,0.9855393216792196,0
220,0.9604053321312623,0
221,0.999147420715819,1
222,0.592540337389976,1
223,0.9852578698406169,0
224,0.8811922852645677,0
225,0.7716348641422893,1
226,0.960705681215262,1
227,0.9999924959618581,1
228,0.9867897885937502,0
229,0.9918960668096686,0
230,0.96770437092704,0
231,0.9301753948203633,1
232,0.8620513072553357,0
233,0.9325965377361897,1
234,0.6495885266468767,1
235,0.9890393632934692,0
236,0.512157221387423,0
237,0.9829296443923952,0
238,0.9887857718445181,0
239,0.8430634491182413,0
240,0.8282298522257315,0
241,0.9639408193771603,0
242,0.9653500519503486,0
243,0.9412332496582644,0
244,0.8620886100553206,1
245,0.9765135469763466,0
246,0.8536224130686919,0
247,0.8049380300334448,1
248,0.9920931471897633,0
249,0.9927037716949461,0
250,0.7950083453335279,1
251,0.6797237832171641,1
252,0.5976298694541232,0
253,0.7037991483435002,0
254,0.9675500828565852,1
255,0.9364191581596907,0
256,0.9969486526358494,1
257,0.9986783125295043,1
258,0.818438501384626,0
259,0.9999926388677036,1
260,0.6957159555707071,0
261,0.9127127724285756,0
262,0.9154405422547618,0
263,0.9999999999999638,1
264,0.7868520886928808,0
265,0.6442663190946462,1
266,0.9881250142970455,0
267,0.9688623397305444,0
268,0.9769015441741512,0
269,0.9742995306990162,0
270,0.9821090093967767,0
271,0.9538367848315862,0
272,0.6107820054540267,0
273,0.9405099721281369,0
274,0.9995844854497667,1
275,0.9973450490233552,1
276,0.9596061077210298,1
277,0.6160544589249791,0
278,0.9998668102785767,1
279,0.9757657501993166,0
280,0.9999885955700035,1
281,0.9857162243043597,1
282,0.9838857132624909,0
283,0.9999999993608677,1
284,0.9779827865020996,0
285,0.9586713000166528,0
286,0.8526137660562508,0
287,0.5891730475081275,0
288,0.7952771179848522,0
289,0.9676188510267909,0
290,0.6351669480529064,0
291,0.7985461838749854,1
292,0.9916163360190365,0
293,0.8872113551265374,0
294,0.9489375117596756,0
295,0.9706526587453123,0
296,0.9659166380422984,0
297,0.780041272872725,0
298,0.5102549117506314,0
299,0.9587933016251721,0
300,0.9548272180884142,0
301,0.8554053557972582,1
302,0.9501254390748295,1
303,0.5021640999787125,0
304,0.7825739577369931,0
305,0.9689708321151148,0
306,0.9888835374559247,0
307,0.9999999996008633,1
308,0.968691284123502,0
309,0.73287108104098,0
310,0.5835947508911485,0
311,0.666284838997389,1
312,0.9819486237850529,0
313,0.9925295916275427,0
314,0.5316733911490584,0
315,0.5829249377784571,1
316,0.9900087257850185,1
317,0.9999999999999942,1
318,0.9760413117323492,0
319,0.6730470787153382,1
320,0.872913437149733,0
321,0.9711609561825651,1
322,0.9865473750944097,0
323,0.9897360092233174,0
324,0.9828071950644317,0
325,0.984387557570187,0
326,0.9787336625425122,0
327,0.9736663740098452,0
328,0.8766464947595136,0
329,0.9924994399134088,0
330,0.9889003924679524,0
331,0.9356698777228191,0
332,0.9889976554700634,0
333,0.8356265735736481,0
334,0.8409239284279076,0
335,0.920164767529521,0
336,0.9070497536762636,0
337,0.9269723982878065,0
338,0.7097282145111402,0
339,0.8622497522471826,1
340,0.9851088525808012,0
341,0.9832354072357722,0
342,0.9877484841096348,0
343,0.7070868976868969,1
344,0.6141954068182429,0
345,0.9900996501294901,0
346,0.9906657819663315,0
347,0.8197850051388036,0
348,0.7217022136396976,0
349,0.9999999999999241,1
350,0.9999957629712041,1
351,0.9054854576075761,0
352,1.0,1
353,0.9999999999980007,1
354,0.9999999999999911,1
355,0.8302072756399765,1
356,0.999955820396938,1
357,0.9878183522441032,0
358,0.6698689703509711,0
359,0.989175013669704,0
360,0.989088137817179,0
361,0.8874039001544862,0
362,0.8750456020049135,0
363,0.6275706557555407,1
364,0.9891563621468092,0
365,0.6090632888389614,0
366,0.7390549816286878,0
367,0.9594884834811791,0
368,0.9629965374190875,0
369,0.6339087207725471,0
370,0.8755763020735006,0
371,0.9796273605432501,1
372,0.98171316882582,0
373,0.9865264756661418,0
374,0.9999569730664956,1
375,0.8824594862243172,0
376,0.9894290806043801,0
377,0.9854277284809644,0
378,0.5044204158467092,0
379,0.959935428667494,0
380,0.986818138257731,0
381,0.9923875016300916,0
382,0.8985117079411553,0
383,0.7408354539719127,0
384,0.9662915457888608,0
385,0.9645479590503826,0
386,1.0,1
387,0.5855430654321585,1
388,0.9793311390539586,0
389,0.9746043305973865,0
390,0.9874670982458418,0
391,0.6679836479813447,0
392,0.997990346070094,1
393,0.9989914710719855,1
394,0.9442489709851825,0
395,0.6455396110426233,0
396,0.9569302097744533,0
397,0.9999922444945105,1
398,0.9900058831889931,0
399,0.546040568618451,0
400,0.9677413776788182,0
401,0.9922562838454287,0
402,0.9882296297964595,0
403,0.9676707498664103,1
404,0.9833544668955605,0
405,0.8051780492900258,0
406,0.9667640306745491,1
407,0.9843823968231344,0
408,0.9876233666266648,0
409,0.983690526689098,0
410,0.9797126427584122,1
411,0.9684479317332355,0
412,0.8530913515518369,1
413,0.9991316272421751,1
414,0.9999999485732753,1
415,0.5016314548284463,0
416,0.9145040659054721,0
417,0.9726119222175748,0
418,0.9407244958407625,0
419,0.9868659368568162,0
420,0.9909470050247803,0
421,0.8974076880595421,0
422,0.9876086611804358,0
423,0.9630748761966785,0
424,0.8821085288963594,0
425,0.9408155033029529,0
426,0.946117310045827,0
427,0.6892578374797808,1
428,0.9995027058653052,1
429,0.998630563210371,1
430,0.9862267843827828,0
431,0.9086929553832888,1
432,0.8500431356420127,0
433,0.9486148556152396,0
434,0.9779268969503099,0
435,0.9871082644630386,0
436,0.9233999902078406,0
437,0.7626123685233104,0
438,0.9863139653968365,0
439,0.8229497032289401,0
440,0.991557456844583,0
441,0.9901006193661025,0
442,0.9904475256473114,1
443,0.8791537293212451,0
444,0.933746123611848,1
445,0.9922562838454287,0
446,0.9999999999975622,1
447,0.947563310376238,0
448,0.8566924759917601,1
449,0.8888656956308876,0
450,0.5545849126493273,1
451,0.9902004853951863,1
452,0.9234689834078212,0
453,0.9350756606089377,0
454,0.9657213044893259,0
455,0.9915888420264686,0
456,0.9995613663038689,1
457,0.582422232598747,0
458,0.9569693265620967,0
459,0.8321299504503984,1
460,0.9718235910668706,0
461,0.9878652037416347,0
462,0.9931709642926646,0
463,0.9997051727923816,1
464,0.5288879676108299,0
465,0.9726689230325387,0
466,0.985078003632444,0
467,0.8371987105894619,0
468,0.6712931650520424,1
469,0.9745643246142407,0
470,0.7642115490249917,0
471,0.8374533919621268,0
472,0.815434367365726,1
473,0.9897410915740885,0
474,1.0,1
475,0.9999999999196991,1
476,0.9739868513361093,1
477,0.7562515499834194,0
478,0.991804686637774,0
479,0.9910560845909195,0
480,0.8686566340985337,1
481,0.9762110754151734,0
482,0.5433308568137017,0
483,0.7741812593332011,1
484,0.9892011647633508,0
485,0.9462281336381622,0
486,0.9745965390526072,0
487,0.9861444432027608,0
488,0.5177024566682941,1
489,0.6536216274629556,0
490,0.9306198817134531,0
491,0.9746187116239587,0
492,0.8304684938931112,0
493,0.9341218133827951,0
494,0.9655603026929623,1
495,0.989458660396277,0
496,0.9454926406601915,0
497,0.9620802147254579,0
498,0.9648380043849442,1
499,0.9618253312951057,0
500,0.9261752738212936,0
501,0.9566884323997938,0
502,0.9801141143005325,0
503,0.9710136261163976,0
504,0.9523953106906786,0
505,0.8552004824545619,1
506,0.9580307571024329,0
507,0.9981524923826783,1
508,0.9878500156204507,0
509,0.9379247986069695,0
510,0.9600144070461185,0
511,0.9291665498714025,0
512,0.8713246884524822,0
513,0.7844146313773421,1
514,0.9999999992642827,1
515,0.8269905102837438,1
516,0.5777356439284281,0
517,0.9874650739075757,0
518,0.8673224570651457,0
519,0.9572059798491983,1
520,0.9886680697021758,0
521,0.9999989286862612,1
522,0.9704602923020998,0
523,0.6945917716827886,0
524,0.8098581288387967,0
525,0.9859786856799263,0
526,0.6762283400645147,0
527,0.97195046450085,0
528,0.9918962264881594,0
529,0.9999968904490071,1
530,0.9555559434861505,0
531,0.5950992876639066,0
532,0.9269429707422803,0
533,0.7232757848063595,0
534,0.9949720963664619,0
535,0.9266608597945659,0
536,0.9564705688669793,0
537,0.9182917395554906,1
538,0.649435539225572,0
539,0.9561912428570543,0
540,0.9892370982649811,0
541,0.9592012585052525,0
542,0.9814846767070153,0
543,0.9626583341989724,0
544,0.994004496663129,0
545,0.9784458173424795,0
546,0.9900204531889158,0
547,0.5210620084295204,0
548,0.9761895150150438,0
549,0.9914825826480214,0
550,0.9742705776726989,0
551,0.9916979582603742,0
552,0.8171912219795927,1
553,0.5334529350113693,0
554,0.9533074788237262,0
555,0.9921962013439994,0
556,0.9811550304626486,0
557,0.9862603573667139,0
558,0.8293102822763696,1
559,0.9677004682384986,0
560,0.7878504364109434,0
561,0.998756352666933,1
562,0.9664288008448451,0
563,0.796317225850016,0
564,0.9350741684743513,1
565,0.9056853886730692,1
566,0.9984800767752968,1
567,0.9999748327441587,1
568,0.9782844279074792,0
569,0.971394356336966,1
570,0.989945811358943,1
571,0.999999999999658,1
572,0.6451474776695304,0
573,0.9678847190440594,0
574,0.9616038239268853,0
575,0.9999998210944787,1
576,0.9106132608526981,0
577,0.9922268195296144,1
578,0.7943227272565485,0
579,1.0,1
580,0.9901259931169458,0
581,0.9911590357362602,1
582,0.959841695254921,0
583,0.9886052853168085,0
584,0.5308300823748009,1
585,0.9473697485565257,0
586,0.8824382037304304,0
587,0.9729595222027652,0
588,0.9674956374387452,0
589,0.9118660353623184,0
590,0.8231022646917056,0
591,0.9124608896973812,0
592,0.992088074782572,0
593,0.974145654784613,0
594,0.9504454754214371,0
595,0.9554706303156886,0
596,0.986544010162794,0
597,0.9999999999991875,1
598,0.5145804665705561,1
599,0.9637529522364932,0
600,0.9999999999999991,1
601,0.9664157260535713,0
602,0.913181972823221,0
603,0.6028055555230407,1
604,0.9915339026785169,1
605,0.7809889738005957,1
606,0.8456827758964751,0
607,0.8086416225843863,0
608,0.9928690188534556,0
609,0.8820540467869213,1
610,0.9826998492478889,0
611,0.9857274228494324,0
612,0.9692297070784037,0
613,0.9432766027290437,0
614,0.874809258850617,0
615,0.9810552907843825,0
616,0.9690214992956661,1
617,0.9116507149978241,0
618,0.8008349828120044,0
619,0.9146431532405405,1
620,0.9987807642180585,1
621,0.9933496780966831,0
622,0.9881196206714234,0
623,0.9088466779371545,0
624,0.988658584158913,0
625,0.9823754149918843,0
626,0.9989163099708273,1
627,0.6356469621573861,0
628,0.6538956755863637,0
629,0.8542435296409425,0
630,0.6422801399056682,1
631,0.9510678550295164,0
632,0.964244336832355,0
633,0.6908271870315422,1
634,0.9817563720505528,0
635,0.728822163823976,0
636,0.972280501627148,0
637,0.8948873036635889,0
638,0.9823638363215842,0
639,0.9922236159028525,1
640,0.7373398099041677,1
641,0.9558473852749754,0
642,0.9716384747732442,0
643,0.93575747061838,0
644,0.5210953115152398,0
645,0.9999773896725891,1
646,0.9766434006540572,0
647,0.9915372292487833,0
648,0.9978113993280874,1
649,0.9402288383061215,0
650,0.8126628351121142,0
651,0.5381449281862721,0
652,0.9558861751831156,0
653,0.9833815756584964,0
654,0.9258322192464344,0
655,0.9889409939265252,0
656,0.9528700656239929,0
657,0.8850969369133211,0
658,0.9842657423950321,0
659,0.9780920955699958,1
660,0.9740658191631048,0
661,0.9999996640002755,1
662,0.9550374373103977,0
663,0.8436644759488394,0
664,0.9721247714246788,1
665,0.9851201766348311,0
666,0.9904129468371289,0
667,0.9775056026198609,0
668,0.8693465265148549,0
669,0.5708131811741005,0
670,0.5772178649524362,0
671,0.9233814524782658,0
672,0.7721521661834406,1
673,0.6580289300271432,0
674,0.8760426167989592,1
675,0.9915331692925683,1
676,0.9999999998974181,1
677,0.7083105173156025,0
678,0.6989706210285579,0
679,0.9099600290452746,0
680,0.9881940631719894,0
681,0.9815903384388296,0
682,0.9846231896947343,1
683,0.5056649053480635,0
684,0.9974158030944605,1
685,0.9855542181796715,0
686,0.8188601495281363,1
687,0.9803368338563789,0
688,0.9283432031187049,1
689,0.9544911997824077,1
690,0.8765717408889165,0
691,0.9870089624140915,1
692,0.6071365992547197,1
693,0.7796604314657244,0
694,0.9893064430139795,0
695,0.9891467586291449,0
696,0.8955664141967593,0
697,0.508992207484587,1
698,0.5279108456652869,1
699,0.9471977697483203,1
700,0.8787962005900161,0
701,0.9107689700712785,0
702,0.8511922389668484,0
703,0.9624822958881518,0
704,0.9999167305054528,1
705,0.7352454058433071,1
706,0.9868037568240702,0
707,0.933068093619673,0
708,0.986917063948772,0
709,0.6082312765969629,0
710,0.5502767145387906,0
711,0.7717368395138128,0
712,0.9862662091597943,1
713,0.9812795806226216,0
714,0.8973399845060464,1
715,0.9847579655668102,0
716,0.5512170964470949,1
717,0.5592853087822979,1
718,0.9251472109636737,0
719,0.9018075240734686,0
720,0.7357278471880092,0
721,0.9545819292280893,1
722,0.9508586634564513,0
723,0.9970922141285025,1
724,0.9501933814013599,0
725,0.9914534681865607,0
726,0.9999779014108834,1
727,0.9879420344798697,0
728,0.6011051010215794,0
729,0.984883230932821,0
730,0.9759468423171889,0
731,0.9999999846526199,1
732,0.9997579058314836,1
733,0.9904126992026442,0
734,0.9588790022880906,0
735,0.9999999999852607,1
736,0.9834909852051176,0
737,0.9615165123001219,0
738,0.9344736940274612,0
739,0.9417497338007219,1
740,0.8175731286461577,0
741,0.997581133182154,1
742,0.89609165248044,0
743,0.7179330408311598,0
744,0.8387557107503476,0
745,0.6472705122409934,1
746,0.9225640831208308,0
747,0.5745008545980027,0
748,0.7862472697528466,0
749,0.9391477806418503,0
750,0.7569885095919293,1
751,0.9842763040349833,0
752,0.9108652170017811,0
753,0.9505362433670805,0
754,0.9999380292922161,1
755,1.0,1
756,0.99993241449313,1
757,0.9875724333084496,0
758,0.9640927538016335,0
759,0.7376168572919126,0
760,0.9782265737195271,0
761,0.742926904046449,0
762,0.9851177019990572,0
763,0.9148486817524102,0
764,0.8333374928760608,0
765,0.9898903819160703,0
766,0.6717696251359622,1
767,0.9805629972648324,0
768,0.9396768689828988,0
769,0.9705583802894396,0
770,1.0,1
771,0.9955232293115291,0
772,0.9999921112274145,1
773,0.9864144834478893,0
774,1.0,1
775,0.7300509473265545,0
776,0.9198088501096991,0
777,0.9394685129581535,0
778,0.7940045352891519,0
779,0.6673187847591593,0
780,0.6797357585608188,0
781,0.6304002648342516,1
782,0.9442667617613647,0
783,0.999999999502815,1
784,0.8963098413696712,0
785,0.9832070034101863,0
786,0.9928690188534556,0
787,0.8399528435558701,1
788,0.9697377643185658,0
789,0.9884750357600007,0
790,0.9462754884472132,0
791,0.8268136091817989,0
792,0.5915236869419251,0
793,0.8987764365454176,0
794,0.9707545090263775,0
795,0.8661254598854972,1
796,0.9922193574299205,0
797,0.9835421082271044,0
798,0.951661650021363,0
799,0.9746196135935999,0
800,0.5753471764104623,1
801,0.869218996154088,1
802,0.8756408757896718,0
803,0.9862335416218486,0
804,0.9761154787307177,0
805,0.9397626452538298,0
806,0.9797041809233139,0
807,0.9999984226240995,1
808,0.9419637094798313,1
809,0.6691763069550056,0
810,0.6813926507005673,0
811,0.7923372025618205,1
812,0.8977891305502028,0
813,0.9065816577741802,0
814,0.6900851144236858,0
815,1.0,1
816,0.7610929296297718,0
817,0.990795628082041,0
818,0.9773369075875725,0
819,0.9578699724486567,0
820,0.9038399944331015,0
821,0.9498124216901992,0
822,0.6493628977766309,1
823,0.9979080376171205,1
824,0.7171620317273955,0
825,0.9575545379675803,0
826,0.5921637777155163,0
827,0.5694251653572215,0
828,0.9997190776401453,1
829,0.9899751609985504,0
830,0.8042408205429592,0
831,0.9997385634489723,1
832,0.999999999995679,1
833,0.6868582754846609,1
834,0.8676025214375159,0
835,0.7042331687897725,1
836,0.5815390442105923,1
837,0.7698934129875843,0
838,0.9311215576395585,0
839,0.9933110777508142,0
840,0.9511844684309851,0
841,0.9910123866367869,0
842,0.8110887764915641,0
843,0.9812199150404226,0
844,0.991952272900863,0
845,0.7435423693457169,0
846,0.999996215303964,1
847,0.9882421257545856,0
848,0.9795075041411935,0
849,0.8710232281665844,0
850,0.9149271806821143,0
851,0.9999937558284072,1
852,0.9999999999999964,1
853,0.8104642416896013,0
854,0.99999985429971,1
855,0.9814885282122683,0
856,0.9926367237539077,0
857,0.7262120784040877,0
858,0.5724748126830987,0
859,0.7445688296427214,0
860,0.9828696618573143,0
861,0.6914263569258717,0
862,0.9999999983661452,1
863,0.9415550178773047,0
864,0.8206984902612501,0
865,0.9690593647739643,0
866,0.7201380773712468,1
867,0.8121133861611889,1
868,0.9886459032728545,0
869,0.9233078003600081,0
870,1.0,1
871,0.7205273727761189,0
872,0.9751847315895588,1
873,0.9077894753739837,1
874,0.9650652873530867,0
875,0.9822125755579971,0
876,0.9605184208262247,0
877,0.5780495139147924,1
878,0.9142629356957128,0
879,0.9645870715805046,0
880,0.9633248736664902,0
881,0.9841203910937228,0
882,0.9798515308541718,0
883,0.9993785767413522,1
884,0.762179717764572,1
885,0.9999995438683985,1
886,0.999920261157809,1
887,0.9592164939712908,0
888,0.7054947995948354,1
889,0.8235496743577364,0
890,1.0,1
891,0.9550292692803299,0
892,0.8495345373256817,0
893,0.9849004333740962,1
894,0.8482724946927284,0
895,0.9183938670839001,1
896,0.9682389885910774,0
897,0.9600607411259293,0
898,0.9893420942717753,0
899,0.9304425356109847,0
900,0.943491379804364,0
901,0.9823914218411774,0
902,0.8287538809041879,0
903,0.9718187514385466,0
904,0.9392623935265979,1
905,0.9413484216019458,0
906,0.9846420522558091,0
907,0.9770487648595682,0
908,0.9503636365410939,0
909,0.5377825541141569,0
910,0.5412630589651167,0
911,0.6052928921589604,1
912,0.9679167240599371,0
913,0.9998413701724617,1
914,0.9614811649928608,0
915,0.9471100574196833,0
916,0.9656266430709759,0
917,0.9310743870408595,0
918,0.9900017322489761,0
919,0.9194051787607028,0
920,0.9787004693751244,0
921,0.939394506677512,0
922,0.9765192848528315,0
923,0.9818967399932964,0
924,0.9828837679611876,0
925,0.6131952050965263,0
926,0.9671441999296714,0
927,0.9594564490664069,0
928,0.9925645553240898,0
929,0.9781449410279992,0
930,0.9907204706144359,0
931,0.5930809231864413,1
932,0.9308350377006265,1
933,0.8982414263912661,1
934,0.9451732104741006,0
935,0.9851593950954126,0
936,0.9895709948421036,0
937,0.8238797064584078,0
938,0.9579540533722325,0
939,0.9498163727185023,1
940,0.9923043775379571,0
941,0.8061444837288626,1
942,0.9824770963996955,0
943,0.5499738220935022,0
944,0.9909698179884857,0
945,0.9560175095971637,0
946,0.904548254237468,0
947,0.9730958088316297,0
948,0.8841559770775642,0
949,0.9360582934419786,1
950,0.9836192769705001,0
951,0.938230073299255,0
952,0.8702048033160132,1
953,0.9640998397121372,0
954,0.6880789365889202,1
955,0.8982925564428702,1
956,0.9751133153326969,0
957,0.9225849633044544,0
958,0.8872058854439278,0
959,0.9150504780857425,1
960,0.7304339278103689,0
961,0.9647529786080892,1
962,0.8175052128130736,0
963,0.9610268212393137,0
964,0.5085923960401514,0
965,0.8239066463992346,0
966,0.725855795423575,0
967,0.9763389372269194,0
968,0.9049093665489754,0
969,0.7564840881305782,0
970,0.8645958594667806,0
971,0.8842618546324266,0
972,0.9343883970200036,0
973,0.9544610979148099,1
974,0.9654991931629832,0
975,0.98364632732709,0
976,0.9649526227214729,0
977,0.9994803902655519,1
978,0.968943341259809,0
979,0.5913302225016461,0
980,0.511885711251367,0
981,0.9802200854694474,0
982,0.9792840650123918,0
983,0.986148974651024,0
984,0.975944660814235,1
985,0.9653498402076179,0
986,0.6103159615126309,0
987,0.5485082861757232,1
988,1.0,1
989,0.9800279220381862,0
990,0.9920678336824292,0
991,0.6607500322467699,0
992,0.9837334935533044,1
993,0.8794817715664145,0
994,1.0,1
995,0.509761738467884,0
996,0.896749547923385,0
997,0.9867765489156421,0
998,0.8977893913137166,1
999,0.986682034198058,0
1000,0.7733635445449535,1
1001,0.5395217020736438,0
1002,0.97907978154485,0
1003,0.9636402830595014,0
1004,0.9999218388026112,1
1005,0.7175204885625897,1
1006,0.9900577993120833,0
1007,0.5651627616965417,0
1008,0.917715377804579,1
1009,0.9797324013151324,0
1010,0.9160462273090622,0
1011,0.8240130748134735,1
1012,0.9881997782746714,0
1013,0.9743856791814327,0
1014,0.9742807066753533,0
1015,0.999800317230596,1
1016,0.9823530321818743,1
1017,0.6016365658621416,0
1018,0.9898782392229315,0
1019,0.993201450483474,1
1020,0.9182548458586609,1
1021,0.9610706177314352,0
1022,0.9849201652863528,0
1023,0.8826707425265924,0
1024,0.9522951077228601,0
1025,0.9862355184737728,0
1026,0.9542506922866556,0
1027,0.9999975600722002,1
1028,0.9075040900686908,0
1029,0.9098537700438154,0
1030,0.6568111246243082,1
1031,0.9766753249457387,1
1032,0.9837276797280587,1
1033,0.8855360681761892,0
1034,0.9162907432520039,0
1035,0.996257295608086,1
1036,0.7449834109399905,1
1037,0.9572978424037188,0
1038,0.9025490458720523,0
1039,0.984659122056169,0
1040,0.6691949464739345,0
1041,0.7624190129840602,0
1042,0.973556173004989,0
1043,0.9811655560209126,0
1044,0.8923061998086247,1
1045,0.6101068509053323,1
1046,0.9462473771223323,0
1047,0.991578836002973,1
1048,0.934166701571654,0
1049,0.9782835060176591,0
1050,0.9288340654306624,0
1051,0.9999534463642271,1
1052,0.918093983811244,0
1053,0.9999224614626169,1
1054,0.9377882598852797,0
1055,0.9980786282039867,1
1056,0.9913533273422662,0
1057,0.8448234303856338,0
1058,0.5997454368698834,0
1059,0.9218828681122037,0
1060,0.9990307398874185,1
1061,0.9317840881906009,0
1062,0.7763217747557207,0
1063,0.9843721441184987,0
1064,0.7148042286326465,0
1065,0.8287396745405791,0
1066,0.9664718797030714,0
1067,0.7642137158095447,0
1068,0.9218784217966257,0
1069,0.5749317128783521,1
1070,0.9922917814800735,0
1071,0.9807180764932194,0
1072,0.949095144835936,0
1073,0.9559319354154424,0
1074,0.5087515745561315,0
1075,0.5586616917361816,1
1076,0.8818817295225455,0
1077,0.9999987882812756,1
1078,0.9497679720810775,0
1079,0.7572056844925542,1
1080,0.9799570778816994,1
1081,0.9999599880425855,1
1082,0.9919545605137479,0
1083,0.8612827244138277,0
1084,0.9916934400098238,0
1085,0.7249435620493018,0
1086,0.8102429977287676,0
1087,0.9418649507710105,1
1088,0.8660633698834381,0
1089,0.5608817842675635,1
1090,0.9999999999993836,1
1091,0.9527203284447701,0
1092,0.6190100416497788,0
1093,0.9861941138912885,0
1094,0.5001975310907059,1
1095,0.7017342003143398,0
1096,0.5672319162978919,0
1097,0.8373150488920222,0
1098,0.9809559072823965,0
1099,0.9580810921085298,0
1100,0.8871096707989523,1
1101,0.9602558857937364,0
1102,0.9197386228170342,0
1103,0.6074845400571566,1
1104,0.98565672267199,0
1105,0.752673448118992,0
1106,0.9748183061797342,0
1107,0.9685073652669707,0
1108,0.9917416951767483,0
1109,0.9026101437997369,1
1110,0.9489659110631963,0
1111,0.8987184131012198,1
1112,0.9920519470444741,0
1113,0.5198245653521363,0
1114,0.7627894146554315,0
1115,0.8964545364597971,0
1116,0.9987103314051523,1
1117,0.999958259286241,1
1118,0.9899522179719664,0
1119,0.9224188744005216,0
1120,0.9919482802320699,0
1121,0.9910650765162635,0
1122,0.9797897035270493,0
1123,0.9923657301009741,0
1124,0.8312902775834057,0
1125,0.6366081709538659,0
1126,0.8800912174751885,0
1127,0.706071963341364,1
1128,0.9995842506131168,1
1129,0.5566192599835567,0
1130,0.9102865099348966,0
1131,0.9266649847814883,1
1132,0.9972277318965654,1
1133,0.7405118202723362,0
1134,0.9526794743531193,0
1135,0.9894952857568287,0
1136,0.9702289549090909,0
1137,0.5160806907891056,1
1138,0.8750157388483744,0
1139,0.5114233438684147,1
1140,0.9741140360808311,0
1141,0.9927037716949461,0
1142,0.9961662419689096,1
1143,0.9808704332190905,0
1144,0.9999999998188243,1
1145,0.9066433643157141,1
1146,0.8545432494202089,0
1147,0.9756045665041724,0
1148,0.9663252232145753,1
1149,0.8590353834371967,1
1150,0.8917498202959367,1
1151,0.9541755450176229,0
1152,0.9753519784823784,1
1153,0.7667195207281661,0
1154,0.7931721292601913,1
1155,0.7920227028277107,0
1156,0.9875875009288387,0
1157,0.9388755587015132,0
1158,0.8399272690512645,0
1159,0.9909265190403427,0
1160,0.8916233104173859,0
1161,0.9631790148786741,0
1162,0.9450479906359037,0
1163,0.988409942526068,0
1164,0.7509397755824696,1
1165,0.9714074903071364,0
1166,0.9958551160648325,1
1167,0.8702660414863388,1
1168,0.6845132545100049,0
1169,0.9707923618573346,0
1170,0.9556017753082287,0
1171,0.9467970165307896,0
1172,0.8491143381761931,0
1173,0.6091963484893098,0
1174,0.8540291921813532,0
1175,0.9870324970940315,0
1176,0.8068403289449207,0
1177,0.9699656180491391,0
1178,0.9525405184450577,1
1179,0.5969481561589765,0
1180,1.0,1
1181,0.9104948833576999,1
1182,0.7931383724775782,1
1183,0.9829732008999466,0
1184,0.8865176738710655,1
1185,0.5199805857114341,0
1186,0.9399657676989018,0
1187,0.5392995195847283,1
1188,0.8724451293598102,1
1189,0.7279070948088145,0
1190,0.9874322463084578,0
1191,0.6513228450550753,0
1192,0.9909532010461539,0
1193,0.6925327519849763,0
1194,0.9872757330802651,0
1195,0.9915158707135149,0
1196,0.9999999993877546,1
1197,0.8824014014340194,0
1198,0.9989651712790764,1
1199,0.9742184077122483,0
1200,0.9745985967363233,1
1201,0.9586267729489103,0
1202,0.6119431025900272,1
1203,0.9879711414617833,0
1204,0.9813913914189643,0
1205,0.9906919470716972,0
1206,0.7681689900282955,0
1207,1.0,1
1208,0.9880416943524901,1
1209,0.9620893779049124,0
1210,0.9999999999998863,1
1211,0.8970263547002786,0
1212,0.5601382296224694,1
1213,0.5617001613314511,1
1214,0.9547069634020209,1
1215,0.9841999967794292,0
1216,0.9858385305663626,0
1217,0.9826749960928166,0
1218,0.8788145316103535,1
1219,0.9903157049097052,0
1220,0.9727838978370316,1
1221,0.9426210167513491,0
1222,0.9640280640912811,1
1223,0.9737353011627013,0
1224,0.9750809244161666,0
1225,0.9288415596331095,1
1226,0.9999998874583157,1
1227,0.9734992213458409,1
1228,0.9832050555765527,0
1229,0.9485477845359253,0
1230,0.9986244146807697,1
1231,0.9742644557244022,0
1232,0.966794724785686,1
1233,0.9701620883462498,0
1234,0.8920483943414949,0
1235,0.6509215345900097,1
1236,0.9295284652245008,1
1237,0.977572320405917,0
1238,0.9928811837904915,0
1239,0.9911644246890845,0
1240,0.9538872532105281,0
1241,0.9959470282209474,1
1242,0.9839478038459354,0
1243,0.9992840525637229,1
1244,0.9811405682040553,1
1245,0.8143296507440887,0
1246,0.964357439731652,0
1247,0.9534965441034255,0
1248,0.9453013564743774,0
1249,0.9070343716518801,1
1250,0.9999999999999902,1
1251,0.6622534533546501,1
1252,0.9851645417227776,1
1253,0.9882831833037248,0
1254,0.9818056075826279,0
1255,0.7283548766293269,0
1256,0.8541542145157022,0
1257,0.9718882462965964,0
1258,0.9774037998523951,0
1259,0.9752645163168108,0
1260,0.9822596622295969,0
1261,0.9848713526743667,0
1262,0.7937011986733168,1
1263,0.9921720935506124,0
1264,0.9793306092301555,0
1265,0.5176844210778861,1
1266,0.999882095412496,1
1267,0.9975295781758292,1
1268,0.5156275568724821,1
1269,0.6602066267453701,1
1270,0.8736097068204463,0
1271,0.972345727987884,0
1272,0.9894455871388136,0
1273,0.9917560759585794,1
1274,0.9803849669370985,0
1275,0.7900561942173582,1
1276,1.0,1
1277,0.6273994559218592,1
1278,0.9229682621700275,0
1279,0.9976522545380707,1
1280,0.9519423267510165,1
1281,0.987571415252029,0
1282,0.5734298343430994,1
1283,0.5408134966622995,1
1284,0.9855797239253123,0
1285,0.7052320569654832,0
1286,0.9711475490363851,0
1287,0.9999559863006959,1
1288,0.6718612940002836,0
1289,0.9996607624923801,1
1290,0.9945766349523024,1
1291,0.9968969449221428,1
1292,0.9919168777823242,0
1293,0.8592824651969382,1
1294,0.9502101376468141,0
1295,0.6971042559162383,0
1296,0.9695480387406378,0
1297,0.8694262824239364,0
1298,0.9776635922790637,0
1299,0.999994332885675,1
1300,0.7086279605779552,1
1301,0.8723796001448266,0
1302,0.9891371391103995,0
1303,0.985435449817646,0
1304,0.9893363751922166,0
1305,0.926125315437495,0
1306,0.9999999983175405,1
1307,0.9759806127334822,0
1308,0.9671496011561791,0
1309,0.8137138688084953,0
1310,0.6286358323367629,1
1311,0.8027924148667531,1
1312,0.999943535656961,1
1313,0.9654248616238875,0
1314,0.9999999999972187,1
1315,0.9846902443703718,1
1316,0.999536495156018,1
1317,0.9894169891137543,1
1318,0.9916140388666229,0
1319,0.6869613442838297,0
1320,0.9999996245769162,1
1321,0.8954649663682692,1
1322,0.9016609057519755,0
1323,0.978563964291854,0
1324,0.9423269975993006,1
1325,0.9835103958986017,0
1326,0.9999997531168997,1
1327,0.8303098935910014,0
1328,0.94733933211352,0
1329,0.9901524731826792,0
1330,0.8986038582336551,0
1331,0.957676410268958,0
1332,0.9757252111611012,0
1333,0.9463300368224971,1
1334,0.9566429060774673,0
1335,0.9005607942466524,0
1336,0.9999736713775238,1
1337,0.9647051168802717,0
1338,0.9340793942817537,0
1339,0.5736881260633484,1
1340,0.6463351388296501,1
1341,0.9839430935664186,0
1342,0.9961807557391162,1
1343,0.9835706305616233,0
1344,0.5084666717147746,1
1345,0.9727516818741654,0
1346,0.7701675244395912,0
1347,0.9999822232779638,1
1348,0.9769649710161479,0
1349,0.9686926895026067,0
1350,0.7963262327529306,1
1351,0.6947888677141989,0
1352,0.9584029974407502,0
1353,0.9565643465050648,0
1354,0.5265760227449569,1
1355,0.9745575237063863,0
1356,0.9768165412998595,0
1357,0.7043164557206755,1
1358,0.9905895867605449,0
1359,0.9461077678051987,0
1360,0.7970728868063874,0
1361,0.9771978238608531,0
1362,0.9759701674706024,0
1363,0.9999999999991549,1
1364,0.9680673998790513,0
1365,0.9900308141373467,0
1366,0.9949103595881389,1
1367,0.9969420216129915,1
1368,0.999953932511315,1
1369,0.5890419435081821,1
1370,0.720673185770724,0
1371,0.9841931335926536,0
1372,0.9765445231479113,0
1373,0.8558599421989335,0
1374,0.9813764233681983,0
1375,0.918876284709636,0
1376,0.9596090813519035,0
1377,0.9550536136206836,0
1378,0.992791687476372,0
1379,0.8494366172650826,0
1380,0.7586101205206318,0
1381,0.9801392158050869,0
1382,0.98859877664873,0
1383,0.9639787491310806,0
1384,0.9838403417184133,0
1385,0.9989642141689291,1
1386,0.993407510343167,0
1387,0.9879596918454875,0
1388,0.9979771569540132,1
1389,0.9999998828803929,1
1390,0.9004115362758403,1
1391,0.796169451356584,0
1392,0.9780141114967176,0
1393,0.963908329305062,0
1394,0.9709899605027994,0
1395,0.963925225380518,0
1396,0.7289476213037593,0
1397,0.9867481511700146,1
1398,0.9999999999033198,1
1399,0.9746927726951823,0
1400,0.990306441600408,0
1401,0.9879605174215503,0
1402,0.8900361199993606,0
1403,0.8829419198268088,0
1404,0.9829500762795358,0
1405,0.9389021090509482,0
1406,0.9999996571251578,1
1407,0.5538231130962757,1
1408,0.7278301804626013,0
1409,0.9762237630277262,0
1410,0.9871899910541921,0
1411,0.6044747937890832,0
1412,0.9724292294882084,0
1413,0.988505004831634,0
1414,0.9999996214179019,1
1415,0.6768665128170213,1
1416,0.9999738482384276,1
1417,0.9852748646408203,0
1418,0.9537257147396964,0
1419,0.536109279783449,0
1420,0.9909698179884857,0
1421,0.9999998738896214,1
1422,0.9596305951483287,0
1423,0.9911977778971243,0
1424,0.9817916993702721,0
1425,0.7985104825630653,1
1426,0.996311995747862,1
1427,0.9999970048803307,1
1428,0.8420585709513541,0
1429,0.6121221711325632,1
1430,0.9995200406405046,1
1431,0.9886724872426123,0
1432,0.9763157729815009,0
1433,0.9054091267590682,0
1434,0.9875389558891778,0
1435,0.559782283234875,0
1436,0.9830904894544152,0
1437,0.971049504227868,0
1438,0.9387666683496693,0
1439,0.9791947939437072,0
1440,0.9830644756815567,0
1441,0.9999999855989038,1
1442,1.0,1
1443,0.9333525079984675,0
1444,0.989078697265097,0
1445,0.7804915517316383,0
1446,0.977853877390255,0
1447,0.5243266375093493,1
1448,0.9712452705132075,0
1449,0.6052326021347356,1
1450,0.8030111234515567,0
1451,0.9458353451817577,1
1452,0.7778937458500758,1
1453,0.9873875592076582,0
1454,0.9203403512022408,0
1455,0.9999823017525383,1
1456,0.9470844719775856,0
1457,0.8435780961469143,0
1458,0.8001308720949252,1
1459,0.9401544295557049,0
1460,1.0,1
1461,0.97294565650979,0
1462,0.9998143781865111,1
1463,0.981987071020195,0
1464,0.6396730515743562,0
1465,0.9539333746691179,0
1466,0.9999997323639783,1
1467,0.9016315785753236,0
1468,0.752197169228228,0
1469,0.9923031588806225,0
1470,0.9441436925457537,0
1471,0.955413874523175,0
1472,0.9635067199715317,0
1473,0.9206751894466345,0
1474,0.9096061517488543,0
1475,0.9718483915280638,0
1476,0.8570628819732531,0
1477,0.8763531982624233,0
1478,0.6896430781985434,1
1479,0.9927616697055823,0
1480,0.9645819335582683,0
1481,0.9797367345150232,0
1482,0.6165006146518172,0
1483,0.9881928927824578,0
1484,0.9399912442645647,0
1485,0.9800130309437872,0
1486,0.9205830091314576,0
1487,0.9622003476293322,0
1488,0.8921412549418598,0
1489,0.9764326956541018,0
1490,0.9757998602359128,1
1491,0.9094663432863711,1
1492,0.9808173239486524,0
1493,0.8714007796498072,0
1494,0.8464309450858498,1
1495,0.9956668524905832,1
1496,0.9919168777823242,0
1497,0.9892358848721516,0
1498,0.9897276730727409,0
1499,0.8641884107752661,1
1500,0.5934147900956083,1
1501,0.9976331392861024,1
1502,0.743595804077606,1
1503,0.9782460246343967,0
1504,0.9059911048015227,0
1505,0.9735098023792967,0
1506,0.7946792083561867,1
1507,0.9810826683599788,0
1508,0.6999915833246217,1
1509,0.9999999999999918,1
1510,0.7716288380606258,0
1511,0.966502179693174,0
1512,0.7472472026452974,0
1513,0.9042923385966386,0
1514,0.8455871290824403,1
1515,0.9887911469011611,0
1516,0.6787664092680814,0
1517,0.8340879444421866,0
1518,0.9999999999999822,1
1519,0.866921614730805,1
1520,0.9120338709645837,0
1521,0.7964872856097551,0
1522,0.991804686637774,0
1523,0.9610094035479675,0
1524,0.7527944773453046,1
1525,0.9385583367157823,0
1526,0.9781509679185346,0
1527,0.9146277264943894,0
1528,0.9999999999999956,1
1529,0.8340972336503686,0
1530,0.9941282715688443,1
1531,0.9619365258601734,0
1532,0.912858970557507,1
1533,0.8934122789719239,0
1534,0.8743345618900514,0
1535,0.9484223268007032,0
1536,0.8843172227360115,0
1537,0.973023263474199,0
1538,0.937500703345682,0
1539,0.9494991287065564,0
1540,0.9862790133239161,0
1541,0.8669640510466089,0
1542,0.9815708778820226,0
1543,0.9973365889621431,1
1544,0.9998605706272372,1
1545,0.6602047544239876,0
1546,0.9750513060414754,0
1547,0.7046444167613084,0
1548,0.8370257336115946,0
1549,0.8928243506652028,0
1550,0.5188301821557447,0
1551,0.5244142085874731,1
1552,0.9999999993782929,1
1553,0.9940179229646523,0
1554,0.5313636900576072,0
1555,0.8996947903467786,0
1556,0.5096590857929888,0
1557,0.9797904274858878,0
1558,0.9997861826500732,1
1559,0.9148285185653124,0
1560,0.566251972239461,1
1561,0.938517404776386,0
1562,0.5910283876693343,1
1563,0.9560392988924816,0
1564,0.9866442594532642,1
1565,0.9993900841999751,1
1566,0.9923385206365315,1
1567,0.5934398088540237,0
1568,0.870621705810996,0
1569,0.9300902259028578,0
1570,0.8698594677564508,0
1571,0.992253971949622,1
1572,0.999999999499126,1
1573,0.9425429801529112,0
1574,0.8148330850742481,1
1575,0.9999999999776399,1
1576,0.7617527476703492,0
1577,0.9352735815090413,0
1578,0.9390262774343765,0
1579,0.7557240551036949,1
1580,0.7606160401099005,1
1581,0.8892112156634668,0
1582,1.0,1
1583,0.9999999417776414,1
1584,0.9627426538025927,0
1585,0.9539008402220007,1
1586,0.9999999991118771,1
1587,0.9955232293115291,0
1588,0.9281770490673903,0
1589,0.959188138195109,0
1590,0.9999999815587999,1
1591,0.68882803050356,0
1592,0.9909074625506135,0
1593,0.9861951145559297,0
1594,0.9896715914170465,0
1595,0.9998952626392386,1
1596,0.9434827662138769,0
1597,0.9687342228539275,0
1598,0.7108421937294446,0
1599,0.9653537594720418,1
1600,0.7601081452534004,1
1601,0.9999334144911641,1
1602,0.9418919510849055,0
1603,0.7246875874156709,0
1604,0.9796921320577148,0
1605,0.7986892117366522,0
1606,0.9999999999893294,1
1607,0.9851239254149098,0
1608,0.9909824805003548,0
1609,0.9891524680964573,0
1610,0.9999680961528149,1
1611,0.9593820923798132,0
1612,0.9999999999720717,1
1613,0.9999848075148214,1
1614,0.9872821404630524,0
1615,0.8519199087536833,0
1616,0.9392687257524573,0
1617,0.6734103040563759,0
1618,0.8953005697122731,0
1619,0.9653370869330222,0
1620,0.9999999952753786,1
1621,0.9845507912660264,0
1622,0.9292630215420109,0
1623,0.5313596683648676,0
1624,0.7906976552828829,0
1625,0.9936218253069663,0
1626,0.9999998772758638,1
1627,0.9999999999988249,1
1628,0.9815063141462941,0
1629,0.9920019998800068,0
1630,0.6869899570331764,0
1631,0.9524887082506819,0
1632,0.9911663562717555,0
1633,0.9922028203869809,0
1634,0.9648820509998715,0
1635,0.9870710284078505,0
1636,0.933792398566,0
1637,0.8752262090827733,0
1638,0.6822921463667373,0
1639,0.9828140155898224,0
1640,0.7971334800108207,0
1641,0.5273995771859749,1
1642,0.9704397891443969,0
1643,0.7396324885771014,0
1644,0.5449329367156676,1
1645,0.7012766511690735,1
1646,0.9569265655432125,0
1647,0.5818744743364391,0
1648,0.9279284596585093,0
1649,0.9186960714523416,0
1650,0.9920652794480147,1
1651,0.9998645504848278,1
1652,0.9822068813831347,0
1653,0.9870406805019264,0
1654,0.9440109119816643,0
1655,0.9985510931412963,1
1656,0.9494654427720086,0
1657,0.9999999882887046,1
1658,0.8795543699949356,0
1659,0.7407782404545722,0
1660,0.9700715047759939,0
1661,0.9546940404697732,0
1662,0.999999999981398,1
1663,0.9675541474567753,0
1664,0.8496292788590396,1
1665,0.6410028272931518,0
1666,0.9880772862581977,0
1667,0.9999565537291892,1
1668,0.9865930121461991,0
1669,0.8692079106566651,0
1670,0.9442508609117537,0
1671,0.9922974416632482,0
1672,0.6912364566559495,1
1673,0.9999671612308996,1
1674,0.658815952034785,0
1675,0.961293356905288,0
1676,0.8123134324468391,1
1677,0.8275398946073927,0
1678,0.8865773706707814,0
1679,0.9494844441857498,1
1680,0.8879848230528078,0
1681,0.9798749762997775,0
1682,0.8770348260302129,1
1683,0.9879247180248406,0
1684,0.6310354418062069,1
1685,0.9291368582253724,0
1686,0.9688847722907783,0
1687,0.6714321038826768,0
1688,0.9520461156864973,0
1689,0.9699024723399491,0
1690,0.5663730172247368,0
1691,0.9943143820052993,1
1692,0.9878937279339912,0
1693,0.9399328390369318,0
1694,0.9961540099939221,1
1695,0.9852399495826881,0
1696,0.9998840678172515,1
1697,0.9856013463129221,1
1698,0.6418987773516677,0
1699,0.9206294430393157,0
1700,0.9889822478099188,0
1701,0.9903030896723074,0
1702,0.6333122888565961,0
1703,0.9444011495771922,0
1704,0.9745310695792696,0
1705,0.9320578519545292,1
1706,0.9999856321128046,1
1707,0.976841942975598,0
1708,0.7460397213560134,0
1709,0.9999744516327017,1
1710,0.83095013188154,1
1711,0.9841768173291484,0
1712,0.9341171063241133,0
1713,0.604912247550997,1
1714,0.9993102584281237,1
1715,0.904629031889013,0
1716,0.8637745494777294,1
1717,0.8615675279411186,0
1718,0.9760916527355055,0
1719,0.9277744756287158,0
1720,0.9052912941462914,0
1721,0.9796611277487901,0
1722,0.9781131791182888,0
1723,1.0,1
1724,0.9625280543416298,0
1725,0.9878803566777039,0
1726,0.9689901964704085,0
1727,0.9100308601975012,0
1728,0.9721478946361769,0
1729,0.9638499433675822,0
1730,0.9999999940032804,1
1731,0.9261900953600691,0
1732,0.9648178340135607,0
1733,0.991792131662904,0
1734,0.9414155940086051,0
1735,0.9730638661208183,0
1736,0.9715160498227694,0
1737,0.8583247764776155,0
1738,0.9704502759758594,0
1739,0.9480015776014732,0
1740,0.9999834502339828,1
1741,0.8101443591820486,0
1742,0.8826779556168561,0
1743,0.9940548031689234,1
1744,0.9772860370321425,0
1745,0.9192314735704914,0
1746,0.904851355370376,0
1747,1.0,1
1748,0.9999989424319368,1
1749,0.8653707006573418,0
1750,0.9804810093366146,0
1751,0.9721135007404795,1
1752,0.9546052267221511,0
1753,0.7808045867637572,1
1754,0.9057537980491948,0
1755,0.9999997002854645,1
1756,0.8778030537651819,0
1757,0.6131231122079075,0
1758,0.9782123900166135,0
1759,0.5841257396078092,0
1760,0.5642386117795306,0
1761,0.9712547113985015,0
1762,0.6321434076871811,0
1763,0.990441777370805,0
1764,0.934022653716224,0
1765,0.9646311468218708,0
1766,0.9544024130362699,0
1767,0.9965037474368369,1
1768,0.9455035888777295,0
1769,0.9528453915917278,0
1770,0.9991145904228161,1
1771,0.9553805540171485,0
1772,0.9741718160777132,0
1773,0.9253161780506783,0
1774,0.9818721662503915,0
1775,0.6656787924065523,0
1776,0.8056273095566314,1
1777,0.885373942286949,1
1778,0.9259208689296571,0
1779,0.7849901896510805,0
1780,0.9999999999994014,1
1781,0.7347233069072998,0
1782,0.8314064282552205,0
1783,0.9979239895481546,1
1784,0.9999861429128187,1
1785,0.6317253532097892,1
1786,0.9764675835240809,0
1787,0.9794521090303133,0
1788,0.9230692629141666,1
1789,0.9750693555386972,1
1790,0.9788616323060154,0
1791,0.9844057477602742,0
1792,0.8720522166829557,0
1793,0.9555941847504108,0
1794,0.9520595715122564,0
1795,0.9373328791323817,0
1796,0.9079463863611803,0
1797,0.9953968868708221,0
1798,0.9614447757460134,0
1799,0.9197837960859709,0
1800,0.991640841064958,0
1801,0.9477078144498975,0
1802,0.6358300127866439,1
1803,0.877139165808264,1
1804,0.9932281255496512,0
1805,0.999999999999976,1
1806,0.8194271070155595,0
1807,0.9408099155486596,0
1808,0.9991858794202257,1
1809,0.9695204029677043,1
1810,0.9771888032309415,0
1811,0.7714719678320777,1
1812,0.9563826125746971,0
1813,0.9049634741630305,0
1814,0.9802896038889607,0
1815,0.9999852971355211,1
1816,0.9854299836428515,0
1817,0.9675583855803208,0
1818,0.9402101174304843,0
1819,0.9613191280528025,0
1820,0.7359017540742785,1
1821,0.991804686637774,0
1822,0.8534992457072982,0
1823,0.9728009949393773,1
1824,0.9925290443296797,0
1825,0.9053386931656455,1
1826,0.9886306578236299,0
1827,0.9804951253431311,0
1828,0.9733813451105072,0
1829,0.7920844864111537,0
1830,0.9525006447927694,0
1831,0.5101413189703072,0
1832,0.9774663640992689,0
1833,0.9908876272458299,0
1834,0.9629051462309642,0
1835,0.5921872403463734,1
1836,0.823169161126564,0
1837,0.9999999867539522,1
1838,0.7005422598465701,1
1839,0.6839185943268167,1
1840,0.8752744914070683,0
1841,0.981014817587892,0
1842,0.6287455579666384,0
1843,0.5496145014876278,0
1844,0.9367088493232364,0
1845,0.9999999940709452,1
1846,0.987230814749026,1
1847,0.9411852567719405,0
1848,0.9942229281764176,0
1849,0.9949436152491727,1
1850,0.9716000611876647,0
1851,0.99713046187224,1
1852,0.9893170803038758,0
1853,0.9856607064550521,0
1854,0.9886190005406325,0
1855,0.88656586409471,0
1856,0.9706653394079646,0
1857,0.7271327234823098,0
1858,0.6474734455737058,1
1859,0.9201368738311351,1
1860,0.9788364722118855,0
1861,0.9878604191644318,1
1862,0.7678856660292134,0
1863,0.7870260831250863,0
1864,0.836367569065176,0
1865,0.9999999995777447,1
1866,0.997450603229198,1
1867,0.9998283320181738,1
1868,0.9999998567689441,1
1869,0.999110490003723,1
1870,0.7491178029717209,1
1871,0.9864095125042428,0
1872,0.813004722785805,0
1873,0.9999999999908606,1
1874,0.9621850951842494,0
1875,0.7405662282563664,0
1876,0.5763471360060334,1
1877,0.9218761291673494,0
1878,0.8671912636027591,0
1879,0.5527207757280772,1
1880,0.999999564523053,1
1881,0.8876010709664042,0
1882,0.5936395595821515,0
1883,0.9701214061398331,1
1884,0.9924506278451796,0
1885,0.9839710630267274,0
1886,0.8151331700019809,1
1887,0.9769175946304073,0
1888,0.986847681748656,0
1889,0.7076508849210263,0
1890,0.7715721552517317,0
1891,0.9149813098929043,0
1892,0.9828440673080252,0
1893,0.7285643386122924,1
1894,0.9899212536027598,0
1895,0.9663117408692552,0
1896,0.9512993254253367,1
1897,0.5352713212274309,0
1898,0.9922562838454287,0
1899,0.8122721718947372,0
1900,0.9752161791014643,0
1901,0.9848347666171806,1
1902,0.9753440565003033,0
1903,0.9907980142311215,0
1904,0.9562949854988674,0
1905,0.9904031196527752,0
1906,0.9838492022407581,0
1907,0.7192922451570146,1
1908,0.9469206972529197,1
1909,0.9695787054801711,1
1910,0.8730279152878595,1
1911,0.514816315352048,0
1912,0.9407421080774584,0
1913,0.999999981688965,1
1914,0.9594032458415714,0
1915,0.8079527384463439,0
1916,0.9721474372016382,0
1917,0.999032194886358,1
1918,0.9794497899086478,0
1919,0.9812174489609093,0
1920,0.9663981686490698,0
1921,0.9999999999993101,1
1922,0.9828440673080252,0
1923,0.9894966399012967,0
1924,0.9205424111733488,0
1925,0.9875777789980322,0
1926,0.9884216407253142,0
1927,0.9459068246444364,1
1928,0.9998981751128236,1
1929,0.9910053771120682,0
1930,0.8486743322867258,1
1931,0.5217773662438395,0
1932,0.9869739200144356,0
1933,0.8797054806752973,0
1934,0.9712524241538069,0
1935,0.9520743523711291,0
1936,0.9531141177931475,0
1937,0.8793919574293125,1
1938,0.9999989109262425,1
1939,0.6050243972829598,1
1940,0.9668746047932244,0
1941,0.9842160900640005,0
1942,0.7051580925854799,0
1943,0.9419794660135189,0
1944,0.7267638813623236,0
1945,0.9999997003026736,1
1946,0.9751389429875069,0
1947,0.9992409125006372,1
1948,0.8432819980925162,0
1949,0.9731388825843784,0
1950,0.9537574723899067,1
1951,0.9747432756766666,0
1952,0.999987513936636,1
1953,0.7484649045932322,0
1954,0.9308664774073634,0
1955,0.9205846177566458,1
1956,0.9999550922723314,1
1957,0.6033708966723523,1
1958,0.9356761160664959,0
1959,0.9880811151908501,0
1960,0.9799613096860975,0
1961,0.9996204735600492,1
1962,0.5208725129053725,1
1963,0.9839218385525001,0
1964,0.8553509031282179,1
1965,0.9932514159393739,0
1966,0.9829130435262106,0
1967,0.677636026242924,0
1968,0.9008454679417246,0
1969,0.9992464081844002,1
1970,0.9828681276170994,0
1971,0.9466979705033196,1
1972,0.9999999998244467,1
1973,0.9762675312701714,0
1974,0.9233736967441978,0
1975,0.9849394560889632,0
1976,0.9773717182182006,0
1977,0.5672016311672478,1
1978,0.9654088588802631,0
1979,0.9549206816908553,0
1980,0.8911806499315397,0
1981,0.9999943777608716,1
1982,0.6948418493782267,0
1983,0.9440928444472579,0
1984,0.5175730486123656,1
1985,0.9972780330227561,1
1986,0.8320417025739463,0
1987,0.986545489450322,0
1988,0.7059679145016712,1
1989,0.9320380600275439,0
1990,0.9384298290110736,1
1991,0.9999610669665884,1
1992,0.9595486590985256,0
1993,0.970271395844982,1
1994,0.9819312212319726,0
1995,0.8831278487388652,0
1996,0.8174622922423997,0
1997,0.7182461756052372,0
1998,0.9534203132353475,0
1999,0.9387314186457116,0
2000,0.8325972733762901,1
2001,0.9999999999998908,1
2002,0.71122541642367,0
2003,0.8439248190805341,0
2004,0.9715594719622761,0
2005,0.9999655606776022,1
2006,0.9775930470980997,0
2007,0.985684488656323,0
2008,0.9911667208716869,0
2009,0.99999999080731,1
2010,0.9999971994028546,1
2011,0.8147585197232484,1
2012,0.863382893518015,0
2013,0.93967903982746,0
2014,0.8588846304459122,0
2015,0.972111533240455,0
2016,0.9674461001632935,0
2017,0.5386865836568184,0
2018,0.8881353171769505,0
2019,0.9974660868934481,1
2020,0.984238606903732,0
2021,0.8783031391430324,0
2022,0.89583586607844,0
2023,0.9671378479865113,0
2024,0.9484976975201528,0
2025,0.8498165381072783,0
2026,0.6176185411742614,1
2027,0.5562141265015259,1
2028,0.7105507340439126,0
2029,0.9406356999855634,1
2030,0.988820235790069,0
2031,0.6582270332083516,0
2032,0.9991522777240329,1
2033,0.846535703945177,0
2034,0.8164885443165055,0
2035,0.9312158195498884,0
2036,0.9899013403793646,0
2037,0.9603869002818962,0
2038,0.9986015180287474,1
2039,0.5883159383571505,1
2040,0.9998320510364844,1
2041,0.9996453578857555,1
2042,0.5495338827957116,0
2043,0.92717594110797,0
2044,0.9871809235610622,0
2045,0.9835892765128587,1
2046,0.9998001741810034,1
2047,0.9869546358668478,0
2048,0.999999979543553,1
2049,0.9683122326312649,0
2050,0.9865490212679272,0
2051,0.99221713823156,0
2052,0.7282538572076136,1
2053,0.989824243573013,0
2054,0.9840654267532616,0
2055,0.9999999244458591,1
2056,0.9575213132676561,0
2057,0.9139975732959061,0
2058,0.9357825619171843,0
2059,0.8254793227391956,1
2060,0.9199724927260088,0
2061,0.9995648200462006,1
2062,0.5358745618181092,0
2063,0.935856792963902,0
2064,0.9752575557183574,0
2065,0.6144976822792172,0
2066,0.9996055920102406,1
2067,0.9891748057264241,0
2068,0.9805222999111118,1
2069,0.98905771128536,0
2070,0.9124351571094409,0
2071,0.9021272227983078,0
2072,0.9850370361691793,0
2073,0.9922014201413746,0
2074,0.9888133169364316,0
2075,0.6046896125448551,1
2076,0.971991191729484,0
2077,0.9196467493240491,0
2078,0.6784228684639069,1
2079,0.9273817341610435,0
2080,0.9697138643374004,0
2081,0.991804686637774,0
2082,0.970563507959651,0
2083,0.5373432592245593,0
2084,0.9999969674267976,1
2085,1.0,1
2086,0.9683514015277638,0
2087,0.8956492377572839,0
2088,0.9477809231075607,1
2089,0.9922562838454287,0
2090,0.9911777209128932,0
2091,0.9760467288288137,0
2092,0.6027847272200747,1
2093,0.9999999999998272,1
2094,0.9863954707685046,0
2095,0.9227048838681188,0
2096,0.7268824731326202,0
2097,0.9888657233486776,0
2098,0.9783350288660249,0
2099,0.9999997789883022,1
2100,0.9994272299993776,1
2101,0.9999976375400392,1
2102,0.9117820564100222,1
2103,0.800524994300853,0
2104,0.6340055787964168,1
2105,0.9146953448776491,0
2106,1.0,1
2107,0.524379860662924,1
2108,0.9768281152520482,0
2109,0.5373839330758949,0
2110,0.9890706992577797,0
2111,0.9962552878699559,1
2112,0.9852850468354379,0
2113,0.9329195568170576,0
2114,0.9912831916637211,0
2115,0.983249678346097,0
2116,0.6040333360870996,1
2117,0.9837607739306219,0
2118,0.8909138155410881,0
2119,0.5814723247850863,1
2120,0.9864366620442142,0
2121,0.9537921847758244,0
2122,0.9999999999998486,1
2123,0.5893468826897343,1
2124,0.9996112971231248,1
2125,0.940835884756271,0
2126,0.9735971527423384,0
2127,0.5537969866569933,0
2128,0.9901743625113523,0
2129,0.918423965497462,0
2130,0.9999490414434962,1
2131,0.966898337284388,1
2132,0.994029711862064,0
2133,0.8112895384047327,0
2134,0.9456165562555481,0
2135,0.9905252295699991,0
2136,0.7987507966653686,0
2137,0.9977733750399607,1
2138,0.5984318898632384,0
2139,0.9937369068600763,1
2140,0.8936993108529409,0
2141,0.6302545493103354,1
2142,0.9875749259228936,0
2143,0.5108054603021922,1
2144,0.5054877280307942,1
2145,0.991613175030812,0
2146,0.8441433316731306,0
2147,0.990633519431942,0
2148,0.9900852881512594,0
2149,0.9923081887907355,0
2150,0.9999999999747298,1
2151,0.7733223052822201,0
2152,0.9518165492887026,0
2153,0.9862395578856399,0
2154,0.8559373060710375,0
2155,0.9999955769642775,1
2156,0.9820693214269788,0
2157,0.9801109413079343,0
2158,0.7642871332866733,0
2159,0.9996218978030138,1
2160,0.9600168633423155,1
2161,0.9841320745822671,0
2162,0.9922383262217239,0
2163,0.9902331474446726,0
2164,0.6212540820579086,1
2165,0.9909033131522933,0
2166,0.6099940929610512,0
2167,0.9423463022638742,0
2168,1.0,1
2169,0.9240478560060564,0
2170,0.5699535228164962,1
2171,0.9999999999617957,1
2172,0.990659019072329,0
2173,0.9893640421619804,0
2174,0.9812292658033162,0
2175,0.9768189038943736,0
2176,0.9871271602204796,0
2177,0.8785718409738714,0
2178,0.9991354907671995,1
2179,0.9494084435703946,0
2180,0.7148672202167986,0
2181,0.9394926507657408,0
2182,0.5031479629083959,1
2183,0.7950936208937269,0
2184,0.7742777430000484,1
2185,0.945933581034081,0
2186,0.9853071244645124,0
2187,0.9485944037547958,1
2188,0.6055868453125458,0
2189,0.7668129125152838,1
2190,0.7284384132042349,1
2191,0.8862868232560029,1
2192,0.766198606411288,0
2193,0.9839315936346364,0
2194,0.9907390904504468,0
2195,0.9958269165660593,1
2196,0.7696656864165526,0
2197,0.9084709502443645,0
2198,0.7882866496252717,0
2199,0.9463202461304662,0
2200,0.7985981859828443,1
2201,0.9342376545813775,0
2202,0.6023600250065763,1
2203,0.8474758981919917,0
2204,0.9557586816879836,0
2205,0.9845060603649024,1
2206,0.9133293861774566,0
2207,0.8507591376198445,0
2208,0.9166570114526763,0
2209,0.9999579134636276,1
2210,0.8962946350565666,0
2211,0.970469818330427,0
2212,0.9993210426475614,1
2213,0.9749696359142218,0
2214,0.9241386753326147,1
2215,0.9877525343696709,0
2216,0.9999999999998233,1
2217,0.7880421414710114,1
2218,0.7290164937607473,0
2219,0.8381830042515074,0
2220,0.9863690695753433,0
2221,0.9966109836231252,1
2222,0.7644278427475558,0
2223,0.9746298817205866,0
2224,0.8762551958515808,0
2225,0.9425290871323732,0
2226,0.9934224391727206,1
2227,0.9109325856381953,0
2228,0.9999998049183312,1
2229,0.9816533744273928,0
2230,0.9789149562918233,0
2231,0.7721753353824129,0
2232,0.9694422761261966,0
2233,1.0,1
2234,0.9803617765348721,0
2235,0.8911040728184365,0
2236,0.9898384559850399,0
2237,0.8818031543155039,1
2238,0.9999999999999938,1
2239,0.9999999996978692,1
2240,0.9900536106600346,0
2241,0.9904269642806205,0
2242,0.9640361317393822,0
2243,0.9993881868782738,1
2244,0.8579713306631455,0
2245,0.8094282943404276,1
2246,0.9894099824930236,0
2247,0.9402951932031026,0
2248,0.9313785351962628,0
2249,0.8310445561660474,0
2250,0.5759203197711901,0
2251,0.7584697912077385,1
2252,0.6493721814286386,1
2253,0.9999569795933915,1
2254,0.7548410537839101,0
2255,0.8823776145678047,1
2256,0.8159977261554411,1
2257,0.9753101649619167,0
2258,0.9878937279339912,0
2259,0.9476311464920613,0
2260,0.9896723575528173,0
2261,0.6491538860389017,1
2262,0.9804738952511657,0
2263,0.6356705130227702,0
2264,0.9902552476765252,0
2265,0.9201794180444459,1
2266,0.9281804633284191,0
2267,0.8299195240211514,0
2268,0.9913613895027195,1
2269,0.9416590578640457,0
2270,0.8346689777209397,0
2271,0.9893048355839937,0
2272,0.8513819958854139,1
2273,0.5587111694777449,0
2274,0.965154867601014,0
2275,0.9624091055501135,0
2276,0.8626710792727288,0
2277,0.8772353644661649,0
2278,0.9675026775466046,0
2279,0.5761842966099218,0
2280,0.8610836122259113,0
2281,0.9869078747323875,0
2282,0.9947069404413488,0
2283,0.9888915045316146,0
2284,0.9701829145928362,0
2285,0.9999999918148887,1
2286,0.9909033606584421,0
2287,0.8690027385413691,0
2288,0.9983006954537212,1
2289,0.9823976569736838,1
2290,0.7569116779525772,1
2291,0.9893113259467244,0
2292,0.9874643034893431,0
2293,0.8352632183659421,0
2294,0.9957383155024803,1
2295,0.9539545660003432,0
2296,0.9999984247834333,1
2297,0.8392364920239738,1
2298,0.6547952329688719,1
2299,0.9650885745217643,0
2300,0.985670181191074,0
2301,0.9750977409082474,0
2302,0.9258620156892368,0
2303,0.9807951014701602,0
2304,0.9896677190912189,0
2305,0.6873412299953447,1
2306,0.8574834272461263,0
2307,0.9805444196652251,1
2308,0.737280833290397,1
2309,0.9914140957822681,0
2310,0.9797797260125154,0
2311,0.953847338229067,0
2312,0.5146700771605359,1
2313,0.7697716005248844,0
2314,0.9885910803454846,1
2315,0.9922600859699557,0
2316,0.9797853248027699,0
2317,0.9923584812561737,1
2318,0.9993382483381574,1
2319,0.9871570632029036,0
2320,0.6317946501474714,0
2321,0.9356458244841188,0
2322,0.9331905234575435,0
2323,0.5029917761273976,0
2324,0.9932289927993244,1
2325,0.9771231354591288,0
2326,0.913687110761311,1
2327,0.9999999805133151,1
2328,0.69995054336496,1
2329,0.8755341995456456,0
2330,0.9838492022407581,0
2331,0.9093915698667931,0
2332,0.9999999851083762,1
2333,0.9650743601617399,0
2334,0.9386053841590565,0
2335,0.8642192207998399,1
2336,0.9628196320410904,0
2337,0.9836464116742084,0
2338,0.991792131662904,0
2339,0.8932385669498053,0
2340,0.9930051946548459,0
2341,0.9923581050519374,0
2342,0.8164317063673852,0
2343,0.9603414535921728,0
2344,0.7479003791867126,0
2345,0.9383604843220283,0
2346,0.8764190831965937,0
2347,0.9728075486483927,0
2348,0.9859062382945597,0
2349,0.9835855766007948,0
2350,0.8513991333144177,0
2351,0.9854512939395871,0
2352,0.9856907250483786,0
2353,0.9781316710585001,0
2354,0.995373264641417,0
2355,0.6235323420138429,1
2356,0.984737291662166,1
2357,0.999862841228778,1
2358,0.9787965638724065,0
2359,0.9875831830476821,0
2360,0.9939069975387238,0
2361,0.8806861809003228,0
2362,0.7588947230256979,0
2363,0.9776589595511085,0
2364,0.9946338798525942,1
2365,0.9999892365578208,1
2366,0.9998720029873686,1
2367,0.9832713284649146,0
2368,0.661910126646778,1
2369,0.989745087764018,1
2370,0.6135259209127858,0
2371,0.9896397875678785,0
2372,0.9999982802460406,1
2373,0.7844372352655886,1
2374,0.93583095737584,1
2375,0.9487356580200956,1
2376,0.9765282926210735,0
2377,0.5850945076240994,1
2378,0.8935115807232814,0
2379,0.9470835596200349,0
2380,0.9286016397948392,0
2381,0.9091626447713766,0
2382,0.9107595297926752,0
2383,0.8400843697150323,0
2384,0.6794282734059766,0
2385,0.8249810614431607,0
2386,0.8774145981601371,0
2387,0.9513913592032781,0
2388,0.9447368187262926,0
2389,0.9861956777916652,0
2390,0.5914490785552035,0
2391,0.9848570607719138,0
2392,0.9291967768270787,0
2393,0.9804277142200667,0
2394,0.9570568392964861,0
2395,0.9999955445335367,1
2396,0.9995414362112989,1
2397,0.9605621393283786,0
2398,0.5047841175336742,1
2399,0.987780870089312,0
2400,0.9880497766724431,0
2401,0.999372148608963,1
2402,0.9623881251015863,1
2403,0.9451851139917188,0
2404,0.995764228565669,1
2405,0.9318971572387447,0
2406,0.9200891461105216,0
2407,0.6088628010891884,0
2408,0.9858214330249757,0
2409,0.9885243637116292,0
2410,0.520263692374733,1
2411,0.9999945549159047,1
2412,0.990137443996952,0
2413,0.5178694214859748,1
2414,0.9783869424682733,0
2415,0.7096832507548727,0
2416,0.9799229765318436,0
2417,0.9587693277614033,0
2418,0.9087642989347237,0
2419,0.5670883551331728,1
2420,0.9787164918070419,0
2421,0.9879479374508362,0
2422,0.974729884275728,0
2423,0.9999918732387654,1
2424,0.5841533002426025,1
2425,0.9596561120799152,0
2426,0.985139898167862,1
2427,0.967123151527482,0
2428,0.8679434378842038,1
2429,0.9956923252398869,1
2430,0.7265866584063292,1
2431,0.983233032928698,0
2432,0.965454223765701,0
2433,0.503239908659216,0
2434,0.9884096641533331,0
2435,0.9632929172287096,0
2436,0.9044510481161034,0
2437,0.9463201873884932,0
2438,0.7723537529751966,0
2439,0.9887331024715603,0
2440,0.5224363837134807,1
2441,0.9819114991370492,0
2442,0.9608100282058025,1
2443,0.9923738299222311,0
2444,0.9754928438604679,0
2445,0.6561050117138972,0
2446,0.5924785214914347,0
2447,0.9913000003548862,0
2448,0.8790582385086623,0
2449,0.7103096295983193,0
2450,0.9607379706203061,0
2451,0.8948633622972519,0
2452,0.6613038374532098,0
2453,0.839844595353483,1
2454,0.5196054215721877,0
2455,0.9234701099756744,0
2456,0.9999946972615087,1
2457,0.9897579706143679,1
2458,0.9712601628648658,0
2459,0.6224134379569153,0
2460,0.9342732923736801,0
2461,0.9734157609029506,0
2462,0.8475392631229942,1
2463,0.5885729202785832,0
2464,0.777041824671265,1
2465,0.9653616926428114,0
2466,0.962883626083977,0
2467,0.9426734692599993,0
2468,0.5567592398379239,0
2469,0.9075754448913547,1
2470,0.9585101321647155,0
2471,0.8366109532525783,0
2472,0.9861302757378425,0
2473,0.898288163358093,0
2474,0.9225414250881625,1
2475,0.9315948504736197,0
2476,0.9998020999503489,1
2477,0.9999981994977358,1
2478,0.8905154137868615,0
2479,0.9118751927036811,0
2480,0.7675148040735772,0
2481,0.5855430654321585,1
2482,0.987974035692044,1
2483,0.7590375414797351,0
2484,0.9999992477689118,1
2485,0.9946636815950463,0
2486,0.8398187326811394,1
2487,0.9129132921228658,0
2488,0.9227718228088058,0
2489,0.9894187515116113,0
2490,0.9690262712741171,0
2491,0.8970993980637931,0
2492,0.8808467241507097,0
2493,0.9399712410117255,1
2494,0.9513244581301868,0
2495,0.9801269832459251,0
2496,0.7187223209895284,0
2497,0.6677042732516195,0
2498,0.6898757618315786,1
2499,0.5977770916338311,1
2500,0.9065726373273357,0
2501,0.9892953302103678,0
2502,0.9211602421739093,0
2503,0.9813965363289848,0
2504,0.5144704742918508,1
2505,0.9572673036393918,0
2506,0.6791941825538749,0
2507,0.9972745136991994,1
2508,0.9782296858573881,0
2509,0.9467042242274201,0
2510,0.9922562838454287,0
2511,0.9717941781622529,0
2512,0.9999998503781209,1
2513,0.8598527448534526,0
2514,0.9936373430152267,0
2515,0.9941407917050072,1
2516,0.944738202220507,1
2517,0.9792354528764943,0
2518,0.987396438176938,0
2519,0.9380280422474848,0
2520,0.9699061090258262,0
2521,0.8528029598988681,0
2522,0.9845397697790116,0
2523,0.9949663977215414,0
2524,0.9871894189438822,0
2525,0.9999638367952546,1
2526,0.7989637849629353,1
2527,0.8582582491277049,0
2528,0.8530885500933912,0
2529,0.9876911984439006,0
2530,0.5425942495522498,1
2531,0.9876885364652965,0
2532,0.943334064767131,1
2533,0.9674285187828422,1
2534,0.9411597317096726,0
2535,0.9398902736154621,0
2536,0.6935237673141351,1
2537,0.8499543654045327,0
2538,0.9343450400334432,1
2539,0.8382720014389635,0
2540,0.8700722154001562,0
2541,0.5125723405248136,1
2542,0.8829072552400741,1
2543,0.8003454959292273,0
2544,0.9778826969970176,0
2545,0.863000713612302,0
2546,0.9048581905101333,0
2547,0.6562514587484318,0
2548,0.8451641093568535,0
2549,0.9598734833633537,0
2550,0.9999581025042258,1
2551,0.5833795255561506,1
2552,0.9669446150045925,0
2553,0.720305360694911,0
2554,0.6300508085324408,1
2555,0.9078839136706434,0
2556,0.6660436834092929,0
2557,0.6221358452327234,1
2558,0.9552679475856467,0
2559,0.7300730972619638,0
2560,0.9929585634179792,0
2561,0.9718723853876187,0
2562,0.6457724697768417,0
2563,0.784505005743238,0
2564,0.6795096297908966,0
2565,0.9997303845741432,1
2566,0.9511553374791588,0
2567,0.9806103597987861,0
2568,0.9999999999999956,1
2569,0.7548664967688608,1
2570,0.9727367052850159,0
2571,0.9918192869669196,1
2572,0.5943064867813339,0
2573,0.9901985382844485,0
2574,0.9401320471343064,0
2575,0.9531988565082352,0
2576,0.9794441866716054,1
2577,0.9723287202143853,0
2578,0.9999999535547233,1
2579,0.6689815248214237,0
2580,0.9792688960199037,0
2581,0.9699057779808437,0
2582,0.8451177229564804,0
2583,0.9905973782420819,0
2584,0.9702295379373526,0
2585,0.7024218744380822,0
2586,0.971445214809618,1
2587,0.8383973421552997,0
2588,0.9657256445501564,0
2589,0.826997623335106,0
2590,0.8939595850398306,0
2591,0.9364985714267963,0
2592,0.9083771939968464,0
2593,0.9494924381325816,0
2594,0.9906987085070211,0
2595,0.5459454707515287,1
2596,0.7642105624736962,1
2597,0.9733198482225321,0
2598,0.9663891669321135,0
2599,0.9892738875940728,0
2600,0.9924748828581085,0
2601,0.6922162229200277,0
2602,0.9999122616385909,1
2603,0.902295275574984,1
2604,0.9685523668182393,0
2605,0.5110593123337663,0
2606,0.7010900530499149,0
2607,0.9655141179791505,0
2608,0.7094706375717398,1
2609,0.889546990745771,0
2610,0.9989956226693713,1
2611,0.9951832874509999,1
2612,0.8826757479984354,0
2613,0.9065117730969868,0
2614,0.9991556480734651,1
2615,0.9298989761533049,0
2616,0.9492031777578429,0
2617,0.9874903490280277,0
2618,0.5943540037611031,0
2619,0.9502251442910816,0
2620,0.9921676715760974,1
2621,0.9920061924921999,0
2622,0.9999906256332945,1
2623,0.6498677408109858,1
2624,0.9835300907541953,0
2625,0.5586257253735333,0
2626,0.861315790196075,1
2627,0.9797798929852053,0
2628,0.975769808654535,0
2629,0.6397477043529409,1
2630,0.8997539845049863,0
2631,0.84498298698492,0
2632,0.8672167251626312,1
2633,0.9962838734510646,1
2634,0.9411973514568724,0
2635,0.8945354310442414,0
2636,0.9798615941746712,0
2637,0.9876716025945548,0
2638,0.5009609749336117,0
2639,0.9814399286302163,0
2640,0.8582830547113979,0
2641,0.9837148102180843,0
2642,0.6150405035446895,1
2643,0.7165284543494009,0
2644,0.9310100750572055,0
2645,0.9999999971973601,1
2646,0.9335248358311474,0
2647,0.9101543274616819,1
2648,0.9867850719538842,0
2649,0.9990472920891598,1
2650,0.9958504766703948,1
2651,0.8286946738423177,1
2652,0.961980568961304,0
2653,0.7756956519979232,0
2654,0.997172745713387,1
2655,0.8386411729998571,0
2656,0.9999993825748088,1
2657,0.9001306755995719,1
2658,0.5876476492685615,1
2659,0.7677959909134843,0
2660,0.5483050000390377,1
2661,0.9719603388107358,0
2662,0.9722981752331128,0
2663,0.7376558766994191,1
2664,0.561169572662723,1
2665,0.9202035999861828,0
2666,0.923766622216521,0
2667,0.9934811441446865,0
2668,0.9123144243563409,0
2669,0.999961172478478,1
2670,0.547478632569316,0
2671,0.9768601147698002,0
2672,0.989267373801969,0
2673,0.7674474257005575,0
2674,0.9920931471897633,0
2675,0.9157370940292133,0
2676,0.9062078232839177,1
2677,0.9943400313808517,1
2678,0.5465112354198067,1
2679,0.8985858007366779,1
2680,0.9769795299167815,0
2681,0.9804297927356552,0
2682,0.6075796280853457,0
2683,0.5675612807882604,0
2684,0.5954828635002335,1
2685,0.9754754890203152,0
2686,0.9532426117969105,0
2687,0.7251276467967884,0
2688,0.5731740671689514,0
2689,0.9721755016609815,0
2690,0.9782991992516825,0
2691,0.950706630769115,0
2692,0.8238710601233981,0
2693,0.9567234511614902,0
2694,0.8080528521311614,0
2695,0.9480013153390912,0
2696,0.929115707114397,0
2697,0.9326903852883424,0
2698,0.6206196498799528,1
2699,0.6725174182438286,1
2700,0.5229447523397158,0
2701,0.9226633307659453,0
2702,0.9739393976573938,0
2703,0.9019625779985623,1
2704,0.5674618135001055,0
2705,0.9797938365624141,0
2706,0.8747584118561159,0
2707,0.8831621023334487,0
2708,0.9573222101783313,0
2709,0.8939736650848732,0
2710,0.8688928183292837,0
2711,0.9892634483997687,0
2712,0.6104221473198023,1
2713,0.9821723580495046,0
2714,0.9584734479294295,0
2715,0.9648302812353781,0
2716,0.8794791929995444,1
2717,0.9458023731318015,0
2718,0.9931709642926646,0
2719,0.9214234028143726,0
2720,0.7577111098505499,1
2721,0.6417695879567809,0
2722,0.9209873041354748,1
2723,0.9941150816335982,1
2724,0.931542631954722,0
2725,0.9899153477962488,0
2726,0.9616304025107368,0
2727,0.6878781760988167,1
2728,0.9654618314628157,0
2729,0.7187098110292203,0
2730,1.0,1
2731,0.9827497053013791,0
2732,0.7062393529822927,0
2733,0.6798164838243902,1
2734,0.9867338657257595,0
2735,0.6423994766089555,1
2736,0.9998510128570097,1
2737,0.9339393976056366,0
2738,0.7651784072533884,0
2739,0.956893776131625,0
2740,0.9323167597613223,0
2741,0.9109858614207171,0
2742,0.6414570150983355,0
2743,0.9157521565814611,0
2744,0.7350152089232451,1
2745,0.7124533510496699,0
2746,0.9918744181602362,0
2747,0.9969156349527778,1
2748,0.9913127411967311,0
2749,0.9318780244009839,0
2750,0.840727472644755,0
2751,0.9846220206884227,0
2752,0.5834397989638076,0
2753,0.9160665871223732,0
2754,0.6373747622598998,1
2755,0.821963467757628,1
2756,0.9999999994459261,1
2757,0.9829412762077635,0
2758,0.8370715772377725,1
2759,0.9999479165973822,1
2760,0.8017959854766977,0
2761,0.9727801984074952,0
2762,0.5683941092595123,0
2763,0.8778312688186225,0
2764,0.8663694189023093,0
2765,0.9587094400679257,0
2766,0.9493617238587729,0
2767,0.9506091255335487,0
2768,0.9999019294305388,1
2769,0.976436078319498,0
2770,0.999969707792452,1
2771,0.9999934966271213,1
2772,0.948718624091303,0
2773,0.8352530358257453,0
2774,0.9866621454617259,0
2775,0.774650360039367,0
2776,0.9819431984429803,0
2777,0.9290587352294668,0
2778,0.9999999796027164,1
2779,0.9856219620021627,0
2780,0.9891176755872008,0
2781,0.9897695594872371,0
2782,0.9250125724678868,0
2783,0.9505880555975629,1
2784,0.962301895137633,0
2785,0.9995476037915345,1
2786,0.6268298026424943,0
2787,0.9924092210777075,0
2788,0.7945108595011431,0
2789,0.9781782914245546,0
2790,0.8335099829523016,1
2791,0.9742886267030786,0
2792,0.535242380255246,0
2793,0.8586349749439577,0
2794,0.9569866099689324,0
2795,0.9920975526381527,0
2796,0.9157155681259739,0
2797,0.9932429286373856,0
2798,0.9775236243156298,0
2799,0.9676592725734302,0
2800,0.9980403936623183,1
2801,0.8013212582612439,1
2802,0.9620786520001527,0
2803,0.9999825897578235,1
2804,0.9996314099318772,1
2805,0.932154668321461,0
2806,0.9696648281573301,0
2807,0.8325619542585024,0
2808,0.8572940674248768,0
2809,0.9666431916816716,0
2810,0.931207186356789,0
2811,0.8253658187522497,0
2812,0.9865721295312646,0
2813,0.5642629894676964,1
2814,0.9752145560387445,0
2815,0.9999999924292526,1
2816,0.6600508753315927,0
2817,0.8432903982091486,0
2818,0.9848025978986551,0
2819,0.5308275732551473,1
2820,0.9864559202606521,0
2821,0.9771321661999107,0
2822,0.9734229528770032,0
2823,0.5893492289929964,1
2824,0.9406524995809229,1
2825,0.7978204514130274,0
2826,0.9924376499038465,1
2827,0.983785952971403,0
2828,0.9348960030367064,1
2829,0.9889116793566294,0
2830,0.9257038557866656,0
2831,0.7182761272267731,1
2832,0.9999999993606967,1
2833,0.9769643060859838,0
2834,0.8899640869247751,0
2835,0.9211411530895811,0
2836,0.6032090675848958,0
2837,0.9262864174822476,0
2838,0.782905398690456,0
2839,0.9991863860410806,1
2840,0.9201766188905294,0
2841,0.86106084814205,0
2842,0.9576466538045924,0
2843,0.9099975542004305,1
2844,0.9886518056786257,0
2845,0.8718221777185953,1
2846,0.9999625142453152,1
2847,0.9173861111960385,0
2848,0.9923169365298319,0
2849,0.6400599792809085,1
2850,0.8462846838225739,0
2851,0.999999999999678,1
2852,0.8867116117951368,0
2853,0.9902135495688296,0
2854,0.9638411075825175,0
2855,0.9999999999914841,1
2856,0.982634330072619,0
2857,0.9796764708704044,0
2858,0.9999999999666498,1
2859,0.9653458970852559,0
2860,0.9875222032687029,0
2861,0.5704996712632363,1
2862,0.991804686637774,0
2863,0.9960318349310014,1
2864,0.9851169549635787,0
2865,0.986862796974995,0
2866,0.5928790764475421,1
2867,0.9742778018805559,0
2868,1.0,1
2869,0.7146142112688602,1
2870,0.9091965955984248,0
2871,0.9892861059932931,0
2872,0.9999999999917244,1
2873,0.8998548238414427,1
2874,0.9999566038237978,1
2875,0.9821463239820704,0
2876,0.9829580776358694,0
2877,0.9741977949154387,0
2878,0.5647552441318724,0
2879,0.9465239499365875,0
2880,0.8721146205768324,0
2881,0.880684525352993,0
2882,0.987255942221703,0
2883,0.9908111404087498,0
2884,0.9883194125436702,0
2885,0.9471469006864155,0
2886,0.97097996261517,0
2887,0.9810544904806761,0
2888,0.9327395843732571,0
2889,0.7531274517432428,0
2890,0.9868421356228001,0
2891,0.7998535164177719,0
2892,0.982514554561651,1
2893,0.9528856548299144,0
2894,0.7095167949910636,0
2895,0.9824563145639289,0
2896,0.9764459343197399,0
2897,0.9354833862298293,0
2898,0.9033489680429481,0
2899,0.8431626186089933,1
2900,0.5079238711477616,1
2901,0.8548806952320556,0
2902,0.9308908617239552,0
2903,0.9059123872583795,0
2904,0.6185442225115425,1
2905,0.9594880382390041,1
2906,0.9812509796791556,0
2907,0.9697722991387504,0
2908,0.9782948642564336,0
2909,0.9937037671470776,0
2910,0.8635735270354647,1
2911,0.850904739469052,1
2912,0.9707233392087159,0
2913,0.9999999999931379,1
2914,0.9995471476855443,1
2915,0.8784578129719993,0
2916,0.848099991596737,1
2917,0.9980585294660422,1
2918,0.7928356522389508,0
2919,0.8410176991652916,0
2920,0.8563244122396887,1
2921,0.9999343121017755,1
2922,0.9999998601116702,1
2923,0.8812014276302631,0
2924,0.7478920994814193,0
2925,0.565500380121594,0
2926,0.8654453688298791,1
2927,0.6673672165667718,1
2928,0.9449985710167859,1
2929,0.9900659018152036,1
2930,0.7018661477929659,1
2931,0.7437079115239036,0
2932,1.0,1
2933,0.9833787407411273,0
2934,0.9998802743751759,1
2935,0.9999277466653862,1
2936,0.8099493464663478,0
2937,0.9634596377910487,0
2938,0.986029674859958,0
2939,0.9999999987282358,1
2940,0.595277452414932,0
2941,0.9998205680990755,1
2942,0.6618488120425595,0
2943,0.9984064743500813,1
2944,0.9394449042618757,0
2945,0.8451282435037395,0
2946,0.9680265622341401,0
2947,0.7532833141832336,0
2948,0.709683981193871,0
2949,0.569465695699104,1
2950,0.9898655265784047,0
2951,0.9857138875850624,0
2952,0.9995972036165812,1
2953,0.9476786776055116,0
2954,0.9742465457190866,0
2955,0.7020214937751117,0
2956,0.9089650982977084,0
2957,0.9999774414170532,1
2958,0.8834507968365882,0
2959,0.9920203598437198,0
2960,0.9984608511760998,1
2961,1.0,1
2962,0.9676769226510555,0
2963,0.999999999959142,1
2964,0.9785378704577914,0
2965,0.912303369208141,1
2966,0.9999998259950864,1
2967,0.9999874358149395,1
2968,0.9823911616763599,0
2969,0.9150131866405624,0
2970,0.8150130674989776,1
2971,0.8723986542181937,0
2972,0.9903132136119063,0
2973,0.9999999747305005,1
2974,0.7927176156447989,1
2975,0.9899920835691869,0
2976,0.9999999999995368,1
2977,0.7867595008937228,1
2978,0.9077814217798483,0
2979,0.9746382391002685,0
2980,0.9228032137564465,0
2981,0.9883168712301205,0
2982,0.5591246383039159,0
2983,0.9815111557420011,0
2984,0.9862821091883668,0
2985,0.9911022561030856,0
2986,0.86843035617558,0
2987,1.0,1
2988,0.9990325890032529,1
2989,0.9737518585738897,0
2990,0.9692357902863082,0
2991,0.8346889243502307,1
2992,0.9861338024152212,0
2993,0.9852482150484742,0
2994,0.9911235375328312,0
2995,0.9917087804518386,0
2996,0.9863954093507067,0
2997,0.6938463035603514,0
2998,0.977816841918178,0
2999,0.9528547183912129,0
3000,0.9893623358098365,0
3001,0.9780700671073822,0
3002,0.9931709642926646,0
3003,0.949881830474101,1
3004,0.974934211983791,0
3005,0.9826165311990847,0
3006,0.9866938849867833,0
3007,0.9621853062380349,0
3008,0.720683909649297,0
3009,0.6597582346061664,1
3010,0.9927909935996669,1
3011,0.9922412421544643,0
3012,0.8757824344531009,0
3013,0.8591708828574276,0
3014,0.5923175857430919,1
3015,0.991804686637774,0
3016,0.9984179649907561,1
3017,0.7979233563565861,1
3018,0.9612584231459238,0
3019,0.8977955920927235,0
3020,0.9841841120584489,0
3021,0.9937668259839538,1
3022,0.9800087144905792,0
3023,0.9885498586028603,0
3024,0.9835134425626878,0
3025,0.5711904635622758,0
3026,0.9938759814348935,0
3027,0.9656787093901156,0
3028,0.9898086837112654,0
3029,0.8006655647728392,0
3030,0.5788787358883964,1
3031,0.860617046834303,0
3032,0.989523743353314,1
3033,0.8133153137026333,0
3034,0.8752966290587393,0
3035,0.9335913358418042,0
3036,0.9476522214581834,1
3037,0.9837243926903401,0
3038,0.9295896785517678,0
3039,0.7166053742273232,0
3040,0.999994274688298,1
3041,0.9787290070959708,0
3042,0.9126010724241503,0
3043,0.8216172325790871,1
3044,0.9901951500967534,0
3045,0.9746596266049053,0
3046,0.7538833336641404,0
3047,0.5406022950015392,0
3048,0.9506651127764814,0
3049,0.9932641188034836,0
3050,0.9692544506092406,0
3051,0.678234887639228,0
3052,0.9557642418074576,0
3053,0.6599499373669339,1
3054,0.9903695344951553,0
3055,0.9925910311314297,0
3056,0.8746521563430972,0
3057,0.9999913271348518,1
3058,0.844056442739562,0
3059,0.6129637453022775,0
3060,0.9334693091036407,0
3061,0.9756617688834934,0
3062,0.991606950937804,0
3063,0.9922562838454287,0
3064,0.9832921406470507,0
3065,0.9178599424794334,1
3066,0.808900668947353,0
3067,0.9623076278025307,1
3068,0.9730252860023809,0
3069,0.9750388269661552,0
3070,0.9499008087217401,0
3071,0.984955709313251,0
3072,0.9186810906970463,1
3073,0.5855430654321585,1
3074,0.9576250607894715,1
3075,0.7356011268477917,0
3076,0.5957831445312036,1
3077,0.8266027401019399,0
3078,0.9862272274725717,0
3079,0.9814487869520945,0
3080,0.939631367860269,0
3081,0.998995839925071,1
3082,0.9257420569096486,0
3083,0.9658323360465803,0
3084,0.982604044334563,0
3085,0.616654996036116,0
3086,0.9665889687558207,1
3087,0.9635996250629392,0
3088,0.9722700142933792,0
3089,0.9469079199701574,0
3090,0.9349607988982572,0
3091,0.9468505079017688,0
3092,0.9715286395642239,0
3093,0.8571359146101095,0
3094,0.803486070930121,1
3095,0.8376596661565759,1
3096,0.9877937910448733,1
3097,0.9982817942727842,1
3098,0.9825830395071007,0
3099,0.7397212212482559,0
3100,0.8812193111448109,0
3101,0.6588136980596612,0
3102,0.9278627179001229,0
3103,0.9791031709123423,0
3104,0.9891563782215707,0
3105,0.9670461305552924,0
3106,0.990721402015382,0
3107,0.871426855520445,0
3108,0.9993117056407423,1
3109,0.8577756319162961,0
3110,0.9733389412855026,0
3111,0.991792131662904,0
3112,0.7238263065831958,0
3113,0.9928690188534556,0
3114,0.9999999999988278,1
3115,0.9919617047811116,0
3116,0.7593557603258592,0
3117,0.9999982848927447,1
3118,0.9999960698722862,1
3119,0.9999729448153084,1
3120,0.9831991099552505,0
3121,0.999838450164252,1
3122,0.9604548696236904,0
3123,0.986447856714266,0
3124,0.977907897762131,0
3125,0.9990005750432321,1
3126,0.9921374857490876,0
3127,0.9628766567536379,0
3128,0.9195066417492188,0
3129,0.973545416646409,0
3130,0.9909222374080167,0
3131,0.9281678664406712,0
3132,0.9931712155683132,0
3133,0.9999999952332279,1
3134,0.5015015097617102,1
3135,0.9778052982408132,0
3136,0.9862408101249723,0
3137,0.9901163331659725,0
3138,0.9999883297654757,1
3139,0.6961115231522095,0
3140,0.8399513812027649,0
3141,0.5578505356129656,0
3142,0.8980807062157067,0
3143,0.7986355774406628,0
3144,0.5880565864000664,0
3145,0.9820792852274568,1
3146,0.6545792624469666,0
3147,0.9790106945906533,1
3148,0.9862495401835403,0
3149,0.5062620273421146,0
3150,0.7283975693605268,0
3151,0.7144152214480592,1
3152,0.9400234478984232,0
3153,0.9326833412506774,0
3154,0.7785206031620029,0
3155,0.5706735589239105,0
3156,0.9745715915802601,0
3157,0.9999999990910675,1
3158,0.6798882903280035,1
3159,0.5480388988252822,1
3160,0.9646662723503083,0
3161,0.7774634292762814,0
3162,0.9086955802084914,0
3163,0.9812807208095788,0
3164,0.8969407538250916,1
3165,0.7858807811559817,0
3166,0.9999999574181064,1
3167,0.7532000738320392,0
3168,0.6172798213509681,0
3169,0.9281239787994556,1
3170,0.7254306405049866,1
3171,0.8627438321863954,0
3172,0.98826501954271,0
3173,0.9644494480232847,0
3174,0.9915116824151078,0
3175,0.9783401940359142,1
3176,0.9850211968668102,1
3177,0.960293413246737,1
3178,0.9976318921346494,1
3179,0.9770125956902646,0
3180,0.8845489630755007,1
3181,0.9923081887907355,0
3182,0.9992029808047449,1
3183,0.5985466863313744,0
3184,0.9507969616894164,0
3185,0.9698760802519298,0
3186,0.9051668224099023,0
3187,0.9717475752078488,0
3188,0.8329055416375719,0
3189,0.6577860399969393,0
3190,0.9998501661339625,1
3191,0.9501637998326304,1
3192,0.8118139227274367,1
3193,0.9930411471514025,0
3194,0.9233117540651375,0
3195,0.9145070807258252,0
3196,0.9881124355059232,0
3197,0.9999999988623105,1
3198,0.9693291039261281,0
3199,0.992536348432379,0
3200,0.9936814735868067,0
3201,0.7223937036209658,1
3202,0.7249574836003402,0
3203,0.9850848298863591,0
3204,0.9637400609800864,0
3205,0.9324055804822414,0
3206,0.8301779905638281,1
3207,0.9915097452485151,0
3208,0.9854532767187225,0
3209,0.9860057170551506,0
3210,0.9225685417301035,0
3211,0.7065374600619555,0
3212,0.9999999999791094,1
3213,0.9281721933712105,0
3214,0.96168569626156,0
3215,0.9512925853248414,1
3216,0.8804707035950466,0
3217,0.7182443368782743,1
3218,0.9935771875778608,0
3219,0.9910094770448571,0
3220,0.554657880266507,1
3221,0.8111558371631657,1
3222,0.9494826191011073,0
3223,0.9492384374956072,0
3224,0.9462068596645915,0
3225,0.5929039562226724,0
3226,0.9811944968257332,0
3227,0.9999595725571176,1
3228,0.9800910885157036,0
3229,0.999999999999994,1
3230,0.7988444898584688,0
3231,0.9056405017085986,0
3232,0.9894496871637773,0
3233,0.991792131662904,0
3234,0.9078543547124704,0
3235,0.9454760751014553,1
3236,0.6836264783236379,0
3237,0.9526323955264026,1
3238,0.9939490835507085,1
3239,0.9922451296435072,1
3240,0.891810246534319,0
3241,0.9909932290717495,0
3242,0.94066742773392,0
3243,0.9863105345236961,0
3244,0.9947290367371262,1
3245,0.9480687586667095,0
3246,0.8266852037314609,0
3247,0.9993425688891491,1
3248,0.8392681631979885,0
3249,0.918039467857545,0
3250,0.999306592383209,1
3251,0.9906919470716972,0
3252,0.8989569969413994,0
3253,0.5027199378917855,1
3254,0.9601820363664229,1
3255,0.6591094471011325,0
3256,0.9701533520831085,0
3257,0.9647051849285974,0
3258,0.9999974714219061,1
3259,0.890466021816937,0
3260,1.0,1
3261,0.8979509697912753,1
3262,0.9654248616238875,0
3263,0.7190298816628963,0
3264,0.924980534603879,0
3265,0.5548781907435275,1
3266,0.9908215593911869,0
3267,0.9817143213259046,0
3268,0.9848629761886395,0
3269,0.9982104784441223,1
3270,0.9915004635521084,1
3271,0.9570647231040474,0
3272,0.9460840821557499,0
3273,0.6416401169865454,1
3274,0.8548439751344428,0
3275,0.9597928539017101,1
3276,0.999948246217867,1
3277,0.9999995612255939,1
3278,0.9304391602660717,0
3279,0.7043725835473,1
3280,0.9888604948819444,0
3281,0.9800358354352882,0
3282,0.812576322666196,1
3283,0.9989546302228683,1
3284,0.9450616315189069,0
3285,0.9815455965138206,0
3286,0.843682353382025,0
3287,0.9930412546633409,0
3288,0.9606685426761951,0
3289,0.9588092118155467,0
3290,0.866827745263073,0
3291,0.9660268555215193,1
3292,0.7172109137195872,0
3293,0.9727568060782567,0
3294,0.5258490784091774,0
3295,0.9771617640171743,0
3296,0.9396371445322881,0
3297,0.9669810527174357,0
3298,0.9876964133357162,0
3299,0.9748164629838522,0
3300,0.8871345488748367,0
3301,0.9919032022795292,0
3302,0.803608212623362,0
3303,0.9507094744398863,0
3304,0.8407510334304498,0
3305,0.579647626130336,1
3306,0.9846775926527386,0
3307,0.8072823795572935,0
3308,0.7442273012393807,0
3309,0.9328148857959937,0
3310,0.9919626337008685,0
3311,0.8131357260089792,0
3312,0.9813903453115241,1
3313,0.8836223367924521,0
3314,0.9684974601364679,0
3315,0.8424387347650218,0
3316,0.6489923579161812,0
3317,0.9999398765047781,1
3318,0.9978706416756912,1
3319,0.9999997174982708,1
3320,0.9886230012705006,0
3321,0.5832035747288834,1
3322,0.8930126493022456,1
3323,0.9396565793627364,0
3324,0.7869123124712739,0
3325,0.9819740293441412,0
3326,0.9985613594651687,1
3327,0.9778413224821282,0
3328,0.9908111556905513,0
3329,0.9679837128326225,0
3330,0.9821911254183194,0
3331,0.5704705935368926,1
3332,0.7861800656968578,0
3333,0.9550550120989063,1
3334,0.867542170101744,1
3335,0.8314996591933157,1
3336,0.9999164444670181,1
3337,0.9536039519149615,0
3338,0.8955603804911415,0
3339,0.809150847413636,0
3340,0.9904549811942913,0
3341,0.6915423581004607,0
3342,0.9788812821343892,0
3343,0.8470265178076773,0
3344,0.6977100459518426,0
3345,0.7790745510668404,1
3346,0.8808356494867167,0
3347,0.9899523763142618,0
3348,0.781294272338214,1
3349,0.9999762728369483,1
3350,0.6867460451001332,1
3351,0.9631806515406541,0
3352,0.6721353624432329,0
3353,0.9014741862589308,0
3354,0.8312456130237573,1
3355,0.9690177179691206,1
3356,0.9670232531002257,1
3357,0.9777247047602136,0
3358,0.9753312109710952,0
3359,0.9867125644938871,0
3360,0.9202945206867487,0
3361,0.7956778514223911,0
3362,0.8047609507463999,0
3363,0.9928690188534556,0
3364,0.6505958987918296,0
3365,0.8916895494498434,0
3366,0.9047480224048942,1
3367,0.7804809865694388,1
3368,0.9886837431462995,0
3369,0.9861019481036731,0
3370,0.9892738875940728,0
3371,0.9999997808697512,1
3372,0.9913386142460074,0
3373,0.9902338406305594,0
3374,0.9145404394541629,1
3375,0.9394424166871161,0
3376,0.9896464480008917,0
3377,0.9904886507223571,0
3378,0.9855396304710689,0
3379,0.5913102565137119,1
3380,1.0,1
3381,0.9997934920468402,1
3382,0.9201334251632701,0
3383,0.973594188934991,0
3384,0.9992022257561057,1
3385,0.9486469519000522,0
3386,0.6377406229018934,0
3387,0.9839782583580138,0
3388,0.9545609537747921,0
3389,0.5617266705141044,1
3390,0.9999998901132974,1
3391,0.933361895270238,0
3392,0.9044779235798333,0
3393,1.0,1
3394,0.9955232293115291,0
3395,0.9999988689896536,1
3396,0.528600338751948,1
3397,0.9836507857269132,0
3398,0.9874286375048035,0
3399,0.6300654151512128,0
3400,0.9699131860185988,0
3401,0.8007316580259405,1
3402,0.9770761100512105,0
3403,0.8615804338332669,0
3404,0.8258693969790386,0
3405,0.9819644550699153,1
3406,0.9527268073442497,0
3407,0.9377712023829939,0
3408,0.9802316528741949,0
3409,0.859512465018626,1
3410,1.0,1
3411,0.9626875393128546,0
3412,0.9906894518181639,0
3413,0.9702108441678312,0
3414,0.5028701575499871,1
3415,0.8783841456227937,0
3416,0.6530019710652428,0
3417,0.9203571371994624,0
3418,0.9999999999956997,1
3419,0.9921016397035904,0
3420,0.9634279972628279,0
3421,0.5618204407876324,1
3422,0.986092185724125,0
3423,0.9919762205313504,1
3424,0.9658739868591312,1
3425,0.9993246581638546,1
3426,0.9733128393733202,0
3427,0.991285523714019,0
3428,0.9563142155748421,0
3429,0.9594331448131538,0
3430,0.751388179524006,0
3431,0.9940537134149101,0
3432,0.8064095745019596,0
3433,0.8659730421813248,0
3434,1.0,1
3435,0.9999999996548348,1
3436,0.9999999998013909,1
3437,0.9802027266628782,0
3438,0.9064040792393331,0
3439,0.9792073453918285,0
3440,0.9849525210140067,0
3441,0.8184716625472943,1
3442,0.9385758735338382,1
3443,0.6743196205777935,0
3444,0.8284678137325693,0
3445,0.5241175884287326,0
3446,0.9812298598113428,0
3447,0.9053355547448829,1
3448,0.9908693257671194,0
3449,0.8951551015600828,0
3450,0.9999995978456537,1
3451,0.7418700713155436,1
3452,0.9999999999997211,1
3453,0.9974701479990388,1
3454,0.9264246834630698,0
3455,0.9841707247339548,0
3456,0.9891542631030769,0
3457,0.9371019311667363,0
3458,0.9677748634663567,0
3459,0.9839755120758076,0
3460,0.8627915435766844,0
3461,0.9863354115207533,0
3462,0.9240391924910251,0
3463,0.9999999960812227,1
3464,0.9767668074521199,0
3465,0.9442087514571187,1
3466,0.9477537500573204,0
3467,0.8565797993737134,0
3468,0.9760846615121584,0
3469,0.6959618514446276,1
3470,0.9931737280737264,0
3471,0.8627567021526498,0
3472,0.7494095793191148,0
3473,0.9544173674123588,0
3474,0.9048317158177667,0
3475,0.9997898751634983,1
3476,0.7362613663294671,1
3477,0.9721487145687073,0
3478,0.532567835962702,1
3479,0.9657478087787529,0
3480,0.5382195923358125,0
3481,0.6231256439299137,0
3482,0.562853225423176,0
3483,0.7825137432596642,1
3484,0.8781087455946986,0
3485,0.7700394735272544,1
3486,0.9252721822282731,0
3487,0.9592048445887416,0
3488,0.8080366335476197,0
3489,0.9872276500002418,0
3490,0.7560889532971526,0
3491,0.9999999999222144,1
3492,0.7623976992729993,0
3493,0.9969678664640436,1
3494,0.9539351026317238,0
3495,0.9876540183829837,1
3496,0.9797558627271732,0
3497,0.986712855842258,0
3498,0.9965569353120687,1
3499,0.8790892729080542,0
3500,0.9865674756927146,0
3501,0.9099518732609765,0
3502,0.6926693434664337,0
3503,0.6128828845906393,1
3504,0.9853055083624973,0
3505,0.8803350567405233,0
3506,0.5744387877129447,0
3507,0.9999999999958717,1
3508,0.8744636931831776,0
3509,0.9804695967178839,0
3510,0.9999789430155198,1
3511,0.925214444418016,0
3512,0.9999999724796508,1
3513,0.9897587345994392,0
3514,0.995312337857687,1
3515,0.8156512478147003,0
3516,0.9987072886579331,1
3517,0.9775755396024164,0
3518,0.9945553054565337,1
3519,0.9584931448403121,0
3520,0.8060978272267515,0
3521,0.872935490920525,0
3522,0.6645686359762909,1
3523,0.972494897573273,0
3524,0.5958911382065162,0
3525,0.9877070015771969,0
3526,0.6430225263544036,1
3527,0.9863524776453664,0
3528,0.9992431600185873,1
3529,0.8312063725993813,1
3530,0.9999606662805263,1
3531,0.9901982768732387,0
3532,0.999999992059699,1
3533,0.9848018139711487,0
3534,0.9773225353884366,0
3535,0.9838690364224623,0
3536,0.9797618282497498,0
3537,0.9785316892648273,0
3538,0.9998393385221187,1
3539,0.9329007082437811,0
3540,0.9220998108713359,0
3541,0.9908351847010726,0
3542,0.5199803990778137,0
3543,0.9754513747133775,0
3544,1.0,1
3545,0.9175464402210718,0
3546,0.7844285681393457,1
3547,0.9021432012458023,0
3548,0.9994880967472913,1
3549,0.9898299964243648,0
3550,0.8647113071404666,0
3551,0.9026234241662179,1
3552,0.9999801665454546,1
3553,0.5654501165038347,0
3554,0.99995043829715,1
3555,0.9657025680055513,0
3556,0.9996664613509628,1
3557,0.999508004753197,1
3558,0.8862707046895153,1
3559,0.9821893167037231,1
3560,0.9774718630225457,0
3561,0.6270630011375941,1
3562,0.999996721447792,1
3563,0.8298822773301149,0
3564,0.7202423130791437,0
3565,0.9931709642926646,0
3566,0.9817902963552304,1
3567,0.9682088110655136,0
3568,0.959740966171404,1
3569,0.8476339110520692,1
3570,0.9888998259727222,0
3571,0.8686766882921246,0
3572,0.7694494689790865,0
3573,0.8482445903281713,0
3574,0.9904861001876365,0
3575,0.9987680498135434,1
3576,0.8553112429442931,0
3577,0.7311208819996851,1
3578,0.9068910338355327,0
3579,0.8284517919513814,0
3580,0.533896271955617,0
3581,0.8906071733847427,0
3582,0.8240392748489078,1
3583,0.9556592912885225,0
3584,0.9999999999999969,1
3585,0.9583265357464835,0
3586,0.9823962862409278,0
3587,0.8666741124664296,0
3588,0.52690884033704,0
3589,0.783178834321202,0
3590,0.9999953167109686,1
3591,0.8008970412071779,0
3592,0.7142001761943788,0
3593,0.9996253993690457,1
3594,0.9862723334168165,0
3595,0.93174686373998,0
3596,0.9883646312808543,0
3597,0.9999945898766495,1
3598,0.9829640465411033,0
3599,0.9663036945338636,0
3600,0.9025511221648709,0
3601,0.8406697371646776,0
3602,0.8703171560459606,0
3603,0.9476989514189476,0
3604,0.7815310770913096,0
3605,0.9732000549749965,0
3606,0.9709873002328735,0
3607,0.5256085343465782,1
3608,0.9713683448405188,0
3609,0.9419052714699063,0
3610,0.9913770499877622,1
3611,0.989050252814262,0
3612,0.9867890921315828,0
3613,0.9918809265163272,1
3614,0.9888810243107691,0
3615,0.6594152242936705,0
3616,0.8745267627627762,0
3617,0.5028945675276699,0
3618,0.8646310940767413,1
3619,0.9855456397023461,0
3620,0.7255591626095329,0
3621,0.9999999999999987,1
3622,0.9773800190819278,0
3623,0.7480847941472772,1
3624,0.9525480126862236,0
3625,0.8162124145579206,0
3626,0.9535243754307081,0
3627,0.6677849402827082,0
3628,0.9556366227631137,0
3629,0.5633045088740735,1
3630,0.7986590857639765,0
3631,0.622703187284509,0
3632,0.9574088302946645,1
3633,0.9827120938093753,0
3634,0.7029268707394447,1
3635,0.9664367516873951,1
3636,0.9553098244338473,0
3637,0.5562509032868423,1
3638,0.9733827967554716,0
3639,0.6855106922646976,1
3640,0.9833428444590604,0
3641,0.9728303522606317,0
3642,0.9968371903282406,1
3643,0.9478316851171784,0
3644,0.7603552577089967,1
3645,0.9948978146641352,1
3646,0.9027721302297326,0
3647,0.9700794675329454,0
3648,0.6758347391885386,0
3649,0.811423434491119,0
3650,0.9841484449233906,0
3651,0.9760223128486166,0
3652,0.9892465924723228,0
3653,0.9033389685725288,1
3654,0.9998051226678314,1
3655,0.9637357277865258,0
3656,0.9129297719008905,1
3657,0.9999998877809771,1
3658,0.7575038580582403,0
3659,0.6611159042755455,1
3660,0.9976662550653057,1
3661,0.977923672426689,0
3662,0.5500924255762396,1
3663,0.9810943225781843,0
3664,0.735028845099562,0
3665,0.9708625477795457,0
3666,0.6885852888120285,0
3667,0.9867208984660035,0
3668,0.5929245483136207,0
3669,0.939709345699994,1
3670,0.9925802053908152,0
3671,0.9602450576989686,0
3672,0.8605955927415985,1
3673,0.9930090708532182,1
3674,0.9805114303306132,1
3675,0.6376542246474032,0
3676,1.0,1
3677,0.9856130440220715,0
3678,0.9811061980281638,0
3679,0.9785503408844161,0
3680,0.9575288092138021,0
3681,0.9874631743137029,0
3682,0.981111906324844,0
3683,0.9343620449153004,0
3684,0.9866785437377263,0
3685,0.9884738167386883,0
3686,0.9757916159240019,0
3687,0.979532526177433,0
3688,0.9498893195027972,0
3689,0.6792528025302951,0
3690,0.9761336273128797,0
3691,0.9408916693805519,0
3692,0.9999955626245144,1
3693,0.9391205232198825,1
3694,0.7603864633913037,1
3695,0.9452657948527683,0
3696,0.7373282463374394,1
3697,0.9854773804047782,0
3698,0.9242414521876674,0
3699,0.9219546349687789,0
3700,0.9357843819128306,0
3701,0.7777705441491674,0
3702,0.8638359340725789,0
3703,0.9659005246030904,0
3704,0.9428801267275186,0
3705,0.9999339928249916,1
3706,0.9685960572413241,0
3707,0.9999997243582825,1
3708,0.9877028092817132,0
3709,0.9999999999999996,1
3710,0.7823334567925497,0
3711,0.8151128284713842,0
3712,0.9897077486558192,0
3713,0.999999987383884,1
3714,0.9784521954357954,0
3715,0.9718393680049122,0
3716,0.8312525031415784,1
3717,0.9309680141608117,0
3718,0.9841504710007517,0
3719,0.8025796506480835,0
3720,0.9900577993120833,0
3721,0.998951368945263,1
3722,0.9026814655987069,1
3723,0.9752961168206781,0
3724,0.9897587037251186,0
3725,0.9888799586162498,0
3726,0.9893446496782873,0
3727,0.9624191181232824,0
3728,0.9832806340942711,0
3729,0.9897682029261529,0
3730,0.9999999999983222,1
3731,0.8545271686761676,1
3732,0.9878707029815291,0
3733,0.9999999998129436,1
3734,0.9898497247136858,0
3735,0.9999999945943403,1
3736,0.9709107741556611,0
3737,0.9924360579206736,1
3738,0.9839490748526066,0
3739,0.9897667525312712,0
3740,0.817955279917345,1
3741,0.9494511258050238,0
3742,0.6317061999436399,1
3743,0.9619260945990983,0
3744,0.5794740967506699,0
3745,0.9974321909654722,1
3746,0.9854455006626993,0
3747,0.9987554090111606,1
3748,0.9999986950775043,1
3749,0.925965351568093,0
3750,0.9888178912373213,0
3751,0.9544244143845949,0
3752,0.678132577648081,1
3753,0.7200390872264855,0
3754,0.9999795270072722,1
3755,0.9607873450234777,0
3756,0.8195107524743852,1
3757,0.9904240525390116,0
3758,0.7426937890284694,0
3759,0.9840800132382441,0
3760,0.9628795374189282,0
3761,0.9754931843250042,0
3762,0.9800847891150384,0
3763,0.9882598651021611,0
3764,0.9439340835547124,1
3765,0.778520808980126,1
3766,0.5859216280142081,0
3767,0.976069178163884,0
3768,0.9793039534083043,0
3769,0.9893631274749981,0
3770,0.9955668025647442,1
3771,0.9888877649739695,0
3772,0.9999999999994018,1
3773,0.9895092102777936,1
3774,0.9390305357298254,0
3775,0.9905477927560016,0
3776,0.9875155306743616,0
3777,0.7402167608302882,1
3778,0.8229089890765494,0
3779,0.733653467482751,0
3780,0.9999999999997009,1
3781,0.9911989808715909,1
3782,0.9641662995661684,0
3783,0.9999999664570847,1
3784,0.9892051602535183,0
3785,0.968724665136131,0
3786,0.9758199595886669,0
3787,0.8250811706495709,1
3788,0.9858161037418407,1
3789,0.553883978967451,0
3790,0.9999999989175361,1
3791,0.6862922566696154,0
3792,0.8573472052735034,0
3793,0.8748069597169655,1
3794,0.9320995067939651,0
3795,0.9753546429969453,0
3796,0.9682738288186773,0
3797,0.9999991724833281,1
3798,0.8533961632782742,1
3799,0.9747796488477977,0
3800,0.9413970240195977,0
3801,0.991804686637774,0
3802,0.9248111503560509,1
3803,0.895473164339159,0
3804,0.9218761291673494,0
3805,0.9517394571868798,0
3806,0.6309601023256745,1
3807,0.9713504462374507,0
3808,0.8540038689498002,0
3809,1.0,1
3810,0.9920802933840656,0
3811,0.8870059524411582,0
3812,0.9997622124101154,1
3813,0.7349396579138987,1
3814,0.8565797993737134,0
3815,0.9967846189225329,1
3816,0.9860717980729308,0
3817,0.9999999879645755,1
3818,0.7914573909938184,0
3819,0.8597687413916919,0
3820,0.9328215843373119,1
3821,0.8715781282016147,0
3822,0.9161392033596829,0
3823,0.5120305919345303,0
3824,0.9341053436177928,0
3825,0.990461513391533,0
3826,0.9513172338267761,0
3827,0.9572752885170954,0
3828,0.9053951730155491,1
3829,0.9762268333607678,0
3830,0.9813777428237321,0
3831,0.8725892082797907,0
3832,0.5983367875815114,0
3833,0.9635866573130385,0
3834,0.8693369722082872,0
3835,0.8757308735930407,0
3836,0.8304211105597995,0
3837,1.0,1
3838,0.9902949682038762,1
3839,0.9587374196240708,0
3840,0.8753219060198233,0
3841,0.9727839468092871,1
3842,0.7685955166330213,1
3843,0.8547675646486844,0
3844,0.7170167444961889,1
3845,0.9811083430599634,0
3846,0.9779221011752794,0
3847,0.9817597367004696,1
3848,0.9817113532731341,0
3849,0.9435826669369016,0
3850,0.9281762617565684,0
3851,0.9718809804615702,0
3852,0.9658477057615086,0
3853,0.984377323358045,0
3854,0.8050058629507649,0
3855,0.9852138825011598,1
3856,0.8817807893774043,0
3857,0.979891808641112,0
3858,0.9816660838528647,0
3859,0.999999999999396,1
3860,0.6216464369931672,1
3861,0.9858887756616951,0
3862,0.8784206367865665,0
3863,0.9789107960825699,0
3864,1.0,1
3865,0.950189912109406,1
3866,0.935978392909203,1
3867,0.9434139576578907,0
3868,0.9334597254155161,0
3869,0.5074914652792816,0
3870,0.9861518291362306,0
3871,0.990405071888176,0
3872,0.5788088249265178,1
3873,0.8663013561551022,0
3874,0.8394031486127135,0
3875,0.9246320339279863,0
3876,0.7838751689417667,0
3877,0.9540742250444332,0
3878,0.9721862718849261,0
3879,0.999999911427871,1
3880,0.9050182454313351,0
3881,0.9825792855473054,0
3882,0.676981225119545,0
3883,0.9699054588785531,0
3884,0.9672110223975353,0
3885,0.7954358000088336,0
3886,0.9853121147004419,0
3887,0.877291058837809,0
3888,0.7695220817317517,0
3889,0.9913280810243669,1
3890,0.5882954056330283,0
3891,0.9999999524969054,1
3892,0.9512433386367335,0
3893,0.8702646531569246,1
3894,0.7462091561334796,1
3895,0.9453856429161538,0
3896,0.939274926832135,1
3897,0.6776765128964254,0
3898,0.8782204821711393,0
3899,0.8899510083572016,0
3900,0.6665833627471134,0
3901,0.5911101026671931,0
3902,0.998475269350192,1
3903,0.8183954608683048,0
3904,0.9899764944494288,0
3905,0.9887102196174558,0
3906,0.949242908971525,0
3907,0.9997415446781935,1
3908,0.7832346437258673,0
3909,0.836932932460089,0
3910,0.8061979102071222,1
3911,0.6264371510751202,0
3912,0.9277658807017717,0
3913,0.8764190831965937,0
3914,0.805385134576024,0
3915,0.9812912162117147,1
3916,0.9797717851523896,0
3917,0.9715007471040845,0
3918,0.9894074771337416,0
3919,0.6046189606115059,1
3920,0.5737027315990925,0
3921,0.5110246371539318,1
3922,0.9999873398573847,1
3923,0.9724840006888312,0
3924,0.9999999668417849,1
3925,0.9937911421644278,0
3926,0.9592010839448706,0
3927,0.9701716747482024,0
3928,0.6908512710792601,0
3929,0.8755971021547346,0
3930,0.9261186363128374,0
3931,0.5134297947497053,0
3932,0.6612505238113708,1
3933,0.628534875886072,1
3934,0.9083228836792139,0
3935,0.6462570149895298,0
3936,1.0,1
3937,0.9918173897629671,0
3938,0.8950982484133836,1
3939,0.9703626127854598,0
3940,0.9243587165668233,0
3941,0.9999999985180184,1
3942,0.9031462505256187,0
3943,0.9225213675589116,0
3944,0.9756996634377096,1
3945,0.8023958969008687,0
3946,0.902629572839772,0
3947,0.508024417979384,0
3948,0.8879560140480784,0
3949,0.9835179085437357,0
3950,0.9733261580899363,0
3951,0.9569712645908289,0
3952,0.5341368790958642,0
3953,0.9999999999999842,1
3954,0.9468187927608858,0
3955,0.9410489973644929,0
3956,0.5294966984199974,1
3957,0.7197882725011133,0
3958,0.9914254632519884,0
3959,0.9767369712383157,0
3960,0.8307516588107909,0
3961,0.9627177520491151,0
3962,0.9855448373629354,0
3963,0.9999999999914104,1
3964,0.9833993833176673,0
3965,0.9590419400344012,1
3966,0.8458454846944266,0
3967,0.9164424869702835,0
3968,0.9874124935710568,0
3969,0.9876322715580536,0
3970,0.5000044956836899,0
3971,0.9709490696367409,1
3972,0.649566232012137,0
3973,0.7967389003849723,1
3974,0.5519336210998504,1
3975,0.9708280661731196,0
3976,0.9858605198970171,0
3977,0.8774277668192121,1
3978,0.9805923071224124,1
3979,0.9849026468235048,0
3980,0.9593168158372136,0
3981,0.8916755909498012,0
3982,0.9181609549863893,0
3983,0.6488190905265935,0
3984,0.8836205035752547,0
3985,0.6104648083625612,1
3986,0.9919650625746854,0
3987,0.9211772165716198,0
3988,0.9832433152705259,0
3989,0.9879215576315296,0
3990,0.9361393664218681,0
3991,0.7150071979635569,1
3992,0.9753309491053235,0
3993,0.5358371209508396,0
3994,0.5236756129165522,0
3995,0.9257601375123946,0
3996,0.98270273307631,0
3997,0.6871600636549958,0
3998,0.9149097817628739,0
3999,0.8780831564976682,0
4000,0.7889523519116776,0
4001,0.7540945258177557,0
4002,0.8603898948706183,0
4003,0.7628087092202073,1
4004,0.7456249006329363,0
4005,0.9202590587609512,1
4006,0.6887968475353817,0
4007,0.9366419263146499,0
4008,0.7513009599636482,0
4009,0.5990830833476217,1
4010,0.9990630601676929,1
4011,0.8366876859052791,1
4012,1.0,1
4013,0.9950473168942355,0
4014,0.9916794752854456,0
4015,0.9909254228055122,0
4016,0.9761626168219036,0
4017,0.9519110296746071,0
4018,0.5412205556183791,1
4019,0.9999999937605906,1
4020,0.9999999201832376,1
4021,0.9844905052058812,0
4022,0.9757974818507279,0
4023,0.5481642599621964,1
4024,0.9870997180592458,0
4025,0.9108688470794196,0
4026,0.7813843952100652,0
4027,0.9978397045681171,1
4028,0.8370857058200056,1
4029,0.8484001920882064,1
4030,0.9999591538196188,1
4031,0.9922562838454287,0
4032,0.978387381635879,0
4033,0.6477502105733973,0
4034,0.8331465372038783,1
4035,0.9997213966977957,1
4036,0.9922562838454287,0
4037,0.7849304983039636,0
4038,0.961829419692281,0
4039,0.821229553241503,0
4040,0.9705807562906759,0
4041,0.993529844410777,0
4042,0.9843684205218227,0
4043,0.9999999818365201,1
4044,0.9739210560989271,0
4045,0.9999961682692103,1
4046,0.9864158998073429,0
4047,0.511626873523665,0
4048,0.963650073962285,0
4049,0.9413229522984984,0
4050,0.6474515803581683,0
4051,0.9905435022932754,0
4052,0.9996143122417124,1
4053,0.6591845627209928,1
4054,0.9734185332911391,0
4055,0.9846095729519777,0
4056,0.933317453829899,0
4057,0.9526020452311154,0
4058,0.5512343478711382,0
4059,0.9403268383972795,1
4060,0.9208400982157304,0
4061,0.9904720794632914,0
4062,0.9901192888801664,0
4063,0.9930855017503686,0
4064,0.9757618415455067,0
4065,0.9745537338334299,0
4066,0.8978848395578364,0
4067,0.9947449311918242,1
4068,0.9999993075239093,1
4069,0.9520595499908743,0
4070,0.9536530626255824,0
4071,0.9742705776726989,0
4072,0.6244118660208574,1
4073,0.999836657011347,1
4074,0.9518473839893558,1
4075,0.9700276747800476,0
4076,0.6217491028063992,0
4077,0.7665624414456185,1
4078,0.5700379379436736,0
4079,0.7898838560517804,1
4080,0.5124176892231384,1
4081,0.875153737474892,0
4082,0.7776586449081554,0
4083,0.8003361141401196,1
4084,0.9855969229213497,0
4085,0.991804686637774,0
4086,0.9644970818644901,0
4087,0.9591495925394291,0
4088,0.8539346143266291,0
4089,0.9999993587337683,1
4090,0.9886926531551645,0
4091,0.9861421068242621,0
4092,0.7413233593296599,1
4093,0.8335602994090743,0
4094,0.9917937414904571,0
4095,0.9636027253781391,0
4096,0.9999999999999694,1
4097,0.9717338291570227,0
4098,0.8615664446960829,0
4099,0.9410992648653744,1
4100,0.9881740458315246,0
4101,0.8198240516678809,0
4102,0.847458205862579,0
4103,0.8389195798713927,0
4104,0.9861589430597432,0
4105,0.8605893984043549,0
4106,0.7384510449189347,0
4107,0.913168888293897,0
4108,0.5172884558354729,1
4109,0.9796738286224858,0
4110,0.9855394653678293,0
4111,0.9771702113448112,0
4112,0.9999999908203637,1
4113,0.999999999571374,1
4114,0.9269532572381474,0
4115,0.9443170814980102,0
4116,0.9950532438664142,0
4117,0.9166849440498063,0
4118,0.8514655566194579,1
4119,0.9844432231804043,0
4120,0.9592535595713038,0
4121,0.8387056800691797,0
4122,0.9568090981508944,0
4123,0.9995169656057108,1
4124,0.9440893842641287,1
4125,0.9600058657228815,0
4126,0.999745079283201,1
4127,0.9999994790180611,1
4128,0.9304418781246446,0
4129,0.6086435630749778,1
4130,0.8296711808267456,0
4131,1.0,1
4132,0.9140220447705223,1
4133,0.9697196625361112,0
4134,0.5550977188070332,0
4135,0.9230511633977461,0
4136,0.9801793296298237,0
4137,0.9872169969226268,0
4138,0.9617696989171407,0
4139,0.9296951901865455,0
4140,0.8452100957731948,0
4141,0.9989363644201277,1
4142,0.9003159198518762,1
4143,0.9999999850762562,1
4144,0.577648693935596,1
4145,0.7555586443259267,0
4146,0.6492314573196025,1
4147,0.9075608401400882,0
4148,0.8602176686568209,0
4149,0.8407550891492882,0
4150,0.6835401509145661,1
4151,0.6497413462203059,0
4152,0.8630778618822588,1
4153,0.8769574414403732,1
4154,0.9761282158852117,0
4155,0.9325613572310553,0
4156,0.5653840354477021,0
4157,0.882888717565906,0
4158,0.9612147214427588,0
4159,0.9261252081454412,1
4160,0.8907693209955074,0
4161,0.999596523439424,1
4162,0.9797889960422362,0
4163,0.9972533076009095,1
4164,0.9895416656719103,0
4165,0.8875275463736672,0
4166,0.575693106280465,1
4167,0.5187998168375072,0
4168,0.9075721189747386,0
4169,0.9872309847182377,0
4170,1.0,1
4171,0.9599041758824609,0
4172,0.6210603554827596,0
4173,0.8857242980796932,0
4174,0.9787410640467741,0
4175,0.7912492698756697,0
4176,0.8895255240768899,0
4177,0.9754567011384911,0
4178,0.9313130342542166,0
4179,0.5772816401372856,1
4180,0.9854297850165474,0
4181,0.9906785643904479,1
4182,0.9275450631547342,0
4183,0.9918297173308468,0
4184,0.952882497410824,0
4185,0.5710071863177069,0
4186,0.6185442873262925,0
4187,0.9693533389488633,0
4188,0.9598165551873781,0
4189,0.9195688713930231,0
4190,0.9384320324038495,0
4191,0.95386946361423,0
4192,0.7728160394998272,0
4193,0.6239439130862443,0
4194,0.9998692952509847,1
4195,0.8677947650733152,0
4196,0.9931776312330572,0
4197,0.934366293726116,0
4198,0.9725365827007881,0
4199,0.9883773469942376,0
4200,0.8134420709384044,0
4201,0.9785485979100252,0
4202,0.9129187331810412,1
4203,0.991171273762759,0
4204,0.7310050809651872,1
4205,0.9901982768732387,0
4206,0.991792131662904,0
4207,0.9898086837112654,0
4208,0.9965303775534664,1
4209,0.7862477250878038,0
4210,0.9814069889938156,1
4211,0.7538235283258858,1
4212,0.8794107967886297,0
4213,0.9877037532057575,0
4214,0.5056649053480635,0
4215,0.9866022706426444,0
4216,0.9719478966360282,0
4217,0.758385463312378,1
4218,0.9852466147657264,0
4219,0.9999999937253934,1
4220,0.9999188716896579,1
4221,0.9844536535223322,0
4222,0.7810506381331105,0
4223,0.9214727542525206,0
4224,0.9893794614466633,0
4225,0.989175013669704,0
4226,0.9919168777823242,0
4227,0.991228101638984,0
4228,0.9833688550464803,0
4229,0.556061271194003,0
4230,0.9083408825341831,0
4231,0.7407596595998531,1
4232,0.9899797057281237,1
4233,0.5253076239329328,0
4234,0.985840647393253,0
4235,0.9837607376412362,0
4236,0.9851935716397339,0
4237,0.9513299221453059,0
4238,0.9933302216742599,0
4239,0.9968574029990913,1
4240,0.9340414694977565,1
4241,0.9880576283750832,0
4242,0.9756241755730543,0
4243,0.7682845443047975,0
4244,0.6978625006663618,1
4245,0.9919579534555785,0
4246,0.9869580467227306,0
4247,0.6293267852047881,1
4248,0.983293114409683,0
4249,0.9999974840029809,1
4250,0.9904031255062156,1
4251,0.5398952163972361,0
4252,0.6237252758990357,1
4253,0.9999573419127207,1
4254,0.8963619049162311,0
4255,0.95098627491061,1
4256,0.7956342719427102,1
4257,0.9687029774974567,0
4258,0.8449505855705334,0
4259,0.8409026476882456,0
4260,0.9462673288124652,0
4261,0.5729726715834229,1
4262,0.7599403482681852,0
4263,0.9855519977676503,0
4264,0.9019207680009835,0
4265,0.9881305084768061,0
4266,0.9341384727329788,0
4267,0.979192133317217,0
4268,0.9541424936384534,1
4269,0.9984865265000024,1
4270,0.5623150830500863,1
4271,0.9748903779586425,0
4272,0.976063375301952,0
4273,0.9763278386384356,0
4274,0.9999365867774384,1
4275,0.9577434475063,0
4276,0.9852122803141367,0
4277,0.9999878200323711,1
4278,0.972432295373941,0
4279,0.9931512240848149,0
4280,0.9902713918738417,0
4281,1.0,1
4282,0.9548366692111404,0
4283,0.9800965473162594,0
4284,0.9286771464540413,0
4285,0.9362429553135361,0
4286,0.855385947505852,1
4287,0.582852544447247,0
4288,0.9036710588974145,1
4289,0.9999997811840711,1
4290,0.9828251259080433,0
4291,0.836637544886845,0
4292,0.9997826652834387,1
4293,0.9722538216888399,0
4294,0.9876947269929731,0
4295,0.9791584553082179,0
4296,0.7531862054492291,1
4297,0.5597705010941068,0
4298,0.9325318119159208,0
4299,0.9998115635595074,1
4300,0.7430020058952529,0
4301,0.9426484952324289,0
4302,0.5811755583084731,1
4303,0.9859920444225191,0
4304,0.999403756208694,1
4305,0.9384467443841503,1
4306,0.9785320628586518,0
4307,0.9636188939501388,0
4308,0.5410516218003412,0
4309,0.5780963518827876,0
4310,0.9775704381035676,0
4311,0.9996626921791568,1
4312,0.9353695791162377,0
4313,0.9878015523429835,1
4314,0.9754879254724564,0
4315,0.9999575371109947,1
4316,0.898874198566786,0
4317,0.8717170964755153,1
4318,0.9999999992556485,1
4319,0.9894401546917024,0
4320,0.9815107166454113,0
4321,0.9508256097415081,0
4322,0.9869724512057673,0
4323,0.8963823465021851,0
4324,0.9121066775911782,0
4325,0.991804686637774,0
4326,0.9072010661348038,0
4327,0.8864980415800338,1
4328,0.5114059943813738,1
4329,0.9899234274300904,0
4330,0.9592028546791485,0
4331,0.987774819347199,0
4332,0.8869596770461725,0
4333,1.0,1
4334,0.9523847186159228,1
4335,0.5081437001308815,0
4336,0.9749974265949399,0
4337,0.7158054294902285,0
4338,0.9729834485709928,0
4339,0.8636938915755108,0
4340,0.9999630171136684,1
4341,0.9159297954644291,0
4342,0.841338223928303,0
4343,0.9910571624169248,0
4344,0.5931816482684426,0
4345,0.9931765268660834,0
4346,0.9998881646745301,1
4347,0.9894901733968211,0
4348,0.8646219530581685,1
4349,0.9813084432015157,0
4350,0.9999996751089627,1
4351,1.0,1
4352,0.9869699879867526,0
4353,0.9372214271276766,0
4354,0.9891691812720336,0
4355,0.9822756286227782,1
4356,0.9930051946548459,0
4357,0.9793713947044279,0
4358,0.7935039724187025,0
4359,0.9859421295847209,0
4360,0.5125694371422755,1
4361,0.9283364674606516,0
4362,0.9889180790959564,0
4363,0.8205097390929922,0
4364,0.7727991662278266,0
4365,0.9806241870942358,0
4366,0.8874890217748529,0
4367,0.5685384584369801,1
4368,0.8902937506056998,1
4369,0.9999058746736453,1
4370,0.9943020324418498,0
4371,0.9860938334285143,0
4372,0.7791309731490508,0
4373,0.9592698218194753,0
4374,0.9149750457121913,0
4375,0.8205888531266556,0
4376,0.9618545278951816,0
4377,0.9790127481640306,0
4378,0.938602627083538,0
4379,0.9761002120116531,0
4380,0.9850357330625038,0
4381,0.790779857393895,0
4382,0.9838246473868341,0
4383,0.8934154610241434,0
4384,0.7581156481713216,1
4385,0.9755971582039047,0
4386,0.9179831005695845,0
4387,0.779017659135852,0
4388,0.9863881340594124,0
4389,0.983327602952525,0
4390,0.984977932516892,0
4391,0.9766970862566795,0
4392,0.53387991321492,0
4393,0.9701761137771626,0
4394,0.8466489706510941,0
4395,0.978838495990146,0
4396,0.9913617168073746,0
4397,0.9712047308306867,0
4398,0.9827637227943543,0
4399,0.9975508181815956,1
4400,0.997900585975153,1
4401,0.98543272978125,0
4402,0.981431601602137,0
4403,0.9911734597067136,0
4404,0.9755362148811195,0
4405,0.9999908701442927,1
4406,0.9194583507895617,0
4407,0.9764571378916855,0
4408,0.963388197719731,0
4409,0.9920802933840656,0
4410,0.9459292678023543,0
4411,0.6158187698404836,0
4412,0.5276239651849373,1
4413,0.9746198445097971,0
4414,0.974263045878946,1
4415,0.9224953279493461,1
4416,0.9999846338840047,1
4417,0.9781131791182888,0
4418,0.9999487235329907,1
4419,0.9432939654378656,0
4420,0.9147033372265317,0
4421,0.9511156368923492,0
4422,0.9913736829612048,0
4423,0.9598206916274028,0
4424,0.9181971774634968,0
4425,0.977999231605112,0
4426,0.9397896222556291,0
4427,0.994004496663129,0
4428,0.9768477021038756,0
4429,0.9796489872254266,0
4430,0.9999493231338552,1
4431,0.947359450246247,0
4432,0.9858300141620602,0
4433,0.9912962053232263,0
4434,0.8212985799409291,0
4435,0.968021074661096,0
4436,0.6100577104821565,0
4437,0.9663107717829063,0
4438,0.5943827271122536,0
4439,0.6721557647207945,0
4440,0.7120963387303525,0
4441,0.9738050354186236,0
4442,0.9916369015717629,0
4443,0.9933397044894435,0
4444,0.9909255794011971,0
4445,0.9823721160609424,0
4446,0.9999974689066833,1
4447,0.8632518126690664,0
4448,0.988533474864047,1
4449,0.9896433392565777,0
4450,0.987932734370959,1
4451,0.5216165407152534,1
4452,0.9572265783631283,0
4453,0.9015821716497281,0
4454,0.9838131782129594,0
4455,0.960164239868008,1
4456,0.6754909184416921,0
4457,0.9766714348053688,0
4458,0.9850873342986134,0
4459,0.7973259450872228,0
4460,0.9819623557280883,0
4461,0.9999194430939783,1
4462,0.8318308334036728,0
4463,0.9920201813044875,1
4464,0.9409017886605668,1
4465,0.999997227846667,1
4466,0.9860713956891778,1
4467,0.6264628774885387,1
4468,0.9852524577547767,0
4469,0.8675596959084796,0
4470,0.5440557067291948,0
4471,0.9997616231399608,1
4472,0.6494544659230548,1
4473,0.8342025198523882,0
4474,0.9207884057988641,0
4475,0.9829653267441143,0
4476,0.9909148566528929,0
4477,0.9928690188534556,0
4478,0.626651312737162,1
4479,1.0,1
4480,0.8957954426081057,1
4481,0.5429243335620625,1
4482,0.9778735995783253,0
4483,0.770807549458919,0
4484,0.784993965128394,0
4485,0.979294091153847,1
4486,0.9329918651914954,0
4487,0.9083175604536812,0
4488,0.5479624971774575,0
4489,0.991782227805081,0
4490,0.9999999999999831,1
4491,0.9823054912516646,0
4492,0.9906546899810982,0
4493,0.9114736332785169,0
4494,0.9980362644976731,1
4495,0.6772569966296298,1
4496,0.9813684232488649,0
4497,0.6694907197239204,0
4498,0.9301911221534002,0
4499,0.8668406372020575,0
4500,0.9094058219675342,0
4501,0.9270998489792217,0
4502,0.9308421305541886,0
4503,0.9497394758104402,0
4504,0.8262047056746159,1
4505,0.9755249617989638,0
4506,0.9194114714908208,0
4507,0.9486263004989517,0
4508,0.9679171575609572,1
4509,0.9030775470608123,0
4510,0.5581905673369062,0
4511,0.6493402222770999,0
4512,0.9895787945360895,0
4513,0.8299005996104315,0
4514,0.9904895830197261,0
4515,0.6521564870730193,0
4516,0.9876395940946456,0
4517,0.9437680617794946,1
4518,0.9461875626052236,0
4519,0.9699780620753786,0
4520,0.7846741812172097,0
4521,0.9671066428656604,0
4522,0.9854156659079132,0
4523,0.501767580985203,0
4524,0.9741945315034414,0
4525,0.9371244747690849,0
4526,0.9015003422883279,0
4527,0.8892702644273818,0
4528,0.9631980913938774,0
4529,0.9755774858613315,0
4530,0.9811874164975428,0
4531,0.8088527216983431,0
4532,0.9872335410451473,0
4533,0.9751149306418716,0
4534,0.535734573102708,0
4535,0.9356281173021959,0
4536,0.9909532010461539,0
4537,0.9827226126495672,0
4538,0.6489983149209699,1
4539,0.9884451084116622,0
4540,0.9486286597266185,0
4541,0.999999654498013,1
4542,0.6760244902913979,1
4543,0.9453886704856964,0
4544,0.9698433859547255,0
4545,0.9360793339084407,0
4546,0.912771284597367,0
4547,0.861486212487372,0
4548,0.6102807047139939,0
4549,0.6930177340273935,0
4550,0.5445717441486497,0
4551,1.0,1
4552,0.9965980752226865,1
4553,0.7412565115257725,0
4554,0.530863903112212,1
4555,0.9662170455506855,0
4556,0.9788241954202221,0
4557,0.9548012039946039,0
4558,0.9915344236838669,0
4559,0.9999984750381713,1
4560,0.9745579326672187,0
4561,0.9744865690265586,0
4562,0.9789770475126269,0
4563,0.83614218142622,0
4564,0.5908365722774962,0
4565,0.9876328893486542,0
4566,0.9704357946744995,0
4567,0.9799835495983719,0
4568,0.9605230937174938,0
4569,0.9860034246895621,0
4570,0.9890911835110318,0
4571,0.9999998509832548,1
4572,0.9567106091970556,0
4573,0.9951766457827562,1
4574,0.9868621002303443,0
4575,0.9737863506351049,0
4576,0.9666078086527782,0
4577,0.9768070127370058,0
4578,0.8855114890185716,0
4579,0.6622627263916735,1
4580,0.9012655702944014,0
4581,0.9854230300348402,0
4582,0.9695402851843877,0
4583,0.8996469044498864,0
4584,0.8986196359377058,1
4585,0.6437696449843143,1
4586,0.5227258001470191,0
4587,0.9348336734387924,0
4588,0.9711183454331995,0
4589,0.9748283668438811,0
4590,0.9706269238504539,0
4591,0.9993571667963893,1
4592,0.8943446982374024,0
4593,0.8962485715364835,0
4594,0.9999994316309423,1
4595,0.875000347638573,0
4596,0.8884193842841828,0
4597,0.988422131227148,0
4598,0.6540458988848766,0
4599,0.9823932634708747,0
4600,0.9844200100842855,0
4601,0.7952491079210546,0
4602,0.9817416824138067,0
4603,0.9938405898750505,0
4604,0.965207052596213,0
4605,0.9932478809075015,0
4606,0.5707489914245737,0
4607,0.9876837974693057,0
4608,0.9489146580196938,0
4609,0.6054776379776731,0
4610,0.8161577276165967,0
4611,0.9773191042948788,0
4612,0.9995104804753475,1
4613,0.9370137060493491,0
4614,0.9318160857589572,0
4615,0.5164917679709566,0
4616,0.5276432037871847,1
4617,0.9516872341631045,0
4618,0.856429737537795,0
4619,0.988396973542448,0
4620,0.9433893616859872,0
4621,0.5980372458587633,0
4622,0.9711960885200359,0
4623,0.5787411395623862,1
4624,0.9368391373344569,0
4625,0.534004085102624,1
4626,0.9449355972052935,0
4627,0.7215721528701805,0
4628,0.9853991640228787,1
4629,0.7715324565319478,1
4630,0.9131999493654689,1
4631,0.6738029085028415,0
4632,0.8695584878046062,0
4633,0.9579710618239657,0
4634,0.9830207999008304,0
4635,0.7342528271969876,0
4636,0.9832668236208018,0
4637,0.5938061293362443,1
4638,0.986511626904473,0
4639,0.9698621024507897,0
4640,0.8471274749017947,0
4641,0.8149404096034076,0
4642,0.9467900927825985,0
4643,0.916435792037207,0
4644,0.6752153718230866,0
4645,0.9999999999999964,1
4646,0.9924451356812927,0
4647,0.9886429366262615,0
4648,0.952386808802462,0
4649,0.6809851178395362,1
4650,0.8519972860813725,1
4651,0.9656401220950552,0
4652,0.9692042829993134,1
4653,0.7281237339480044,1
4654,0.9720156568615805,0
4655,0.8726195573055856,0
4656,0.9942405464008874,1
4657,0.8159844907180356,0
4658,0.9770845393348062,0
4659,0.9899887323438178,1
4660,0.999986769547842,1
4661,0.9419760453231755,0
4662,0.9622658797199579,0
4663,0.8533451046239283,1
4664,0.7064897199789224,1
4665,0.9747831521585566,0
4666,0.9081378511145343,0
4667,0.9789837844245861,0
4668,0.8694898616365277,1
4669,0.7391721952243361,0
4670,0.9673621183085575,0
4671,0.9767536956114076,0
4672,0.8765488092703482,0
4673,0.9004956801955287,0
4674,0.983601291841118,0
4675,0.9624944850252654,0
4676,0.9983732754181682,1
4677,0.9696391863319842,0
4678,0.9999999999890381,1
4679,0.9629867834513639,0
4680,0.9440121036662973,0
4681,0.991001862672206,0
4682,0.9656665106644724,0
4683,1.0,1
4684,0.9967067732639351,1
4685,0.9699092371130911,0
4686,0.9823511779222119,0
4687,0.699473014297379,1
4688,0.981890797022998,0
4689,0.6290713322897794,0
4690,0.9667327216877497,0
4691,0.7555299176632246,1
4692,0.9084185226776814,0
4693,0.9895992135726115,0
4694,0.9770038677941543,0
4695,0.7984473793649751,0
4696,0.9122449557417506,0
4697,0.9894187515116113,0
4698,0.8818733998334094,0
4699,0.9346685731640052,0
4700,0.9925802053908152,0
4701,0.9891945317460185,0
4702,0.8867921461450218,0
4703,0.983800619857788,0
4704,0.5627701394024166,0
4705,0.9608065244639593,0
4706,0.9643486686596728,1
4707,0.7136197964252574,1
4708,0.9999999999998161,1
4709,0.8916659668203413,0
4710,0.9630581322227513,0
4711,0.9999990704601983,1
4712,0.9892137766658644,0
4713,0.9938759814348935,0
4714,0.9314160798164506,0
4715,0.9648858248973929,0
4716,0.7137646768220705,0
4717,0.9846489832002155,0
4718,0.977621726813638,0
4719,0.7865907633237679,1
4720,0.9998013742964538,1
4721,0.9999974189852078,1
4722,0.7772588707435961,1
4723,0.8616068526159144,0
4724,0.9842397720894376,0
4725,0.8920593618755839,0
4726,0.6506357914623053,1
4727,0.5896237130867333,0
4728,0.986551370147937,0
4729,0.7650033879183815,0
4730,0.6810264820079603,0
4731,0.9113778943901111,0
4732,0.849999555597029,1
4733,0.9844537664145736,1
4734,0.503743075027481,0
4735,0.9695639324383385,1
4736,0.9307015229042965,0
4737,0.9312611093109655,0
4738,0.5787625840420643,1
4739,0.8483739978981398,0
4740,0.9419421620169163,1
4741,0.7196246945577303,0
4742,0.9904391795108491,0
4743,0.9477549857357968,0
4744,0.9497830780111008,0
4745,0.8666730952735636,1
4746,0.9757494273628563,0
4747,0.6579466868260836,0
4748,0.9676252125090472,1
4749,0.9965363072463296,1
4750,0.9305150247823811,0
4751,0.9261016274569369,0
4752,0.9991666645338124,1
4753,0.513987965103417,1
4754,0.8331885667005688,0
4755,0.8364982266872545,1
4756,0.9072708351139271,1
4757,0.9539441595992805,0
4758,0.9919570276684645,0
4759,0.6978794891124189,0
4760,0.8343073656153458,0
4761,0.9881742515000558,1
4762,0.8397016776196845,0
4763,0.828283377201324,1
4764,0.9862807286058339,0
4765,0.9639184109008868,0
4766,0.5727546016539596,1
4767,0.9521020901286901,0
4768,0.9842919880260939,0
4769,0.98975549219647,0
4770,0.8413303917998969,1
4771,0.9900169572199303,0
4772,0.9213961963762337,0
4773,0.9674318025423242,0
4774,0.9878233501012407,0
4775,0.9870805822615556,0
4776,0.999997130780882,1
4777,0.5036361553921739,0
4778,0.5165017015887929,0
4779,0.84857742245181,0
4780,0.9856443973382693,0
4781,0.9871570433917051,0
4782,0.6869350668589569,0
4783,0.9993383321396304,1
4784,0.9886800802281491,0
4785,0.8543917769221112,0
4786,0.9607643041551275,0
4787,0.9863026530238567,0
4788,0.9398308818614902,0
4789,0.6298646444929844,1
4790,0.8935412545994463,0
4791,0.8724634534167502,1
4792,0.7318519167836295,1
4793,0.9743009376812103,0
4794,0.9129413656326006,0
4795,0.9110081902814645,0
4796,0.8593267668526438,0
4797,0.8660498060394562,0
4798,0.8724706381055118,0
4799,0.7776160837948327,1
4800,0.8002871909721567,0
4801,0.9874868097444979,0
4802,0.9870413076932041,0
4803,0.8723486464264729,0
4804,0.6256429131884728,1
4805,0.9842126088853538,0
4806,0.9309828259837977,0
4807,0.9904595248748624,0
4808,0.9904899463703508,0
4809,0.9904143326935226,1
4810,0.9530316523755942,0
4811,0.9874607003577348,0
4812,0.9898830191827233,0
4813,0.8169059603873012,0
4814,0.9898555884881983,0
4815,0.9843049232585135,0
4816,0.6555801535575206,0
4817,0.9815614887697164,0
4818,0.979128322259183,0
4819,0.9841574349198285,0
4820,0.8319376080373991,1
4821,0.9488104320191799,1
4822,0.6666393267841206,0
4823,0.9720886954979113,0
4824,0.5973209078153024,0
4825,0.9999998330627103,1
4826,1.0,1
4827,0.9468735505505083,0
4828,0.8983711090538774,0
4829,0.9859147106675235,0
4830,0.6259350191920944,1
4831,0.9900414894373117,0
4832,0.7421404711233265,0
4833,0.9806306695926991,0
4834,0.9826531654261003,0
4835,0.998178685418172,1
4836,0.9807687812063035,0
4837,0.9776049149198933,0
4838,0.8173432228444585,0
4839,0.9754392304365258,0
4840,0.7524078083485526,0
4841,0.9606328656382017,0
4842,0.984487759006505,0
4843,0.9553282041827439,1
4844,0.9236729511888164,0
4845,0.897886056589643,0
4846,0.9933150676992982,0
4847,0.9999999986335333,1
4848,0.8298181484501129,0
4849,0.9537025992114783,0
4850,0.9023806269300035,0
4851,0.999259704849533,1
4852,0.8293145284322603,0
4853,0.9786572695403368,0
4854,0.6125433149134946,1
4855,0.7822570420570159,0
4856,0.6687350114861008,0
4857,0.9703326434708406,1
4858,0.8231617529155877,0
4859,0.5332007663843267,1
4860,0.9840835209721953,0
4861,0.8269521859092582,0
4862,0.9826490310640565,0
4863,0.629460426107577,0
4864,0.9894319191492709,0
4865,0.992373014328128,0
4866,0.9516138042995448,0
4867,0.9860690549155569,0
4868,0.9999999596674424,1
4869,0.8374683237145492,0
4870,0.9918494046849512,0
4871,0.9622351359797144,0
4872,0.9726544723141884,0
4873,0.9598244180677978,0
4874,0.8965810310421308,0
4875,1.0,1
4876,0.9897298566933971,0
4877,0.8138812953206024,0
4878,0.9914802598133786,0
4879,0.9228929102905794,1
4880,0.8366463582791611,0
4881,0.9879820007421728,0
4882,0.9133500342124531,0
4883,0.9899921168963246,0
4884,0.9687944049868643,1
4885,0.9735475240689643,0
4886,0.954059702599635,0
4887,0.6219928501330748,0
4888,0.9999962624392362,1
4889,0.7407126900629752,0
4890,0.6968697567023456,0
4891,0.8437829446819308,0
4892,0.8479226149500328,0
4893,0.9235863837878114,0
4894,0.7816482296214798,0
4895,0.8952480103906936,0
4896,0.9910694236163048,1
4897,0.6585413878074587,1
4898,0.9750762753227536,0
4899,0.9845176642734318,0
4900,0.9921957680558057,0
4901,0.9864927792872344,0
4902,0.9851245340670778,0
4903,0.7315239714203405,1
4904,0.5411643679038739,0
4905,0.9090560657829431,0
4906,0.9974264298342164,1
4907,0.750775367101587,1
4908,0.5008179618095658,1
4909,0.839279611836438,0
4910,0.9791690624471886,0
4911,0.9495431596164341,1
4912,0.8623729226016895,0
4913,0.7624629929863274,0
4914,0.988298592586529,0
4915,0.999999639742546,1
4916,0.8568489401460447,0
4917,0.9842308696472647,0
4918,0.6326826460038425,1
4919,0.9931414413439896,1
4920,0.9144892130147798,1
4921,0.9624336945198045,0
4922,0.9154377498640909,0
4923,0.9660716012345362,0
4924,0.9413002892784412,0
4925,0.9843790617055611,0
4926,0.9999976570162372,1
4927,0.9913417477637261,0
4928,0.9896890873431962,0
4929,0.9711204669314533,0
4930,0.9031637048187585,0
4931,0.9785751940043484,1
4932,0.9918554313511136,0
4933,0.7060021329932825,1
4934,0.9999999999806048,1
4935,0.7210925120745622,1
4936,0.8278729564798494,0
4937,0.9662451892419647,0
4938,0.9865612247361639,0
4939,0.5293705041649548,1
4940,0.9999997899740435,1
4941,0.9303865391824547,1
4942,0.9249379747690699,0
4943,0.988795392288635,0
4944,0.9433442631028974,1
4945,0.9888929770152187,0
4946,0.7846753604406256,0
4947,0.999999999230208,1
4948,0.9931237272520523,0
4949,0.9924266639880217,0
4950,0.8806609432251042,0
4951,0.9356292138698583,1
4952,0.8411194772823953,0
4953,0.987127143960738,0
4954,0.5800674844021587,0
4955,0.6451100533694739,0
4956,0.8753825673851807,1
4957,0.9782933793387529,0
4958,0.9999985417244168,1
4959,0.9999999999999718,1
4960,0.9998093985153229,1
4961,0.9604379322423785,0
4962,0.9338613900974199,1
4963,0.9929169613872295,0
4964,0.8053000145131635,1
4965,0.9934815347548217,1
4966,0.9997154147643453,1
4967,0.9982239091570184,1
4968,0.6177736312609661,0
4969,0.9880241478841066,0
4970,0.5996204215622586,1
4971,0.9214211301957431,0
4972,0.9999964095985376,1
4973,0.758949658307012,1
4974,0.9927166738788976,0
4975,0.9711824207666561,0
4976,0.9898031741528551,0
4977,0.5348067269562146,0
4978,0.9751399732608989,0
4979,0.991804686637774,0
4980,0.984918266745568,0
4981,0.7996896086189638,0
4982,0.5349358216758651,1
4983,0.650307054083786,1
4984,0.5895268669939815,0
4985,0.999999463555771,1
4986,0.8183705348114131,0
4987,0.999930609013983,1
4988,0.9999919536724633,1
4989,0.9999977388705863,1
4990,0.6079511885139051,1
4991,0.7195651657957851,0
4992,0.9656822283314235,1
4993,0.9725311704162298,0
4994,0.7105480599363299,1
4995,0.957170457554464,0
4996,0.9766822738130535,0
4997,0.9885029998840404,0
4998,0.9822581734875818,0
4999,0.9999137655617647,1
5000,0.9889799796637497,0
5001,0.9871016049137975,0
5002,0.9979653911804596,1
5003,0.9297080915968206,0
5004,0.7479292403273362,0
5005,0.8311598362234742,0
5006,0.974227640131424,0
5007,0.9887505525270096,0
5008,0.9213723669024736,0
5009,0.7733041155011126,0
5010,0.5369691427097907,1
5011,0.9997750188056985,1
5012,0.7206759924488357,0
5013,0.6516986560537594,0
5014,0.9040505485048844,1
5015,0.9999453467717111,1
5016,0.9927136998318226,0
5017,0.7721444635698979,0
5018,0.9939523415030381,1
5019,0.7538622956061208,1
5020,0.9999999999999747,1
5021,0.9908550206186117,0
5022,0.976511213317519,0
5023,0.9794889826964452,0
5024,0.9114047024014574,0
5025,0.9801709764701817,0
5026,0.9871272039723425,0
5027,0.9773029798890215,1
5028,0.9402425029583618,0
5029,0.9999999953869447,1
5030,0.9805132432080227,0
5031,0.8437342879659883,0
5032,0.8697747304007584,0
5033,0.8370060924239597,1
5034,0.8612292356863053,0
5035,0.9923856604616533,0
5036,0.9231937794584216,0
5037,0.9999636870571799,1
5038,0.9843472523297159,0
5039,0.9062299777993997,0
5040,0.5781689445926094,1
5041,0.9778763070108328,0
5042,0.7203673612686414,0
5043,0.9698458586505352,1
5044,0.8120733396233053,0
5045,0.9550142311287692,0
5046,0.6927076715153198,0
5047,0.694372483294796,0
5048,0.9506145779070572,0
5049,0.9885038909519883,0
5050,0.600869848100279,1
5051,0.6248200585395819,1
5052,0.9984598784192485,1
5053,0.9678865561553421,1
5054,0.9396806524978032,0
5055,0.857677613779393,0
5056,0.5536234887251792,0
5057,0.9480288258798466,0
5058,0.9842448527233895,0
5059,0.8893722063800626,0
5060,0.9744952395494363,0
5061,0.9999962219827954,1
5062,0.5675063749788619,1
5063,0.991592663509002,0
5064,0.9854150444408614,0
5065,0.9547137083137418,0
5066,0.7757981641649195,0
5067,0.999999999929637,1
5068,0.89661700233405,0
5069,0.9999900318370437,1
5070,0.9823851179180106,0
5071,0.9144125625813242,0
5072,0.7311582241377687,1
5073,0.9628213793049277,0
5074,0.9902302475213125,0
5075,0.989882448231651,1
5076,0.9226802222939656,0
5077,0.9835124738252427,0
5078,0.9997976276046403,1
5079,0.6687201707892575,0
5080,0.635214083088074,0
5081,0.9814213387432146,0
5082,0.7944214444004108,0
5083,0.9831199965869939,0
5084,0.5569842046202454,0
5085,0.8202159803817723,1
5086,0.9820952896520702,0
5087,0.9917207131845797,1
5088,0.9905406817053976,0
5089,0.8492282152246861,0
5090,0.9012249615717957,0
5091,0.9785642850845454,0
5092,0.9841328456088914,0
5093,0.9880814712991539,0
5094,0.5727286111159648,0
5095,0.9623029468805173,0
5096,0.9888176660943927,0
5097,0.7762957456989961,1
5098,0.9510403487772463,0
5099,0.7513714818071583,0
5100,0.6266433919696169,1
5101,0.9856378113410575,0
5102,0.8441718716338437,0
5103,0.8774742663249561,0
5104,0.7711031260351688,0
5105,0.9738825796814667,0
5106,0.9921855944116817,0
5107,0.5676673978592747,1
5108,0.9935790739457317,1
5109,0.5835016223033849,1
5110,0.9995237728147747,1
5111,0.6079676861404819,1
5112,0.9997586090897389,1
5113,0.9987046007374498,1
5114,0.9796375167044604,0
5115,0.9047670365694526,0
5116,0.9850340366627908,0
5117,0.6337979825943001,0
5118,0.9770022810864213,0
5119,0.6225114991529346,1
5120,0.9713203590196843,0
5121,0.9124169984771141,0
5122,0.990824693310111,0
5123,0.5050862248148158,1
5124,0.9813246134230426,0
5125,0.6218535418174616,0
5126,0.736306173721017,0
5127,0.9468851513765411,1
5128,0.9892861059932931,0
5129,0.8796506484837201,1
5130,0.8573888397501902,0
5131,0.8212715492929106,0
5132,0.9807752935759929,0
5133,0.9759622674091728,0
5134,0.9999612645543223,1
5135,1.0,1
5136,0.9096083696285426,0
5137,0.9529091498266843,0
5138,0.9337502958072478,0
5139,0.9649831123343289,0
5140,0.6870729292816969,0
5141,0.9765157415657059,1
5142,0.5798307402140535,0
5143,0.99999951342154,1
5144,0.9542743771540549,0
5145,0.999999992963029,1
5146,0.7811205762373749,0
5147,0.9858372750205197,0
5148,0.9994284179267018,1
5149,0.9999968107179112,1
5150,0.9868286663656485,0
5151,0.9999999992818094,1
5152,0.9643561706033155,1
5153,0.9975753973344927,1
5154,0.9939424272824395,1
5155,0.968928605973685,0
5156,0.993783416454175,1
5157,0.9337343193113412,0
5158,0.9314916105425062,0
5159,0.9125074121925303,0
5160,0.9942268761839332,1
5161,0.9839228736963433,1
5162,0.9512785858429206,0
5163,0.7626047654161703,0
5164,0.9846998407449973,0
5165,0.6914055919832804,1
5166,0.9101179555285873,1
5167,0.6097831349422077,1
5168,0.9999999999993445,1
5169,0.9776159772251864,0
5170,0.9291139963742961,1
5171,0.9841571539790512,1
5172,0.6201239256972749,1
5173,0.9280513312678507,0
5174,0.9874450348880214,0
5175,0.8620455846501839,0
5176,0.9881730751330262,0
5177,0.9999999588495143,1
5178,0.8575039878133167,0
5179,0.9837391326837456,0
5180,0.7913798754693345,0
5181,0.5177363518759066,0
5182,0.7375611296099739,0
5183,0.9564888587226696,0
5184,0.624845617999733,0
5185,0.9892979313027014,0
5186,0.9660498490739086,0
5187,0.9896454244669004,0
5188,0.6282889109956992,1
5189,0.9506117850611907,0
5190,0.9904622910105627,0
5191,0.9507155362336513,0
5192,0.9576776159120824,0
5193,0.9591591111162822,0
5194,0.9210304513331349,0
5195,0.9603396489587167,0
5196,0.5620358927291247,1
5197,0.9649129361773885,0
5198,0.9999999821427915,1
5199,0.9830048750129875,0
5200,0.7576144494158058,1
5201,0.8846449586659227,1
5202,0.9828235615547725,0
5203,0.9859935821591234,0
5204,0.8166975386444769,0
5205,0.9910699964923306,0
5206,0.9428824274862525,0
5207,0.7785351855924691,0
5208,0.9156457705510405,1
5209,0.830827175511306,0
5210,0.9787267772313336,0
5211,0.7362715187810303,1
5212,0.9111514343925148,1
5213,0.999991983482231,1
5214,0.9999630724436147,1
5215,0.9653630214606037,0
5216,0.9997777177574786,1
5217,0.979714661958596,0
5218,0.8360515286324445,0
5219,0.9870882576165837,0
5220,0.9846952933277491,0
5221,0.9237036744971925,0
5222,0.9912466633291026,1
5223,0.959071952506275,0
5224,0.9709270549994823,0
5225,0.993349333588216,0
5226,0.6565234095883498,0
5227,0.9027271236233789,1
5228,0.663930397429075,0
5229,0.9875168443115852,0
5230,0.9770626100283338,1
5231,0.9749233347167099,1
5232,0.9755274531012971,0
5233,0.8978727207435776,0
5234,0.9967970022964657,1
5235,0.9125270589660456,1
5236,0.9950473168942355,0
5237,0.875873276483211,0
5238,0.9667763329159421,0
5239,0.9666230076187022,0
5240,0.9599001791248294,0
5241,0.8206466848441505,0
5242,0.9693005916097587,0
5243,0.5359112224460507,0
5244,0.9761884778802143,0
5245,0.9368859538123354,0
5246,0.9999999995104356,1
5247,0.9893886877146607,0
5248,0.9768550182529212,0
5249,0.5798281576142043,0
5250,0.9620478276156627,0
5251,0.9719540784067996,0
5252,0.9278666187205914,0
5253,1.0,1
5254,0.8895544018853,0
5255,0.9895107624643072,0
5256,0.6192679848091848,0
5257,0.8864141709373389,1
5258,0.9997925626311466,1
5259,0.9753293448249093,0
5260,0.9313180011886784,0
5261,0.5644048595763063,0
5262,0.8097071929283787,0
5263,0.7415263881553147,1
5264,0.9412134517903259,0
5265,0.9999135668024763,1
5266,0.9206864525838576,0
5267,0.9793339079112324,0
5268,0.990796801720739,0
5269,0.9825462254380685,0
5270,0.7417566665952262,0
5271,0.8247878591264401,0
5272,0.7440646709265301,1
5273,0.9690321895489139,0
5274,0.9923169365298319,0
5275,0.9871012257839898,0
5276,0.9837198666229515,0
5277,0.9999999999999134,1
5278,0.9835394778218824,0
5279,0.9732274994821202,0
5280,0.9476352809567798,0
5281,0.9594640085040198,0
5282,0.862466770304163,0
5283,0.8548822901560522,0
5284,0.9756826097117093,0
5285,0.8252347558014765,0
5286,0.9990678088438215,1
5287,0.9872727463952773,0
5288,0.990725032161238,0
5289,0.9932408842432879,0
5290,0.8868946348700224,1
5291,0.6398341985037271,1
5292,0.7899670026380812,1
5293,0.9941611573193909,1
5294,0.9790758787658129,0
5295,0.6788605142715322,1
5296,0.9911586412675625,0
5297,0.9920519470444741,0
5298,0.9999999998569922,1
5299,0.8840328713103845,0
5300,0.9897151665407166,0
5301,0.9487553100269912,0
5302,0.9845501531404405,0
5303,0.9975270249076909,1
5304,0.9530552931001478,0
5305,0.9822362259630374,0
5306,0.9631403506725607,0
5307,0.8505721129098025,0
5308,0.9999404807799989,1
5309,0.9235420756419398,0
5310,0.8932532665133776,0
5311,0.9890999749651859,0
5312,0.9996534451137784,1
5313,0.9999999999999996,1
5314,0.9900614129356502,0
5315,0.9609269034776153,0
5316,0.8490881467504104,1
5317,0.9673087167004242,1
5318,0.9873028016953107,0
5319,0.9924854610755112,0
5320,0.6386224575235925,1
5321,0.6574055568037548,0
5322,0.9851966204411887,0
5323,0.9999982758738944,1
5324,0.8585606471379891,1
5325,0.972646273874712,0
5326,0.8986208034438647,0
5327,0.9522099822291714,0
5328,0.9847804389896404,1
5329,0.9386203808975969,1
5330,0.9756602724234975,0
5331,0.8982992796369672,0
5332,0.999602543538321,1
5333,0.8879379559474334,0
5334,0.8449630588519054,1
5335,0.9573292781663274,0
5336,0.9635298905466423,0
5337,1.0,1
5338,0.9149935260280714,0
5339,0.9528253443804953,0
5340,0.9932373532657818,0
5341,0.893760522861659,1
5342,0.9860357864327812,0
5343,0.6523695975453283,0
5344,0.6145169816286291,0
5345,0.9688333536853293,0
5346,0.9501306648282914,0
5347,0.9654877991886333,0
5348,0.8797628952753574,1
5349,0.5322513315890405,1
5350,0.634150448526191,1
5351,0.9646483570980058,0
5352,0.9978624513607783,1
5353,0.8750972888141784,0
5354,0.9999997139824678,1
5355,0.999978919997074,1
5356,0.9784452542568502,0
5357,0.9872352956040252,0
5358,0.8833345024424994,0
5359,0.999997568481891,1
5360,0.8459639598047618,0
5361,0.9824515334002307,0
5362,0.9836949509796523,0
5363,0.8854927801752362,1
5364,0.9754226519416916,0
5365,0.8532831124717324,0
5366,0.619645347275264,1
5367,0.9807601114530828,0
5368,0.9928570510607414,1
5369,0.9423533450246595,0
5370,0.9008100044756001,0
5371,0.6189388497942203,1
5372,0.9989406788931243,1
5373,0.9159366519839113,1
5374,0.8779290849208864,1
5375,0.9886819857967069,0
5376,0.6868827798601749,1
5377,0.9878643066783223,0
5378,0.9734162757141933,0
5379,0.899568442429552,0
5380,0.6628790468234433,0
5381,0.9242856583679462,0
5382,0.9861995863767731,1
5383,0.5126973054407562,0
5384,0.5400108346959046,1
5385,0.8327093137603309,0
5386,0.9999999999425737,1
5387,0.9828801794929158,0
5388,0.9239820259426127,1
5389,0.638990122098454,0
5390,0.9834526175165461,0
5391,0.8889506612866739,0
5392,0.9088251960114878,0
5393,0.9569886178105966,0
5394,0.7357278471880092,0
5395,0.5310034343810697,1
5396,0.9168323358970585,0
5397,0.9997003596779446,1
5398,0.9775728701297632,0
5399,0.9540356484963588,1
5400,0.9732945790365632,1
5401,0.981180905899356,0
5402,0.9334392562337588,0
5403,0.9250483686295057,0
5404,0.9864250693835552,0
5405,0.9048966077940432,0
5406,0.9676316167334267,0
5407,0.9848545156276798,0
5408,0.6839707296295228,1
5409,0.9808668867298833,0
5410,0.7253479157151552,0
5411,0.9834948419505911,0
5412,0.9839212428367905,0
5413,0.9819906750420151,0
5414,0.8712409535693828,0
5415,0.8764190831965937,0
5416,0.8824107927722703,0
5417,0.9997727003085526,1
5418,0.9635286128012007,1
5419,0.9802476453166721,0
5420,0.9999999413156383,1
5421,0.9880809653018003,0
5422,0.935084444283968,1
5423,0.9901423913060123,0
5424,0.8331923048203421,0
5425,1.0,1
5426,0.9829180180814842,0
5427,0.7067655743532623,1
5428,0.9714494151295208,0
5429,0.8985335773586929,1
5430,0.9999997833474852,1
5431,0.9900142901089565,0
5432,0.9793853079631295,1
5433,0.9761712831743896,0
5434,0.9423412932782624,0
5435,0.9386413866912497,0
5436,0.9044509197560364,0
5437,0.8442758291136457,0
5438,0.96135363061917,0
5439,0.8656624940764698,0
5440,0.8999951684994882,1
5441,0.7956914867605492,0
5442,0.9914735849934763,1
5443,0.6576480911073839,1
5444,0.9502489828823484,0
5445,0.950091271602537,0
5446,0.9868314097800381,1
5447,0.9215380616079265,0
5448,0.9998433754023334,1
5449,0.8463940950052864,0
5450,0.9229020699490889,0
5451,0.7470471160616039,1
5452,0.991804686637774,0
5453,0.9736337630276677,0
5454,0.642396189868235,0
5455,0.9854957490772419,0
5456,0.8929908996112208,0
5457,0.9951905188276041,1
5458,0.9945104910395788,1
5459,0.8784715779491841,0
5460,0.9999999839032904,1
5461,0.9473550699844052,0
5462,0.9884053608251955,0
5463,0.6293327340180445,0
5464,0.9913780660984735,0
5465,0.9892738875940728,0
5466,0.9769896322161284,0
5467,0.967640782308241,0
5468,0.5363966324586095,1
5469,0.9896120614617555,0
5470,0.654046019495827,1
5471,0.9810448542402306,0
5472,0.9718971272633106,0
5473,0.9115280518208331,0
5474,0.9733193595476489,0
5475,0.9970030318880525,1
5476,0.9887405313662176,0
5477,0.9999959409719401,1
5478,0.999999999999988,1
5479,0.9879578189998303,1
5480,0.9459163039224687,0
5481,0.6095687731148554,1
5482,0.9922932839777063,1
5483,0.9952196104337472,1
5484,0.7231966918557362,0
5485,0.9999999985066621,1
5486,1.0,1
5487,0.8587695692680174,0
5488,0.9462701333063348,1
5489,0.9731271699028227,0
5490,0.9862269042454358,0
5491,0.5515655722602117,1
5492,0.99145519981536,0
5493,0.9885735928360538,1
5494,0.8712136833876207,1
5495,0.9456851279428349,0
5496,0.7733406791512317,0
5497,0.7904305194338047,0
5498,0.8771268143869769,0
5499,0.9723587925494964,0
5500,0.9824824650948593,0
5501,0.67033175883395,0
5502,0.9141964393381715,0
5503,0.9683202822255911,0
5504,0.9906427732923618,0
5505,0.9527197882035779,0
5506,0.8607304562910133,0
5507,0.9893163966670989,0
5508,0.7518868344226447,0
5509,0.9999999994193194,1
5510,0.9999999979460295,1
5511,0.7096029479543511,0
5512,0.9927267600428765,0
5513,0.9999221906101852,1
5514,0.9714946570983043,0
5515,0.6697519355754906,0
5516,0.9873204659099732,0
5517,0.9999115298973767,1
5518,0.9799754989732035,0
5519,0.606215696940207,1
5520,0.5925602839285931,0
5521,0.9542805017318408,0
5522,0.9903912577601749,0
5523,0.9825582066770058,0
5524,0.9622035296119229,0
5525,0.9999244407375973,1
5526,0.5347968117366679,0
5527,0.982334659725835,1
5528,0.5551437573272326,1
5529,0.9306359572175674,0
5530,0.9424511273681387,0
5531,0.8982743213186323,1
5532,0.9828387320735782,0
5533,0.6942679067656577,1
5534,0.9924290570556417,0
5535,0.9999991577605841,1
5536,0.9100886471132476,0
5537,0.999999999997752,1
5538,0.9768113141907502,0
5539,0.9837246169301791,0
5540,0.8445346356279245,0
5541,0.9903017939863102,0
5542,0.990678523175011,1
5543,0.9447464785511147,0
5544,0.9929886149411162,0
5545,0.9143594774251542,0
5546,0.9861166394935427,0
5547,0.9910300142921217,1
5548,0.9082684330313995,1
5549,0.7228649801071592,1
5550,0.9646601378637164,0
5551,0.9580746070730686,0
5552,0.9132322314177383,1
5553,0.8894095770248226,0
5554,0.9433654610204797,0
5555,0.9635162976134451,0
5556,0.8723683440052235,0
5557,0.6146894318300179,0
5558,0.9825111163173542,0
5559,0.7279863698619428,0
5560,0.8642453937061029,0
5561,0.9886946967251896,0
5562,0.987240791450988,1
5563,0.7428287441932432,0
5564,0.9536894641237045,0
5565,0.999999458124666,1
5566,0.9999999999994329,1
5567,0.8880416813188963,0
5568,0.985670181191074,0
5569,0.6813049559723803,1
5570,0.7584020554270378,1
5571,0.9914388430661196,1
5572,0.96485431412441,1
5573,0.6214494126297541,0
5574,0.9371752038600724,1
5575,0.9698263424571707,1
5576,0.9999909317924154,1
5577,0.9403586352560106,0
5578,0.9650366893056673,1
5579,0.9496688484558958,0
5580,0.9886052853168085,0
5581,0.9873026385149412,0
5582,0.9795859838657824,0
5583,0.9906578168204923,0
5584,0.9999992722860036,1
5585,0.9946711277842455,1
5586,0.772249159472198,0
5587,0.8652572841764741,0
5588,0.52213401664816,1
5589,0.9831137206491375,0
5590,0.7683108037910756,0
5591,0.6903339383381946,0
5592,0.6528406331878492,0
5593,0.9618482443615126,0
5594,0.7875979448139051,0
5595,0.972746032325671,0
5596,0.9879456481524673,0
5597,0.9505707954299591,1
5598,0.6819236011314592,0
5599,0.9999888661163967,1
5600,0.9823409600901714,0
5601,0.9574157536543012,1
5602,0.5889056597303896,1
5603,0.9910401614836318,0
5604,0.9866709263209844,1
5605,0.7433178289640873,1
5606,0.9275455412615788,1
5607,0.9165869778890955,1
5608,0.9827541114774261,0
5609,0.991935618608856,0
5610,0.8501690247446815,1
5611,0.8293757380380096,1
5612,0.8278524400951671,1
5613,0.9690120634713246,0
5614,0.9275246564439955,1
5615,0.8571092516026394,0
5616,0.5845738824422133,1
5617,0.9184210301777681,0
5618,0.9921792924968669,0
5619,0.881164183439558,0
5620,0.7276827085235574,1
5621,0.9714304430388181,0
5622,0.615877170372338,1
5623,0.9654128901719106,0
5624,0.8638343514921969,0
5625,0.7956311202598768,0
5626,0.6906178489235951,0
5627,0.8170256129980621,0
5628,0.9914571358841748,0
5629,0.8750370368690289,0
5630,0.5518548579708402,1
5631,0.770267564512795,1
5632,0.9251323403309648,0
5633,0.9872022559761108,0
5634,0.9980844901137125,1
5635,0.9891176693181014,0
5636,0.8581159247338763,1
5637,0.9357716459940654,0
5638,0.7749943625590431,0
5639,0.8792331013417028,0
5640,0.9939347831258423,1
5641,0.9872722730562332,1
5642,0.9999999999993152,1
5643,0.8067024589226732,0
5644,0.80469168040124,0
5645,0.9556681971923979,0
5646,0.7790772652015624,0
5647,0.9999999553561434,1
5648,0.7708129770051853,1
5649,0.6544100249738048,1
5650,0.9838161122129565,0
5651,0.8990850628086136,1
5652,0.9581366215903759,0
5653,0.9643915665839788,0
5654,0.9916391631941519,0
5655,0.6283264970054722,1
5656,0.8333324094973253,0
5657,0.8449703542945477,0
5658,0.7180946186605572,0
5659,0.662796136399954,1
5660,0.5672734234229876,1
5661,0.9999999987368753,1
5662,0.9911971254578417,0
5663,0.999890250852497,1
5664,0.985386985078663,0
5665,0.9588823216178535,0
5666,0.7139272736479373,1
5667,0.6769313012830303,1
5668,0.9695209089744546,1
5669,0.999852822635551,1
5670,0.9655135193950921,0
5671,0.9926879543029147,0
5672,0.960944203380084,1
5673,0.6765588875219024,1
5674,1.0,1
5675,0.8634163147900956,0
5676,0.6761228903310985,1
5677,0.9532012778026652,0
5678,0.51042287479014,1
5679,0.5892089079377931,0
5680,0.9999999999999789,1
5681,0.9784901978514564,0
5682,0.726834040439472,0
5683,0.7974802163332284,0
5684,0.9890336947947953,1
5685,0.9626320092920823,0
5686,0.6951016711022228,0
5687,0.540706325903473,0
5688,0.9248440594111281,0
5689,0.9146583429287364,0
5690,0.9751859573812318,1
5691,0.9999993703774792,1
5692,0.9773189326286236,1
5693,0.8167717700243069,1
5694,0.9943020324418498,0
5695,0.9854650916094038,0
5696,0.9930065803180889,0
5697,0.8618735849618798,1
5698,0.9909623980425586,0
5699,0.9554513634466784,0
5700,0.8705105727341672,0
5701,0.5582663771718039,0
5702,0.7774039221754189,0
5703,0.9624486836295261,0
5704,0.9999950626404157,1
5705,0.5870255354222962,0
5706,0.9923965138871303,1
5707,0.8561132083917683,0
5708,0.9662514992835839,0
5709,0.9718536362825899,1
5710,0.8331671018878821,0
5711,0.7904352030019263,0
5712,0.9670361304203654,0
5713,0.6182533026547015,1
5714,0.9341481889667107,0
5715,0.9511013416096753,0
5716,0.9833263605132923,1
5717,0.8516906069353084,0
5718,0.9394057027356171,0
5719,0.9505739216423992,0
5720,0.7355490032471181,0
5721,0.9614870389433419,0
5722,0.9118692034923785,1
5723,0.8449566759458695,1
5724,0.9999914796527801,1
5725,0.567262701631678,1
5726,0.7822503345897467,0
5727,0.971843451367514,0
5728,0.9502463364689255,0
5729,0.8980752686945828,0
5730,0.9574933139981726,0
5731,0.931031247933768,0
5732,0.9770997495122286,0
5733,0.9694384230074797,0
5734,0.9990748422730289,1
5735,0.9852973500185508,0
5736,0.9949272115833624,0
5737,0.9903220516522533,0
5738,0.981566000463269,0
5739,0.988040396311249,1
5740,0.9896563841692007,1
5741,0.9683100398039945,0
5742,0.9853518014562236,0
5743,0.939442135418744,0
5744,0.9827461542427045,0
5745,0.9812822788579547,0
5746,0.6597642758558963,1
5747,0.8671070824843019,0
5748,0.9845198954319302,0
5749,0.9246174745520237,0
5750,0.9326615133012285,0
5751,0.9832847145476916,0
5752,0.9999950017179285,1
5753,0.9298898454594795,0
5754,0.9636759128819282,1
5755,0.9150413889294016,0
5756,0.8099798531192529,1
5757,0.9985808241440506,1
5758,0.9995572844880605,1
5759,0.9839004004373495,0
5760,0.9860430633406502,1
5761,0.977397274049037,0
5762,0.9920258897223493,0
5763,0.6092608764349242,0
5764,0.8045894671212847,1
5765,0.8245252399778542,0
5766,0.9844331627475044,0
5767,0.7859225639786255,1
5768,0.7173519424325983,1
5769,0.9915337655420212,0
5770,0.7200906249503014,1
5771,0.7212819806283024,0
5772,0.9984770554593136,1
5773,0.6992060229471037,1
5774,0.8188398738378303,0
5775,0.9047696741836002,0
5776,0.9804012128977632,0
5777,0.6772984208702231,1
5778,0.990670653055151,0
5779,0.9950395645587785,1
5780,0.9870922045344404,0
5781,0.9260753186697024,0
5782,0.5591075196471886,1
5783,0.9351477415368282,0
5784,0.9914562580128972,0
5785,0.5928944239764301,0
5786,0.9829881991339061,0
5787,0.9699728749038695,0
5788,0.8744160078677833,1
5789,0.9314750465834587,0
5790,0.6228460888182982,1
5791,0.8781738399423469,0
5792,0.9264963323955057,0
5793,0.9975142478946935,1
5794,0.5122853219638369,1
5795,0.9771295209456856,0
5796,0.9569608350109714,0
5797,0.9836323964067462,0
5798,0.9685366824647671,1
5799,0.9865952176080742,0
5800,0.5351589722476574,1
5801,0.9654544622695889,0
5802,0.9999999966784969,1
5803,1.0,1
5804,0.9282471339213973,0
5805,0.9752568422641263,0
5806,0.5632766836479751,1
5807,0.7872221326093812,0
5808,0.79536238851579,0
5809,0.9364027813426377,0
5810,0.5878763078636532,0
5811,0.9853955641475071,0
5812,0.9999298561012501,1
5813,0.821557478850181,0
5814,0.5311856643517158,1
5815,0.9855435588305881,0
5816,0.8496069735726841,0
5817,0.698176660200155,0
5818,0.9705041445559514,1
5819,0.7998280838293006,0
5820,0.5340964238815298,1
5821,0.9922562838454287,0
5822,0.9999945105062527,1
5823,0.9963991945719146,1
5824,0.8345106187918755,1
5825,0.7397915057453481,0
5826,0.9775966460825218,0
5827,0.9810006660977126,0
5828,0.928077175616987,0
5829,0.989928081068703,0
5830,0.7546692472511405,1
5831,0.9771810942919722,0
5832,0.9420329654162457,1
5833,0.9768626590327351,0
5834,0.7624721814646885,0
5835,1.0,1
5836,0.9437731238995537,0
5837,0.7169179402736116,0
5838,0.980591328150987,0
5839,0.959358196568342,0
5840,0.9753979673579498,0
5841,0.5498491785118976,1
5842,0.9983050558840534,1
5843,0.7942492707567319,1
5844,0.999722009745011,1
5845,0.9468168801330683,0
5846,0.979047866961174,0
5847,0.873892562044124,0
5848,0.9831611867544425,0
5849,0.9863645386128324,0
5850,0.9924242938971788,0
5851,0.9815709324982613,0
5852,0.9924373947139772,0
5853,0.9888451127813747,0
5854,0.5240676404955037,0
5855,0.8801793421473464,0
5856,0.9599759386250838,1
5857,0.6025618028821507,0
5858,0.9866172010185856,0
5859,0.5503598921532871,0
5860,0.6307925165170095,0
5861,0.545427439144956,0
5862,0.6808035265258096,0
5863,0.9453206350581779,0
5864,0.7883683639063009,0
5865,0.991675736416041,0
5866,0.9622565574960553,0
5867,0.7284494987997362,0
5868,0.9917432581506777,0
5869,0.8324194145123536,0
5870,0.9673378321927644,1
5871,0.9107703408921618,0
5872,0.9400960690598884,0
5873,0.7972635157983038,1
5874,0.9828808349669081,0
5875,0.9716940679361716,0
5876,0.985786297193267,0
5877,0.8696670156432978,0
5878,0.9096506319620662,0
5879,0.9648497045476648,0
5880,0.9996531286412838,1
5881,0.6681134695321318,1
5882,1.0,1
5883,0.9919650625746854,0
5884,0.9439266906963353,0
5885,0.916700110270701,0
5886,0.9999999465945457,1
5887,0.6855225697105691,1
5888,0.9514314258712914,0
5889,0.9619002918844723,0
5890,0.9999971556380314,1
5891,0.9999999999089701,1
5892,0.5409398982986926,0
5893,0.9672789193358873,1
5894,0.9196298731253024,0
5895,0.9997689592798561,1
5896,0.9672622418163362,0
5897,0.8923898627550412,0
5898,0.999999937407136,1
5899,0.8822821029865263,0
5900,0.8231616056667518,1
5901,0.8038356270014904,0
5902,0.9141357966735842,0
5903,0.8961558586486831,1
5904,0.98584189314047,0
5905,0.7794110287846997,1
5906,0.9899008538965567,0
5907,0.9658031523045667,0
5908,0.9999999988968011,1
5909,0.9677480731408366,0
5910,0.9831728650896974,0
5911,0.6837681297078083,1
5912,0.9960229694515682,1
5913,0.9999762671740476,1
5914,0.9882101739443023,0
5915,0.9120358177210185,0
5916,0.9835149146022101,0
5917,0.5934147900956083,1
5918,0.9825653517522157,0
5919,0.9998284696074672,1
5920,0.9826617898588992,0
5921,0.9893382935513667,0
5922,0.9647703121013226,0
5923,0.7342001101423554,0
5924,0.6567678817591336,0
5925,0.8411448344482815,0
5926,0.9804195266958718,0
5927,0.8394042063339877,1
5928,0.9555311843099931,0
5929,0.8056608363217833,1
5930,0.9888158550723476,0
5931,0.96446918049796,0
5932,0.5699875893527009,1
5933,0.8110634253930061,1
5934,0.97558693930845,0
5935,0.9999999996312481,1
5936,0.6283626799894221,0
5937,0.9518732379266093,0
5938,0.9238882032101666,0
5939,0.9893834031155164,0
5940,0.8107533411023234,1
5941,0.9998471786926517,1
5942,0.673977665775401,0
5943,0.9663576512300768,0
5944,0.986315490304041,0
5945,0.9891373526378452,0
5946,0.9816529498924247,0
5947,0.9637148831964653,0
5948,0.967688968670817,0
5949,0.6566177731903305,0
5950,0.8284401213958148,0
5951,0.9999999999999982,1
5952,0.7266827767991857,0
5953,0.8184369061393251,1
5954,0.8330218739501133,0
5955,0.8096229304294802,0
5956,0.8438813291297573,0
5957,0.9851467334278752,0
5958,0.5367581147531706,0
5959,0.9879863721516281,0
5960,0.962090485713209,0
5961,0.9999999999696536,1
5962,0.9481651075224654,0
5963,0.6777738669027813,1
5964,0.9999999964482282,1
5965,0.9971008106679458,1
5966,0.8789266961921935,0
5967,0.9999999999995526,1
5968,0.9657332014488047,0
5969,0.9999999999999996,1
5970,0.9864667974917767,1
5971,0.991872890198659,1
5972,0.987002370757751,0
5973,0.9307995035483116,0
5974,0.6900946294098477,0
5975,0.8855526171446281,0
5976,0.98664980703694,0
5977,0.9789185057579888,0
5978,0.9999997632698929,1
5979,0.9914848468533684,0
5980,0.8823127535468392,1
5981,0.9824933702150281,0
5982,0.5215124826240668,0
5983,0.9435741527481787,0
5984,0.9999998666975372,1
5985,0.7586810656274291,0
5986,0.9922562838454287,0
5987,0.99999999056624,1
5988,0.9676692080832971,0
5989,1.0,1
5990,0.8532061388694208,0
5991,0.752518044680945,0
5992,0.9925290443296797,0
5993,0.9663108675308704,0
5994,0.9996810236036647,1
5995,0.7708789426493282,1
5996,0.9657029191505339,0
5997,0.8340881283996476,1
5998,0.9903135628032831,0
5999,0.6835967281425215,0
6000,0.982629822777649,0
6001,0.9638587628650302,1
6002,0.9909321577235635,0
6003,0.512852729114932,1
6004,0.914719390242333,1
6005,0.6837681297078083,1
6006,0.9784938305781521,0
6007,0.9999999913683197,1
6008,0.8537691944321754,0
6009,0.9732568488969082,1
6010,0.9865754775861529,0
6011,0.970760672959005,0
6012,0.8259218046225786,1
6013,0.8845742531819925,1
6014,0.9936236008035007,0
6015,0.91066523641744,0
6016,0.817699318199914,1
6017,0.942560581270424,0
6018,0.9750306088921566,1
6019,0.8354778724625754,0
6020,0.9930929592262235,0
6021,0.9999837174296716,1
6022,0.9893816408990069,0
6023,0.9872920657831528,0
6024,0.8677079570187409,1
6025,0.8459484673788257,0
6026,0.9937948387803411,0
6027,0.8852425096420627,0
6028,0.9350462703753399,0
6029,0.9857016248204261,0
6030,1.0,1
6031,0.9840053971826486,0
6032,0.98047207847121,0
6033,0.7909477752248754,0
6034,0.9889416365755839,0
6035,0.9801498959784205,0
6036,0.8580637129870515,1
6037,1.0,1
6038,0.9909470050247803,0
6039,0.9906429630876227,0
6040,0.9502885183242972,0
6041,0.9920446678626301,0
6042,0.9973473513141321,1
6043,0.9733452490687661,0
6044,0.9423602015418842,0
6045,0.8814803296147856,0
6046,0.9457864554102472,0
6047,0.9722130323633142,0
6048,0.8379334253036178,0
6049,0.9844531676036098,0
6050,0.7974707138596616,0
6051,0.991015471341365,1
6052,0.8638497376928319,0
6053,0.9843759966149864,0
6054,0.9758054290077394,0
6055,0.9554477497271829,0
6056,0.984288801725271,0
6057,0.6084362876309332,1
6058,0.9782444925945454,0
6059,0.5599821606249688,0
6060,0.9999990344804548,1
6061,0.6360979899308208,1
6062,1.0,1
6063,0.8907519959844298,1
6064,0.9857974480360022,0
6065,0.9999759259331404,1
6066,0.9901319214640807,0
6067,0.9879608343469861,0
6068,0.9782577800367099,0
6069,0.7937673132141948,0
6070,0.9245244750562546,0
6071,0.9989241737051271,1
6072,0.9997402025957426,1
6073,0.5945450748575656,1
6074,0.8787990138646119,0
6075,0.6700778482746867,0
6076,0.9486649046762169,1
6077,0.9857654886783277,1
6078,0.9931765268660834,0
6079,0.9329825142878917,0
6080,0.5093634385329051,1
6081,0.731282481109323,0
6082,0.9999999999998277,1
6083,0.7927806746201337,1
6084,0.9400646288458705,0
6085,0.604480033828202,1
6086,0.9884244543032517,0
6087,0.9964994451259516,1
6088,0.9665754993025085,0
6089,0.9897532261653346,0
6090,0.9681735965683537,0
6091,0.817313287276966,0
6092,0.6988762682264352,0
6093,0.9244732589428555,0
6094,0.7499998638838711,0
6095,0.9614525076676422,0
6096,0.9229449055130948,1
6097,0.7168484528508478,0
6098,0.9999999999962057,1
6099,0.5773829247320291,0
6100,0.9665250501396592,0
6101,0.9737821407600817,0
6102,0.9998185213198493,1
6103,0.9032429945086162,0
6104,0.9792993012733723,1
6105,0.6048723794291879,1
6106,0.9265197688970234,0
6107,0.999999999998459,1
6108,0.9671401946641287,0
6109,0.9876602162512936,0
6110,0.9868753050513531,0
6111,0.9812335377151233,0
6112,0.5172321268313198,0
6113,0.99221713823156,0
6114,0.9532630780848065,0
6115,0.9897346142135562,1
6116,0.8892217830050764,0
6117,0.9853812726084692,0
6118,0.9607008694595467,0
6119,0.9321282797412059,0
6120,0.9764392824370467,0
6121,0.7828907903653589,0
6122,0.8242632646343322,0
6123,0.9889849525828566,1
6124,0.9731968245657097,1
6125,0.9761837261576656,0
6126,0.970440784310626,0
6127,0.9068260129361205,0
6128,0.5447857803926541,0
6129,0.9735735165477669,1
6130,0.9409011074414958,0
6131,0.9942870418496832,1
6132,0.8805577960781468,0
6133,0.8829204367460559,0
6134,0.7882313165600642,1
6135,0.9885990734808892,0
6136,0.9020729312308572,0
6137,0.7894549197220402,1
6138,0.987199674820555,0
6139,0.9384719508850063,0
6140,0.9729787986041469,0
6141,0.7770974675743453,0
6142,0.9370805580823846,0
6143,0.9609986868143103,0
6144,0.8369080136512987,0
6145,0.9577163607612976,0
6146,0.9881124355059232,0
6147,0.7336083636346092,0
6148,0.9595020464567252,0
6149,0.9604240162503913,0
6150,0.8922835352599865,0
6151,0.9762112593089484,0
6152,0.9379770779764253,0
6153,0.8730376710977633,0
6154,0.6582526164992196,1
6155,0.9999768398606488,1
6156,0.9828452246977254,0
6157,0.9951816261885987,0
6158,0.9120418191002992,1
6159,0.9735058706498785,0
6160,0.5435384451191763,1
6161,0.9850731573690955,0
6162,0.5728073362237437,1
6163,0.9914551331249726,0
6164,0.9859261189110411,0
6165,0.6261013527676662,0
6166,0.9757934302252329,1
6167,0.9855971130934831,0
6168,0.5135710447117251,1
6169,0.7332108764569097,0
6170,0.9073054283995106,0
6171,0.9920803322677079,0
6172,0.9872346325359209,0
6173,0.9942121172453593,0
6174,0.9847774176112951,0
6175,0.9902970665127359,0
6176,0.9638416267924667,0
6177,0.773066342716362,0
6178,0.9819889426873482,1
6179,0.6097751843087093,0
6180,0.9102535829908628,0
6181,1.0,1
6182,0.8720306671277689,1
6183,0.990731030997553,0
6184,0.6122386753484719,0
6185,0.9443489318344034,0
6186,0.5216593912135824,1
6187,0.95983214288799,0
6188,0.9132947389751839,0
6189,0.9838472107395497,0
6190,0.5251984426096613,0
6191,0.9505770715956288,0
6192,0.9651913895585288,0
6193,0.9846442543911184,0
6194,0.5158685587554247,0
6195,0.9553417799692154,0
6196,0.929363433474608,1
6197,0.6933365954363534,1
6198,0.9920344147938592,0
6199,0.9373899057105357,0
6200,0.8750737333363099,1
6201,0.8812576524647885,0
6202,0.9618990538012682,0
6203,0.9951816261885987,0
6204,0.6835465915176165,1
6205,0.8977203361405404,0
6206,0.66406509635495,0
6207,0.9108912592078059,0
6208,0.7324165031226918,0
6209,0.9027837812070811,0
6210,0.9811069128678488,0
6211,0.9658378300641746,1
6212,0.9341550714859795,0
6213,0.8434924839069874,0
6214,0.9332654660728495,0
6215,0.9896873123094908,0
6216,0.9914095940939416,0
6217,0.9866950177403225,0
6218,0.9990971877198355,1
6219,0.5050464998321266,0
6220,0.9906854450235378,1
6221,1.0,1
6222,0.7813683048808623,1
6223,0.999927154924072,1
6224,0.9986502439844201,1
6225,0.9824760379219939,0
6226,0.9591283692319406,0
6227,0.9803593326657347,0
6228,0.9464331072069683,0
6229,0.9999999999644449,1
6230,0.9178618844480235,0
6231,0.9999333452792564,1
6232,0.784567365413822,0
6233,0.9993160520025011,1
6234,0.9597915157443695,0
6235,0.8979862374749549,0
6236,1.0,1
6237,0.9623451007026588,0
6238,0.9893567157863971,0
6239,0.5040309849520344,1
6240,1.0,1
6241,0.991061387494515,0
6242,0.9904374478256281,0
6243,0.9676797424632756,0
6244,0.9259671147612087,0
6245,0.9126843815399173,0
6246,0.5597246589435403,0
6247,0.9931709642926646,0
6248,0.9881312953895899,0
6249,0.9973877238687844,1
6250,0.8717581966121111,1
6251,0.6102406226082563,1
6252,0.5867824619882896,1
6253,0.983898750176962,0
6254,0.9823181141890804,0
6255,0.8919171064546617,1
6256,0.6016033389787212,0
6257,1.0,1
6258,0.9814211252842612,0
6259,0.9897101699050759,1
6260,0.9589956537068902,0
6261,0.950088219901073,0
6262,0.6725360477465139,0
6263,0.991792131662904,0
6264,0.9195151293189255,0
6265,0.9680779241938867,0
6266,0.8557133090363057,0
6267,0.9833118202580281,0
6268,0.6971062655787877,1
6269,0.9884697104476838,0
6270,0.934100357585854,0
6271,0.9634737277631512,0
6272,0.9999999999915998,1
6273,0.9755982843935308,0
6274,0.9168790545217298,0
6275,0.7546410814379968,0
6276,0.9999050600184395,1
6277,0.9999772336976956,1
6278,0.9769786154342756,0
6279,1.0,1
6280,0.85948976836742,0
6281,0.9430611140892455,0
6282,0.5040465147708718,1
6283,0.9445377231056044,0
6284,0.9740761448441099,0
6285,0.8668762857759412,0
6286,0.9097106802120956,0
6287,0.8230960158489611,0
6288,0.9815747416662546,0
6289,0.9851897842787739,0
6290,0.5202123290800218,1
6291,0.774387866139297,1
6292,0.946048894035761,0
6293,0.6649760425443342,1
6294,0.9378512364643301,0
6295,0.9999051525397085,1
6296,0.7580482315644992,0
6297,0.8883664565494621,0
6298,0.9995297406750038,1
6299,0.9866390177093622,0
6300,0.9925066202868006,0
6301,0.9834087899090349,1
6302,0.9122190383888618,0
6303,0.5403410094502673,0
6304,0.9895686031645015,0
6305,0.944941289949601,0
6306,0.9999999999976259,1
6307,0.9846702831278318,0
6308,0.9905926147794699,0
6309,0.9476006697034417,0
6310,0.996173959843354,1
6311,0.9645334895755538,0
6312,0.9999999999987235,1
6313,1.0,1
6314,0.9883123685506883,0
6315,0.9454307703877065,1
6316,0.953083798972592,0
6317,0.775967048155843,0
6318,0.9916186506882787,0
6319,0.980084587460504,0
6320,0.8827483070644835,0
6321,0.9881252911573629,0
6322,0.9716473502795003,1
6323,0.9890784237420661,0
6324,0.8287438272452745,0
6325,0.9999921651894638,1
6326,0.6773509429607283,1
6327,0.9854215883536963,0
6328,0.9999683632211885,1
6329,0.9897593868382747,0
6330,0.5442170884287293,1
6331,0.9995420802405336,1
6332,0.9999999890992403,1
6333,0.9845147859893025,0
6334,0.9777922626462838,0
6335,0.8287670054983868,0
6336,0.980692775472896,0
6337,0.9184160201043142,0
6338,0.9888986341266066,0
6339,0.9819643960887544,0
6340,0.9916285572781817,1
6341,0.8972155388659955,0
6342,0.7058102438257995,0
6343,0.5181834656521848,0
6344,0.9771436230613265,0
6345,0.9991733674907118,1
6346,0.9719911513609896,0
6347,0.9993621246682511,1
6348,0.657479292298976,0
6349,0.9727909169621013,1
6350,0.9747959659879971,1
6351,0.6225100364941879,0
6352,0.8981555417785216,0
6353,0.9920090669317506,1
6354,0.9882375692562442,0
6355,0.9913231670906703,0
6356,0.5264812876432379,0
6357,0.9071274642285976,1
6358,0.9024468468222995,1
6359,0.9997317281445298,1
6360,0.6548497173081413,0
6361,0.9845963035312862,0
6362,0.9997476447190757,1
6363,0.8400609272518949,0
6364,0.9253078745379091,0
6365,0.9290762464561344,0
6366,0.6180008819444895,1
6367,0.9848791458325548,0
6368,0.8781539981600506,1
6369,0.9900377029834169,0
6370,0.6819691743853178,0
6371,0.955353885799315,0
6372,0.9895148477749399,0
6373,0.9693952053172893,0
6374,0.9734444181672843,0
6375,0.9022546875222855,1
6376,0.6741593052315377,0
6377,0.9543605173122864,0
6378,0.9817965035155695,0
6379,0.8497591659871537,0
6380,0.5717201538192543,1
6381,0.9453140769446143,0
6382,0.9271410571605283,0
6383,0.7870708502056716,0
6384,0.9620647620139389,0
6385,0.7176388872584464,0
6386,0.9964385432801696,1
6387,0.9476315099758004,0
6388,0.9896012462995171,0
6389,0.981570385045187,0
6390,0.6598193345111859,0
6391,0.9896276152668166,1
6392,0.9698524070331185,0
6393,0.9045488902616717,0
6394,0.6593858162937586,1
6395,0.5529812209944209,0
6396,0.9665063546292217,0
6397,0.9998470964786568,1
6398,0.7747360116817386,1
6399,0.9431008328448768,1
6400,0.9778730793656105,0
6401,0.763561129750501,1
6402,0.7471185962485143,0
6403,0.9852859865316791,0
6404,0.5918361624608994,0
6405,0.9970557166732654,1
6406,0.7006412937018891,1
6407,0.9833262690707465,0
6408,0.913316565765809,0
6409,0.9766840650147902,0
6410,0.999639740688687,1
6411,0.5641573463155456,1
6412,0.8532242646348266,0
6413,0.5689055586391527,1
6414,0.9249892968950603,0
6415,0.7423526850644581,1
6416,0.9597446637640564,0
6417,0.7263577805673498,0
6418,0.9999999999994087,1
6419,0.555112091218959,0
6420,0.9568860849606804,0
6421,0.8362365669697175,0
6422,0.9859636336935502,1
6423,0.9148099169713144,0
6424,0.8814393463995853,0
6425,0.982739305297563,0
6426,0.986609106710713,0
6427,0.950438923823759,0
6428,0.5187477651703146,1
6429,0.986617956903245,0
6430,0.9102304394214641,0
6431,0.9599329984035092,0
6432,0.9999559839597457,1
6433,0.9999999999999476,1
6434,0.9459276719435902,0
6435,0.779692570383718,0
6436,0.762001908029146,0
6437,0.9803584089680224,0
6438,0.9887865302259143,0
6439,0.9882879268558523,0
6440,0.9999999999968425,1
6441,0.9864122689757437,0
6442,0.7774103472604585,1
6443,0.9325793744183568,0
6444,0.7882461092712331,0
6445,0.9942147593434582,0
6446,0.8224238025353976,0
6447,0.9840966889058212,0
6448,0.9999999990433512,1
6449,0.9579363742199698,0
6450,0.9759478135511617,0
6451,0.8665584457661835,0
6452,0.9999999417507918,1
6453,0.6004108278579323,1
6454,0.6487805155872646,1
6455,0.9020967434436176,0
6456,0.9615796186138893,0
6457,0.9473026008856905,0
6458,0.8951821360147488,0
6459,0.9764685842292147,0
6460,0.983219596596913,1
6461,0.9854319872944507,0
6462,0.9802840713194519,1
6463,0.9996088474532674,1
6464,0.9864258821966452,0
6465,0.9584447320328621,0
6466,0.9875192563063889,0
6467,0.7906878965421792,0
6468,0.9145521863234315,0
6469,0.9850629435155863,0
6470,0.9569284295322941,0
6471,0.9719935293836174,0
6472,0.9747506388722184,0
6473,0.5429774530522745,0
6474,0.9283852235892196,0
6475,0.9924598455989265,0
6476,0.9999997828744545,1
6477,0.9999999999999991,1
6478,0.8516857874411845,0
6479,0.9667569572235764,0
6480,0.9922351873911036,0
6481,0.989402984773386,0
6482,0.9783833688332869,0
6483,0.9984726853401844,1
6484,0.977533126047172,1
6485,0.9820521995531161,0
6486,0.8304496452646611,0
6487,0.8072843915248016,0
6488,0.5668768249054039,0
6489,1.0,1
6490,0.9862412140691399,0
6491,0.9863960654719233,0
6492,0.5531685011555212,0
6493,0.859480025719087,0
6494,0.9999999759964683,1
6495,0.6886162597051482,0
6496,0.8871028261359649,0
6497,0.999937064384164,1
6498,0.8830777179743745,0
6499,0.7905159160861147,0
6500,0.9999687288729394,1
6501,0.8546585055582965,1
6502,0.577170478983674,1
6503,0.9999988184698954,1
6504,0.9485641144289573,1
6505,0.8649799310453957,1
6506,0.9903492856434347,0
6507,0.9346120044355913,0
6508,0.7619865394858472,0
6509,0.8828597228382311,0
6510,0.5825783698197837,0
6511,0.5314286017816322,1
6512,0.9859969378791114,0
6513,0.9999027399347338,1
6514,0.994004496663129,0
6515,0.98509584616385,0
6516,0.816418846797533,0
6517,0.9410956435850166,0
6518,0.9419549190667476,0
6519,0.9999999999999818,1
6520,0.957766617001401,0
6521,0.8470254261893976,0
6522,0.9560720299437565,0
6523,0.9794592219632189,0
6524,0.9875763632640645,0
6525,0.6308379446716749,0
6526,0.9924837746571864,0
6527,0.9871882665746508,0
6528,0.836684229481951,0
6529,0.7847941490346575,1
6530,0.9815320922682795,0
6531,0.8546645714591625,0
6532,0.8084328780203887,0
6533,0.9850279996691874,0
6534,0.9856316749361581,0
6535,0.9865077440947672,0
6536,0.9915534649476426,0
6537,0.552808356784596,1
6538,0.9998642619178165,1
6539,0.9999875195201849,1
6540,0.956567424858073,0
6541,0.7652845465502693,0
6542,0.7425986251478199,0
6543,0.9346892374714564,0
6544,0.8938156018637007,0
6545,0.9904487496235829,0
6546,0.9891441454805447,0
6547,0.9876722608220604,0
6548,0.9924183645411551,0
6549,0.7079434754506017,0
6550,0.9390703857911314,0
6551,0.9355871242477478,0
6552,0.9858755309212172,1
6553,0.9683062690963837,0
6554,0.5060846937417842,0
6555,0.9658916605436393,0
6556,0.8042054524236989,1
6557,0.9996524298157525,1
6558,0.9756193413699943,0
6559,0.9206922739393801,0
6560,0.5020424120381446,0
6561,0.9809239626080338,0
6562,0.9903651544269982,0
6563,0.9857353277426898,0
6564,0.5125130498566284,1
6565,0.6409586071604337,1
6566,0.9893984636736699,0
6567,0.9999999999999996,1
6568,0.9617191424420446,0
6569,0.9415047742799715,0
6570,0.791971802686072,1
6571,0.9915199057104006,0
6572,0.9918063451613394,0
6573,0.9999761207607983,1
6574,0.9999999443014451,1
6575,0.9325945773344051,0
6576,0.9868640255823414,0
6577,0.967225447725993,0
6578,0.791132965768534,0
6579,0.9949277542536205,1
6580,0.9951158475576029,0
6581,0.9797433446522864,0
6582,0.9856439117139582,0
6583,0.9526896624811642,1
6584,0.7114076793033202,1
6585,0.5470327052844987,0
6586,0.9784665981128354,0
6587,0.9113425359232203,0
6588,0.9906258771679304,0
6589,0.9769255007275474,0
6590,0.955339147822508,0
6591,0.6019643452455044,0
6592,0.7826898229454506,0
6593,0.9896970859332459,1
6594,0.9994315866793945,1
6595,0.9940601562433082,1
6596,0.882648612820826,1
6597,0.970877260531167,0
6598,0.5013013808992978,1
6599,0.9999214485616874,1
6600,0.5676586410515764,0
6601,0.6281302005145263,0
6602,0.9999999999999991,1
6603,0.9999957371915782,1
6604,0.8893294421436042,1
6605,0.8112912652990982,0
6606,0.6449652452711255,0
6607,0.7041242290186049,0
6608,0.963567265945236,0
6609,0.974475680879943,0
6610,0.9590631108366345,0
6611,0.9722198638793819,0
6612,0.925340863760427,0
6613,0.9275663844483413,0
6614,0.9934415012645459,0
6615,0.7883348901430542,0
6616,0.6772467161167374,1
6617,0.7526095248330458,0
6618,0.9908324343472685,0
6619,0.991397262895924,0
6620,0.7469803700632248,0
6621,0.9554910147481689,0
6622,0.9778380582978591,0
6623,0.8461406427781868,0
6624,0.9999909362832718,1
6625,0.9516005742679423,0
6626,0.9677117400849545,1
6627,0.9920519470444741,0
6628,0.762084217510492,0
6629,0.8476364053256051,0
6630,0.6172150603423527,0
6631,0.91086417153105,0
6632,0.9998996677502245,1
6633,0.9999999999917417,1
6634,0.9921455538025398,0
6635,0.987850418207575,1
6636,0.7622002913502351,0
6637,1.0,1
6638,0.9699981684022444,1
6639,0.9999999999997082,1
6640,0.8996594305344274,1
6641,0.9999999999998743,1
6642,0.902245580880414,0
6643,0.9697905968007852,0
6644,0.967360448330187,0
6645,0.9868037568240702,0
6646,0.999966562402404,1
6647,0.7239830397529226,0
6648,0.8826068009251707,1
6649,0.9845090099548012,0
6650,0.9478588325930323,0
6651,0.9872864773213275,0
6652,0.6395816778451173,1
6653,0.9873932095913887,0
6654,0.9982554538543967,1
6655,0.958120913353833,0
6656,0.9990495132999795,1
6657,0.9784573214478008,0
6658,0.6200488427105398,0
6659,0.9329421111193147,0
6660,0.9850600654323203,0
6661,0.9717082390786103,0
6662,0.9754688024141274,0
6663,0.8574163842431506,0
6664,0.6514028134711074,0
6665,0.9797756829921404,0
6666,0.6801127642342734,1
6667,0.9558692727283705,0
6668,0.8937936328933572,0
6669,0.7854237937094781,0
6670,0.9899855955623744,1
6671,0.6544229180794522,1
6672,0.990275541852943,0
6673,0.9755464872494383,0
6674,0.5431428845032775,0
6675,0.913243684641497,0
6676,0.7852592509756867,0
6677,0.5952330494290126,1
6678,0.9436920183263944,0
6679,0.9852462717956403,0
6680,0.976747606220177,0
6681,0.9420754822643367,0
6682,0.991804686637774,0
6683,0.9353814772816625,0
6684,0.9774986058547874,0
6685,0.992280134372939,0
6686,0.9999902339864584,1
6687,0.8107721847305817,0
6688,0.7855490347167267,0
6689,0.8217769737760167,0
6690,0.8536669483545402,0
6691,0.9912005643942898,0
6692,0.9872128649577359,1
6693,0.9755260487741618,0
6694,0.5619875561959262,1
6695,0.9942456113894912,1
6696,0.9859142911807418,0
6697,0.9875969078139767,0
6698,0.978172354054458,0
6699,0.9423636354961977,0
6700,0.9820397278150228,0
6701,0.5261551349990136,1
6702,0.8524419334343779,0
6703,0.9996553532981658,1
6704,0.861518997553678,0
6705,0.7840783340530862,0
6706,0.9863345410188851,0
6707,0.777090346768362,0
6708,0.7387183961642392,1
6709,0.8094700735911868,0
6710,0.5829832490920067,1
6711,0.792301031272699,0
6712,0.9635203059202561,0
6713,0.999999836264598,1
6714,0.9807525937348607,0
6715,0.9456905020939235,0
6716,0.9999970525352749,1
6717,0.7905745370719239,0
6718,0.9620407194625906,0
6719,1.0,1
6720,0.9845882157635965,0
6721,0.977057759506029,0
6722,0.6541243068057924,1
6723,0.9999999999999991,1
6724,0.9734592508950043,0
6725,0.9825669904475566,0
6726,0.6299882607354809,0
6727,0.6365375829949368,0
6728,0.9796136898798895,0
6729,0.7577832320506673,0
6730,0.9079502103188648,0
6731,0.9660646523965903,0
6732,0.893611727377019,1
6733,0.8548118220293432,0
6734,0.9999999645584605,1
6735,0.9911417715709476,0
6736,0.9891786312585996,0
6737,0.9926693056175354,0
6738,0.8673969764646509,0
6739,0.9598565049344404,0
6740,0.9999998964483763,1
6741,0.9630757689334493,0
6742,0.991804686637774,0
6743,0.714804623969012,0
6744,0.550348699153829,1
6745,0.9887780612830274,0
6746,0.9938635947174396,0
6747,0.9580832664850869,1
6748,0.9853176007409041,1
6749,0.9566206931639254,0
6750,0.9867031189427757,0
6751,0.9983675224954258,1
6752,0.8516602790279146,1
6753,0.9876309218188223,0
6754,0.9999999999754123,1
6755,0.9163998696811311,0
6756,0.9758189042318673,0
6757,0.9763287827134624,1
6758,0.5146059867808206,1
6759,0.9958229102243463,1
6760,0.9321301455710647,0
6761,0.9635590406754244,0
6762,0.9897448739016921,1
6763,0.9921792924968669,0
6764,0.9371301282669269,0
6765,0.924555340069844,0
6766,0.7145194653452331,1
6767,0.7885052655765455,0
6768,0.739816782935345,1
6769,0.5605198780424315,0
6770,0.9949720963664619,0
6771,0.8281317989608924,0
6772,0.9838927446032908,0
6773,0.9440494919750118,1
6774,0.9564651698340082,0
6775,0.9828690493489246,0
6776,0.9556377549564409,0
6777,0.7755006499894104,1
6778,0.7651141020575803,0
6779,0.8263947017904759,0
6780,0.9401669929823591,0
6781,0.6658002143695517,0
6782,0.9784057175508819,0
6783,0.9999945025662312,1
6784,0.9895082166511378,0
6785,0.9669279425421716,0
6786,0.9574445537454447,0
6787,0.9874820549798486,0
6788,0.9858097828145981,0
6789,0.959663919584121,0
6790,0.9893849048285299,0
6791,0.9626228706907213,0
6792,0.6420349349651138,1
6793,0.9999926657156344,1
6794,0.9673272828261312,1
6795,0.948863741950125,1
6796,0.7438955049968132,0
6797,0.9638738566326874,0
6798,0.9999999706303058,1
6799,0.9940298495013354,1
6800,0.9662477569490068,0
6801,0.9900346286243312,0
6802,0.7900700392923379,0
6803,0.9176883055275546,0
6804,0.9592102513921321,0
6805,0.9038116902119806,1
6806,1.0,1
6807,0.9999943388612895,1
6808,0.9874090480153004,0
6809,0.9581955289681985,0
6810,0.8880299353345316,0
6811,0.930884720336999,0
6812,0.9815680328843535,0
6813,0.9739117642072745,0
6814,0.5693707178967633,0
6815,0.9761049599467927,0
6816,0.9486037858036627,1
6817,0.9430815397816914,0
6818,0.5033807277514285,0
6819,0.9775090224240274,0
6820,0.8022840158150177,1
6821,0.8081917846146938,0
6822,0.9690848819099691,0
6823,0.9999999999983724,1
6824,0.9932477436999917,1
6825,0.9999993687811253,1
6826,0.9607391043068579,0
6827,0.9920330820552039,0
6828,0.9886724872426123,0
6829,0.996367742401927,1
6830,0.8478558689298169,0
6831,0.9824929427606035,0
6832,0.971437864163796,0
6833,0.998467369522809,1
6834,0.9521188638493052,1
6835,0.7430067223537281,1
6836,0.9218923836025638,0
6837,0.9999999999928526,1
6838,0.6909347580788961,1
6839,0.8273695750990934,0
6840,0.9487447284281261,1
6841,0.8965197280686269,0
6842,0.9490716005319769,0
6843,0.990386305711257,0
6844,0.9932649502514046,1
6845,0.9647984615818006,0
6846,0.999998675055062,1
6847,0.9999905330595933,1
6848,0.9645322300307938,0
6849,0.6212428809010012,0
6850,0.9907707159159718,1
6851,0.9937876972087122,0
6852,0.7187492384498774,0
6853,0.9910856875032511,0
6854,0.5704706385705269,1
6855,0.9534487359784812,0
6856,1.0,1
6857,0.8709247679789566,0
6858,0.7761666546686109,0
6859,0.9831890598059948,0
6860,0.9915870392516581,0
6861,0.9890364280949225,0
6862,0.5959609655305445,1
6863,0.9723924466316363,0
6864,0.9838740744154496,0
6865,0.8648199518963108,1
6866,0.9802250761208551,0
6867,0.9564730801023482,1
6868,0.6270494244153033,0
6869,0.5067523586551081,1
6870,0.919200580478169,0
6871,0.8711718162401826,0
6872,0.7570289653938767,0
6873,0.9914843293140367,0
6874,0.9900054274703706,0
6875,0.5899026779384102,0
6876,0.5525585840872832,1
6877,0.7725997540411063,0
6878,0.9937045952934729,0
6879,0.8981054377576119,0
6880,1.0,1
6881,0.6546550169134269,1
6882,0.8119499675973426,0
6883,0.9629334470557929,0
6884,0.6053754836870291,0
6885,0.9597570348900747,0
6886,0.9130834234394893,0
6887,0.9830195415789292,0
6888,0.9078280079276959,0
6889,0.9816981864547456,0
6890,0.9915116824151078,0
6891,1.0,1
6892,0.5671456716659125,0
6893,0.6180624369264535,1
6894,0.8457355034474989,0
6895,0.5885413138219775,1
6896,0.990311624261761,0
6897,0.9469990170397925,0
6898,0.9650581361775022,1
6899,0.9489080853551333,0
6900,1.0,1
6901,0.8926393657644971,0
6902,0.9996392235441905,1
6903,0.8769171307041138,1
6904,0.9991470412275806,1
6905,0.7279696967460656,0
6906,0.7447788916711703,1
6907,0.8213429127773823,0
6908,0.7716494755555843,0
6909,0.9884754801135436,0
6910,0.8596120553830608,0
6911,0.9883217797640187,0
6912,0.9895443415646825,0
6913,0.5626389105279409,0
6914,0.9898253567929972,0
6915,0.8685754659907297,0
6916,0.8798212657489077,1
6917,0.9482467086036305,1
6918,0.9432534426815076,0
6919,0.9841364341798359,0
6920,0.7062720235322814,0
6921,0.99999999826012,1
6922,0.9997592759948785,1
6923,0.8969135093859869,0
6924,0.9896196085177544,0
6925,0.9621190489425453,0
6926,0.6733235792771205,0
6927,0.9898539209087367,0
6928,0.9785869498999143,0
6929,0.9787920176986067,0
6930,0.8834656658141866,1
6931,0.7779580995120728,0
6932,0.658523176947808,1
6933,0.9925035742393559,0
6934,0.9699978740329147,1
6935,0.7715964291925023,1
6936,0.7316318816951802,0
6937,0.9573624189733076,0
6938,0.9881996396616387,0
6939,0.9745800606243472,0
6940,0.9999999961458859,1
6941,0.8040799271327803,0
6942,0.509780975560236,1
6943,0.6469044653450925,0
6944,0.9667819564289776,0
6945,0.8751634235197383,0
6946,0.9999999107619506,1
6947,0.8226767546655003,0
6948,1.0,1
6949,0.898372848637154,0
6950,0.9997198290586495,1
6951,0.9614162271023521,0
6952,0.9999999999997575,1
6953,0.9883093763600274,0
6954,0.7941657291072411,0
6955,0.556257014714805,0
6956,0.8580180176516717,0
6957,0.8365837451740887,0
6958,0.9999150335115955,1
6959,0.8208336003912097,1
6960,0.9476955719079264,0
6961,0.9155743082079885,0
6962,0.5881725545114607,1
6963,0.8612454067741965,0
6964,0.7693923184312418,0
6965,0.999096971555179,1
6966,0.645835409151939,0
6967,0.9650022317241507,0
6968,0.9459535358696551,0
6969,0.7811363243866524,0
6970,0.7654695397263589,0
6971,0.8769915174406521,1
6972,0.9610101118104829,0
6973,0.693954901802604,0
6974,0.9865742427793074,0
6975,0.9999999903613608,1
6976,0.9729557267536605,0
6977,0.9287328363121,1
6978,0.9805771812692017,0
6979,0.6195678220185258,0
6980,0.9999999999958409,1
6981,0.8732952363175301,1
6982,0.9808929864864626,0
6983,0.8966421655925159,0
6984,0.9993698035163836,1
6985,0.8916730233239655,0
6986,0.9498524944899148,0
6987,0.9901732219179681,0
6988,0.8900228924763653,0
6989,0.8195549965231823,0
6990,0.9653193383209924,0
6991,0.9354701314831589,0
6992,0.9881992018799348,0
6993,0.6546976958238794,1
6994,0.8945100801477147,1
6995,0.9873071086402485,0
6996,0.9515116887491102,0
6997,0.9998242850730532,1
6998,0.9416509472700195,0
6999,0.9791695899341893,0
7000,0.9821272461933666,0
7001,0.9997633085584356,1
7002,0.987566212118141,0
7003,0.5599578187885333,1
7004,0.9667173207459059,0
7005,0.9543961305051584,0
7006,0.9999620711473244,1
7007,0.8069508282090249,1
7008,0.9024745365946435,0
7009,0.5792919661345163,0
7010,0.9999999999999729,1
7011,0.9470353832498297,0
7012,0.9758891564265165,0
7013,0.9848356426155999,0
7014,0.8423239272754078,1
7015,0.8627695698584379,1
7016,0.876843263004075,1
7017,0.9793985240451059,0
7018,0.8520483004168061,0
7019,0.9999548439238298,1
7020,0.8768525181939851,0
7021,0.709554330657034,0
7022,0.7056404758697121,0
7023,0.9807260429449866,0
7024,0.6295384624926276,1
7025,1.0,1
7026,0.9792713874237873,0
7027,1.0,1
7028,0.9887312195241831,0
7029,0.6652225068565412,1
7030,1.0,1
7031,0.9698846750873625,0
7032,0.6957897079060088,1
7033,0.9875879587961716,0
7034,0.9988960734892486,1
7035,0.5689158468029655,0
7036,0.9816826782502271,0
7037,0.9411426757657683,1
7038,0.9983192197083308,1
7039,0.983916828104598,1
7040,0.9762422548157356,1
7041,0.8747944441922363,1
7042,0.9999998893433248,1
7043,0.7654340942695945,0
7044,0.9792005692098132,0
7045,0.9884986850793804,0
7046,0.7195893761498618,1
7047,0.989096989424354,1
7048,0.9999999965650792,1
7049,0.835317473109778,1
7050,0.9825558113857225,0
7051,0.9829252937144953,0
7052,0.9509053387035179,0
7053,0.9938635947174396,0
7054,0.9665834817290114,0
7055,0.6403438017943278,0
7056,0.9054997460894411,0
7057,0.6468034442332845,1
7058,0.9839753706497992,0
7059,0.9628778076076182,0
7060,0.974367319437743,0
7061,0.999990386539232,1
7062,0.985937637387328,0
7063,0.7496288427115524,0
7064,0.9997240904294412,1
7065,0.9769093793539522,0
7066,0.846528946702313,0
7067,0.9620706545395207,0
7068,0.8827702162546347,0
7069,0.6527482681414254,0
7070,0.9865435853835601,0
7071,0.9859298143854788,0
7072,0.5705560885113992,1
7073,0.9344114290523591,0
7074,0.9562401942610453,0
7075,0.9574098061219999,0
7076,0.5368945373744067,1
7077,0.9781869893465883,0
7078,0.9171696808111774,0
7079,0.9800854249326838,0
7080,0.9654361111335354,0
7081,0.9966844350445565,1
7082,0.9601413922031514,0
7083,1.0,1
7084,0.7289964240775958,1
7085,0.9989736127850847,1
7086,0.8910331506194178,0
7087,0.980806707951358,0
7088,0.886883766390563,0
7089,0.9618262603751139,0
7090,0.9241951328424343,1
7091,0.8435751785766363,0
7092,0.961006835984005,0
7093,0.9524461489414943,0
7094,0.6822259614900862,1
7095,0.970145122752633,0
7096,0.861438547802477,0
7097,0.6788311744964739,0
7098,0.9706862526739019,0
7099,0.6707527171276237,1
7100,0.9956444810386958,1
7101,0.9916230392663421,0
7102,0.9467212902506147,0
7103,0.9736556471186524,0
7104,0.9999999999998992,1
7105,0.8326065017675267,0
7106,0.7480715977313847,0
7107,0.9673304354161005,0
7108,0.5048589658646395,0
7109,0.9865977677734564,0
7110,0.9854535460043615,0
7111,0.9115045036819213,0
7112,0.5346918160538155,1
7113,0.5290217116734353,0
7114,0.9531336398896817,0
7115,0.836117277857119,0
7116,0.9991272861113925,1
7117,0.8116314835796964,0
7118,0.9760179626676676,0
7119,0.6523504485555199,0
7120,0.9764578456548061,0
7121,0.6381023021581933,0
7122,0.7063996360051892,0
7123,0.8702242837429399,0
7124,0.9258598335417467,0
7125,0.9611423735597766,0
7126,0.9653991321577206,0
7127,0.6339245892281703,0
7128,0.986730748642542,0
7129,0.9364530850531754,0
7130,0.9910511573446938,0
7131,0.989027779532726,0
7132,0.9817286697792502,0
7133,0.879470244387385,0
7134,0.9676960999140389,0
7135,0.9920519470444741,0
7136,0.9890688651699974,1
7137,0.9999999999999285,1
7138,0.8998762686832262,1
7139,0.96810786882708,0
7140,0.7974286026626852,0
7141,0.7833589033819097,1
7142,0.980461722681327,0
7143,0.8724000085055679,1
7144,0.9916369015717629,0
7145,0.9877372549414335,0
7146,0.6443984902171902,1
7147,0.9999999999197438,1
7148,0.9919245420635219,0
7149,0.9857790418238283,0
7150,0.9999999998728937,1
7151,0.9809953630300434,0
7152,0.8559040197004658,0
7153,0.998399013989731,1
7154,0.970414329637898,0
7155,0.9876700287509209,0
7156,0.9762154329380459,0
7157,0.9909343382364157,0
7158,0.9910306189500406,0
7159,0.8477895661772561,0
7160,0.9827669863623628,0
7161,0.8134621198721008,1
7162,0.9773987852214701,0
7163,0.9946678524678345,1
7164,0.9706289775669095,0
7165,0.8903525911133243,0
7166,0.978098971263473,0
7167,0.5807685885750608,0
7168,0.9892369405328408,0
7169,0.6125084449698054,0
7170,0.993409959404054,0
7171,0.9016863436502124,1
7172,0.9651464121620555,0
7173,0.8681183226517256,0
7174,0.9264600795425854,0
7175,0.9578865872652444,1
7176,0.9272341658629494,0
7177,0.6366902396786238,0
7178,0.9882885077620045,0
7179,0.8467341018747554,0
7180,0.9760146902547406,0
7181,0.9870879824127613,0
7182,0.8223276101287135,1
7183,0.951411279345911,0
7184,0.9868753466243005,0
7185,0.8699575903255822,0
7186,0.5673363149387474,1
7187,0.9895505014878734,0
7188,0.98367225713146,0
7189,0.9738868325316012,0
7190,0.6690395919618003,1
7191,0.9782532541949723,0
7192,0.5965061494751018,0
7193,0.9894638543227782,1
7194,0.9052732461515792,0
7195,0.9824810037205661,0
7196,0.7785137006549626,0
7197,0.9890314489534395,0
7198,0.929028194781594,0
7199,0.9999583060755537,1
7200,0.598631279440059,0
7201,0.5679701085714158,1
7202,0.6763470862620858,0
7203,0.669975114701917,0
7204,0.9763051506144512,1
7205,0.9770895075528674,0
7206,0.8982447036145607,1
7207,0.7999877296120378,0
7208,0.9759919623488249,0
7209,0.6123698477484095,1
7210,0.9999973998913446,1
7211,0.9639266078423513,1
7212,0.9864325510086329,0
7213,0.7525135062510085,1
7214,0.9282338754569126,1
7215,0.9331212399673765,0
7216,0.9807330467991692,0
7217,0.9393606366794613,0
7218,0.674990077529556,0
7219,0.9999999682427546,1
7220,0.8313023083486307,0
7221,0.841687477297553,0
7222,0.9286813436872109,0
7223,0.9351810505919275,0
7224,0.9913964488961046,0
7225,0.8894447686693642,1
7226,0.9999679341104872,1
7227,0.9441886540712038,0
7228,0.9603357198900055,1
7229,0.9213708878279911,1
7230,0.8557093001322369,0
7231,0.539107443933013,1
7232,0.9999999996768745,1
7233,0.9530474371245808,0
7234,0.7177904514353834,1
7235,0.9598353193692318,1
7236,0.947331314536357,1
7237,0.8549940730122735,0
7238,0.9872059569459335,0
7239,0.759453424614056,0
7240,0.9327767554872929,0
7241,0.5438863337401624,1
7242,0.8304020965266767,0
7243,0.8751100682419523,0
7244,0.992153890695095,1
7245,0.9725133597009512,0
7246,0.9458822832678181,0
7247,0.6791950680672668,1
7248,0.9684745949725889,0
7249,0.9782134955149872,1
7250,0.9671873265255295,0
7251,0.8259099594932159,1
7252,0.971570690177182,0
7253,0.9646314428173687,0
7254,0.9999248873787787,1
7255,0.9856222188815796,0
7256,0.9738653321875179,0
7257,0.9454412227181641,1
7258,0.7857610366594789,1
7259,0.6368139507127573,0
7260,0.997559734125879,1
7261,0.6304548011233643,1
7262,0.8741835737926628,1
7263,0.9883548977002755,0
7264,0.7111386574645523,0
7265,0.9675448403107414,0
7266,0.9876513173300258,0
7267,0.9999997124514262,1
7268,0.9806771687234435,0
7269,0.9865959510851924,0
7270,0.9156229679196598,0
7271,0.6160064018403444,0
7272,0.9671886020149806,0
7273,0.7868459927482955,0
7274,0.9532858266886047,1
7275,0.6300611569866014,1
7276,0.9850541275399118,0
7277,0.8378927662789397,0
7278,0.9999999999999849,1
7279,0.813290307234373,0
7280,1.0,1
7281,0.9301443779790133,0
7282,0.5296549764444097,0
7283,0.9347680705463539,0
7284,0.9395145905516502,0
7285,0.8181676392813285,0
7286,0.9999874932458683,1
7287,0.9239730236624737,0
7288,0.7983824395488642,0
7289,0.9883442840264881,0
7290,0.9696367319914604,0
7291,0.9243378434561457,0
7292,0.9999033965812494,1
7293,0.5954570537050714,0
7294,0.8795589282465159,0
7295,0.5148875489812558,1
7296,0.9913972009563943,0
7297,0.6039090878234625,0
7298,0.9999984068475224,1
7299,0.9939069975387238,0
7300,0.9154230167340155,0
7301,0.8963211502086177,0
7302,0.9999999527908143,1
7303,0.8632360298862172,0
7304,0.6658248232482603,0
7305,0.9829783139611039,0
7306,0.7337695160439027,1
7307,0.8795294224381968,0
7308,0.9314562210540297,0
7309,0.5712296926996756,0
7310,0.9342929076193117,0
7311,0.9999999504116518,1
7312,0.8359767395695944,0
7313,0.9989398035715935,1
7314,0.9846195250966072,0
7315,0.6408022382680998,0
7316,0.9805876865930113,1
7317,0.9665944944492076,0
7318,0.9561386100140725,1
7319,0.9908510223747903,0
7320,0.7555315777344023,1
7321,0.9575473823614958,0
7322,0.9669645846457707,0
7323,0.7678617269432705,0
7324,0.6100816639893748,0
7325,0.9808034615671825,0
7326,0.8978547348284636,0
7327,0.9757677326139553,0
7328,0.5493014357289755,0
7329,0.9999999984184651,1
7330,0.7616954409171001,0
7331,0.6412802548123129,1
7332,0.914076174228533,0
7333,0.6460375772000182,1
7334,0.9567336664359248,0
7335,0.7760543640421094,0
7336,0.9679133777222234,0
7337,0.9999999584857218,1
7338,0.9848221782266425,0
7339,0.9999999090127433,1
7340,0.8731992868404665,0
7341,0.9627408702518688,0
7342,0.9850965765712374,0
7343,0.7476623438374373,1
7344,0.8848290776134771,0
7345,0.9525464945191023,1
7346,0.7983637081911487,0
7347,0.7321596581629979,0
7348,0.9784223874647227,0
7349,0.9864467419271669,0
7350,0.9995418172940669,1
7351,0.8965943276855517,0
7352,0.9578536803439124,1
7353,0.9904395713607084,1
7354,0.9544144241114093,0
7355,0.9999999999988014,1
7356,0.5638718702440864,0
7357,0.9908793534190293,1
7358,0.9953408044603851,1
7359,0.7746314274834566,0
7360,0.9794519710532477,1
7361,0.9558970166538023,0
7362,0.9578547206486215,0
7363,0.72563358348043,0
7364,0.9997521136680155,1
7365,0.9383572155209545,0
7366,0.9877435045993764,0
7367,0.9865344499033101,0
7368,0.9502189176529703,1
7369,0.9859806416940468,0
7370,0.5733881452347618,1
7371,0.9923422623061718,0
7372,0.9695256174175918,0
7373,0.9407621809668111,0
7374,0.6327720903679509,0
7375,0.9727581072431701,0
7376,0.9999194653951863,1
7377,0.9218840016878243,0
7378,0.9894434501310253,0
7379,0.9929438968897155,0
7380,0.5641966195031507,0
7381,1.0,1
7382,0.9299550868759009,0
7383,0.8125914291244094,0
7384,0.8946303251968131,0
7385,0.8362546118563804,0
7386,0.6506818768088933,0
7387,0.858250611733083,1
7388,0.9718377075546775,1
7389,0.9999999950324039,1
7390,0.9239492708548805,0
7391,0.8674821641612298,0
7392,0.7223170852250625,0
7393,0.9714190628660456,0
7394,0.9999999151571359,1
7395,0.6943897647982407,1
7396,0.9977228061737365,1
7397,0.9423322246544155,1
7398,0.991768581949925,0
7399,0.9309807387985416,0
7400,0.9542223071354689,0
7401,0.8085292525011626,1
7402,0.8591125736590578,0
7403,0.5691214999237825,1
7404,0.7261961253570793,0
7405,0.816664106110347,1
7406,0.9903131811846713,0
7407,0.8390049606940894,0
7408,0.9999178122556909,1
7409,0.9999859793035661,1
7410,0.9458446932363227,0
7411,0.7909489258070576,0
7412,0.8431564123558355,0
7413,0.9593048980647417,0
7414,0.9897227929703567,0
7415,0.9923442336227786,0
7416,0.9917183523086648,1
7417,0.9773100318730615,0
7418,0.9765161846511284,0
7419,0.9882309553838923,0
7420,0.9806490745753035,0
7421,0.983604231613782,0
7422,0.7550651526945207,1
7423,0.999999999999968,1
7424,0.9356090122675181,0
7425,0.9539741223052078,1
7426,0.9901810801694093,0
7427,0.9346832076903431,0
7428,0.6435419757837251,1
7429,0.9997073588017753,1
7430,0.9817585882706471,0
7431,0.755028162293808,0
7432,0.9405874663159083,1
7433,0.9919031971726708,0
7434,0.9783145535090436,0
7435,0.7041700211961348,1
7436,0.9412296433562525,0
7437,0.9929709120290299,0
7438,0.9059541458735583,0
7439,0.8728891255240202,0
7440,0.8526996440581368,0
7441,0.9651812541635227,0
7442,0.9999999999923002,1
7443,0.9655152583730914,0
7444,0.6879600337572831,0
7445,1.0,1
7446,0.8307839409175544,1
7447,0.9849834282304205,0
7448,0.8236642113900716,1
7449,0.9649316974450892,0
7450,0.7364901526134954,0
7451,0.9805842098183657,0
7452,0.7367918191741613,0
7453,0.9619635498770719,1
7454,0.6877231550019215,1
7455,0.6400568750869359,1
7456,0.986000892016292,0
7457,0.9994389175817683,1
7458,0.7760905173311219,0
7459,0.9917616041314394,0
7460,0.8817687642645313,1
7461,0.8163799276302697,0
7462,0.6733313746262388,0
7463,0.6611910854121417,1
7464,0.9818430093442235,0
7465,0.8687039548601407,0
7466,0.9999928797674208,1
7467,0.9441959135034103,0
7468,0.9004512518132853,0
7469,0.9775843381023885,0
7470,0.9892600483123871,0
7471,0.5587972249822254,1
7472,0.9924423914215516,0
7473,1.0,1
7474,0.6809635466525407,1
7475,0.9890429184706382,0
7476,0.9091707628997531,0
7477,0.8475621132416411,0
7478,0.9787960194714566,0
7479,0.9926687630472913,0
7480,0.9676149376192268,0
7481,0.9979793706496116,1
7482,0.9596809418159961,0
7483,0.9666903455812941,0
7484,0.9911324449238013,0
7485,0.9999999999881259,1
7486,0.93751779518097,0
7487,0.9870736136123184,0
7488,0.749151085648659,0
7489,0.5385630843125981,0
7490,0.9939506507788562,0
7491,0.6926855864636569,1
7492,0.9925200687251051,0
7493,0.9529870017652897,0
7494,0.9733813451105072,0
7495,0.9901289827673013,0
7496,0.9417624364477778,0
7497,1.0,1
7498,0.9535958424373493,0
7499,0.9243880508802204,0
7500,0.9912324105332441,0
7501,0.9435061362167736,0
7502,0.6201781031893286,0
7503,0.9815445610255038,0
7504,0.9921836357474815,0
7505,0.9999999999999978,1
7506,0.9871833113503613,0
7507,0.9873533630353494,0
7508,0.9885091641060323,0
7509,0.9190057261576972,0
7510,0.969718680368153,0
7511,0.9999998462950304,1
7512,0.8379862493031498,0
7513,0.9456165562555481,0
7514,0.8778061109166356,0
7515,0.9893769308738961,0
7516,0.9927675375695834,1
7517,0.9972180754342763,1
7518,0.9997310855447712,1
7519,0.8579826963431184,0
7520,0.9869448685257324,0
7521,0.999989416018265,1
7522,0.9999985004763253,1
7523,0.9318192765285517,1
7524,0.8967454565502052,0
7525,0.9916744830350704,0
7526,0.953323884582392,0
7527,0.9629154713762806,0
7528,0.795381594349913,1
7529,0.9692212698258621,0
7530,0.6141976460048768,1
7531,0.752860900264803,1
7532,0.7534072209411197,0
7533,0.9720358816304344,0
7534,0.9999999999990958,1
7535,0.9878721352990303,0
7536,0.7565157878531841,1
7537,0.6616603419661274,1
7538,0.9603016591883595,0
7539,0.5903821149461126,1
7540,0.7401040543113317,1
7541,0.592989450892146,0
7542,0.9999985251921866,1
7543,0.8984913389527481,0
7544,0.9926516868478351,0
7545,0.8914132989797574,0
7546,0.9557084331675814,0
7547,0.9612908568508706,0
7548,0.9214943977754168,0
7549,0.9638402554647815,1
7550,0.929739327709485,1
7551,0.9999999954615084,1
7552,0.9409256652760576,0
7553,0.9811187553868728,1
7554,0.9999999999737932,1
7555,0.9127026875938669,0
7556,0.9880623509506457,0
7557,0.9660310838983992,0
7558,0.9655164504855165,1
7559,0.984850863654134,0
7560,0.9999999999991778,1
7561,0.7837742692517313,0
7562,0.9998047199365819,1
7563,0.8370008809175435,1
7564,0.676629673895433,1
7565,0.7689431407176182,0
7566,0.9916467992833239,0
7567,0.9886119307367797,0
7568,0.9907865711346456,0
7569,0.9010434496635578,1
7570,0.992573693236777,0
7571,0.9900577993120833,0
7572,0.9847104029159182,0
7573,0.9999999052788511,1
7574,0.9551280262480315,0
7575,0.8500464368327649,1
7576,0.9653044125939341,0
7577,0.9622119454715611,0
7578,0.9863717332032577,0
7579,0.9243614765020189,0
7580,0.9309557612955154,0
7581,0.9999998149824822,1
7582,0.9999984000700264,1
7583,0.9684760786984025,0
7584,0.5092261745419854,0
7585,0.9943020324418498,0
7586,0.9597862153266363,1
7587,0.9114143586635668,0
7588,0.9917416391332988,0
7589,0.9820362484421666,0
7590,0.9186522630519567,1
7591,0.9805082918070852,0
7592,0.8692384797547956,0
7593,0.9427952524456159,0
7594,0.9309239083593285,0
7595,0.9553425343296316,1
7596,0.6206427047500536,0
7597,0.7901642118069001,0
7598,0.9667957704710125,0
7599,0.9976230407487563,1
7600,0.9629154713762806,0
7601,0.9999310298744944,1
7602,0.9557344758943421,0
7603,0.9288400270424558,0
7604,0.9530490991634084,0
7605,0.989987656280338,1
7606,0.9833371537078821,0
7607,0.9907445102553185,0
7608,0.9739534046063681,0
7609,0.980132853414695,0
7610,0.960588887397063,0
7611,0.9576401557814507,1
7612,0.9768887063280902,0
7613,0.9551924186499805,0
7614,0.9850407315127649,0
7615,0.9919077425392205,0
7616,0.8687016486864403,0
7617,0.9916081696311654,0
7618,0.9799470033166189,0
7619,0.6643552021893585,0
7620,0.7728801792342858,0
7621,0.9733680716824411,0
7622,0.9910891978232452,0
7623,0.9228235682986949,0
7624,0.9071240483138525,0
7625,0.5823709519731116,0
7626,0.6342415689823763,1
7627,0.9801911662418796,0
7628,0.981826268336936,0
7629,0.8967769043729786,0
7630,0.9955232293115291,0
7631,0.9934425852901176,1
7632,0.9688821891364473,0
7633,0.9834356723689277,0
7634,0.9050650731216726,0
7635,0.9917646584700686,0
7636,0.9999895509967509,1
7637,0.9999955925826118,1
7638,0.9917459078015642,0
7639,0.9999972923513256,1
7640,0.9836191562565734,0
7641,0.9777061069356715,0
7642,0.9468220038572945,1
7643,0.9880500613808901,0
7644,0.9999877832635617,1
7645,0.985276917685511,0
7646,0.9572543027405472,0
7647,0.6609175777337497,1
7648,0.7423889706265386,1
7649,0.6721644264595487,0
7650,0.7531479676107493,0
7651,0.991847322370171,0
7652,0.9915461497217638,0
7653,0.9756691686433303,0
7654,1.0,1
7655,0.9331777882498402,1
7656,0.5826102457459749,0
7657,0.9820480300045463,0
7658,0.5216871431795259,1
7659,0.8478100371255101,0
7660,0.9999999999999998,1
7661,0.9999998920003293,1
7662,0.7966719642868768,0
7663,0.9913283251589511,0
7664,0.8246650540348432,0
7665,0.9875862535074483,0
7666,0.693084123958639,1
7667,0.9875283625997542,0
7668,0.9892734576505062,0
7669,0.9906053261362386,0
7670,0.9746722980819658,0
7671,0.785320432090588,1
7672,0.9704989160508706,0
7673,0.9850093203318867,0
7674,0.5791765335188906,0
7675,0.9239701042497668,0
7676,0.8559141221666391,0
7677,0.9605736460208134,0
7678,0.8349427620641249,0
7679,0.9077000128718308,0
7680,0.9730086895919556,0
7681,0.9969823389929354,1
7682,0.8997545377268263,1
7683,0.9887863073474914,0
7684,0.9692629153136436,0
7685,0.819035204283525,0
7686,0.9622469398239545,0
7687,0.9668860779386627,0
7688,0.7849493897987319,0
7689,0.9745601480768483,0
7690,0.9806806014928029,0
7691,0.8851745405967993,0
7692,0.5225635876716139,0
7693,0.9999173451849174,1
7694,0.9999955816137651,1
7695,0.8669730019075792,0
7696,0.7407645239963477,0
7697,0.9328263125029688,1
7698,0.9884705145373155,0
7699,0.9887034376395937,0
7700,0.9808027056021927,0
7701,0.9719277116861026,0
7702,0.9362289045944904,0
7703,0.5819680825153106,1
7704,0.9879770288636643,0
7705,0.9437996704426143,1
7706,0.9943572375823605,1
7707,0.9992589080088535,1
7708,1.0,1
7709,0.9931001421571728,0
7710,0.6888742556138195,0
7711,0.9920802933840656,0
7712,0.8612272477604533,0
7713,0.6953767723205534,1
7714,0.9833556682852281,0
7715,0.9312506917880866,0
7716,0.9758070711074351,0
7717,0.9370961746798337,0
7718,0.7321274554568094,0
7719,0.7084499008431974,0
7720,0.9934269892166222,1
7721,0.6492615669072385,1
7722,0.9661172490576394,0
7723,0.9645588098224557,1
7724,0.9965643689834832,1
7725,0.9681019424388795,0
7726,0.9838229625062669,1
7727,1.0,1
7728,0.804696650480982,0
7729,0.9705438781092418,0
7730,0.9999673965158017,1
7731,0.9718798110741932,0
7732,0.5368408514496795,0
7733,0.8563521820066801,0
7734,0.9587425349276348,0
7735,0.7555162069059564,0
7736,0.9238279863379351,0
7737,0.8541964307525721,0
7738,0.5555348375148349,0
7739,0.9999879598533092,1
7740,0.9856316749361581,0
7741,0.507540645919281,0
7742,0.9999999987234724,1
7743,0.896392377574757,0
7744,0.8917809241042516,0
7745,0.5583237557835258,1
7746,0.5735774991712218,0
7747,0.9850728466141946,0
7748,0.9106216521118129,0
7749,0.6714906314721615,0
7750,0.664097937534814,1
7751,0.8930513876540889,0
7752,0.9374009209631262,0
7753,0.9499190372740178,0
7754,0.9860468197208446,0
7755,0.8908322411158303,0
7756,0.6659224814848119,1
7757,0.5451004950299122,1
7758,0.9996589767776428,1
7759,0.8471705195154997,0
7760,0.9623614454223121,0
7761,0.7024258590420458,1
7762,0.976428368984456,0
7763,0.9700565187422511,0
7764,0.5472240256628931,1
7765,0.9645531832778359,0
7766,0.915259109994097,0
7767,0.9767304318500291,0
7768,0.9934255208337422,0
7769,0.8933626872543201,0
7770,0.9829771693008827,0
7771,0.9904015742728818,0
7772,0.9827217686966562,0
7773,0.9868662614493997,0
7774,0.7854088113519453,0
7775,0.8644592283535929,0
7776,1.0,1
7777,0.9863447539296563,0
7778,0.9998997500976085,1
7779,0.7176497109438187,0
7780,0.9863345410188851,0
7781,0.9898386368951216,0
7782,0.9877500227669268,0
7783,0.9903110915260256,0
7784,0.9939280447629104,0
7785,0.897423903641262,1
7786,0.9999999999999991,1
7787,0.681952297816036,0
7788,0.728641995893762,0
7789,0.6904853090707467,0
7790,0.9468537500223501,0
7791,0.9804145237555407,0
7792,0.9507902042685588,0
7793,0.8861808015610648,0
7794,0.990986544454127,0
7795,0.9720379161211111,1
7796,0.9375941888657672,0
7797,0.9326885504082634,0
7798,0.9999999999992477,1
7799,0.9873722998448418,1
7800,0.5641324025844838,0
7801,0.9999886166376762,1
7802,0.5972812631990616,0
7803,0.9999999974371152,1
7804,0.9765606397998311,0
7805,0.9907542746911405,1
7806,0.9399914879049673,0
7807,0.8282976254165402,1
7808,0.9776793954938854,0
7809,0.9799835495983719,0
7810,0.9938274551703913,1
7811,0.9661089266200056,0
7812,0.9894101111881242,0
7813,0.9582520984736318,0
7814,0.8904729592117069,0
7815,0.5611311620684446,0
7816,0.9913005112314943,0
7817,0.9868286663656485,0
7818,0.9895666169692354,0
7819,0.999201325014504,1
7820,0.882913311326644,0
7821,0.99165566815603,0
7822,0.9800500494688494,0
7823,0.8274029771511779,1
7824,0.9864770273719775,0
7825,0.8915556549758547,0
7826,0.9485855966471306,0
7827,0.9892266447638018,0
7828,0.6802122579766741,0
7829,0.9652823433887119,1
7830,0.8412662217458499,1
7831,0.874757154264257,0
7832,0.9892567877024917,0
7833,0.7050624276425388,0
7834,0.9767895330428539,0
7835,0.7096183745100179,1
7836,0.9741828824280506,1
7837,0.9999899371930974,1
7838,0.9534642003787487,0
7839,0.7824476557137187,0
7840,0.9996982778951956,1
7841,0.9989685077909071,1
7842,0.9164060337807358,0
7843,0.9182548458586609,1
7844,0.9998505126080238,1
7845,0.9686364526355529,0
7846,0.9999542415458342,1
7847,0.9657771823431165,0
7848,0.9908593348691943,0
7849,0.9922562838454287,0
7850,0.9586765560913182,0
7851,0.8122762168582236,0
7852,0.7241751980862227,1
7853,0.8427413197432435,1
7854,0.9999720795169994,1
7855,0.7145722932722047,1
7856,0.8927097702887162,1
7857,0.6028765969682279,1
7858,0.5382659114575863,0
7859,0.5064790942889705,1
7860,0.6199817161131169,1
7861,0.989603723068283,0
7862,0.9862825765830099,0
7863,0.9881310923570786,1
7864,0.9845670180600213,0
7865,0.8993944454462816,0
7866,0.9927523885707518,1
7867,0.6705967129998596,1
7868,0.6609984214941349,0
7869,0.8066932270384619,0
7870,0.9439803210640701,1
7871,0.5501171072311314,1
7872,0.9913611058607334,0
7873,0.923302263904218,0
7874,0.9578015089718391,0
7875,0.9735846617545403,0
7876,0.9372070263730388,0
7877,1.0,1
7878,0.9842954836138038,0
7879,0.9795866171931575,0
7880,0.9652118789278635,0
7881,0.9906832489091276,0
7882,0.9996188591972112,1
7883,0.7005909142926824,0
7884,0.5677707681510271,0
7885,0.9998322880033202,1
7886,0.9303233302189183,0
7887,0.9508225606484572,1
7888,0.9921768570329018,0
7889,0.9841524635244655,0
7890,0.8463420176351383,1
7891,0.8666802925183088,0
7892,0.6119882561614409,0
7893,0.9497749861402556,1
7894,0.9999892563728974,1
7895,0.9196906770317096,0
7896,0.5091635806322147,0
7897,0.8371554570476745,0
7898,0.6754850732269965,0
7899,0.6117511905303794,1
7900,0.9772057008202225,0
7901,0.9454506469664303,0
7902,0.9603255615208182,0
7903,0.8078503448761211,1
7904,0.8095497968937874,1
7905,0.999786018643736,1
7906,0.9972083666958953,1
7907,0.9761254260068136,0
7908,0.6954931491547599,1
7909,0.920861064690796,0
7910,0.8836140852838571,1
7911,0.9747209905880826,0
7912,0.98822521588431,0
7913,0.9972876480433098,1
7914,0.7942161655328849,0
7915,0.972806482318889,1
7916,0.687228926605209,1
7917,0.7026559607051179,0
7918,0.8677459950867525,0
7919,0.9809127593760547,0
7920,0.9749173604846783,0
7921,0.9794168378769806,0
7922,0.9831402118328385,0
7923,0.621109545524913,0
7924,0.6040488743895482,1
7925,0.8945591098970097,0
7926,0.9527997934115312,0
7927,0.9664956383913089,0
7928,0.6997168309678801,1
7929,0.6087379193748086,1
7930,0.8501448248743356,0
7931,0.9901002648858575,0
7932,0.9886914836648859,0
7933,0.5606123566521193,1
7934,0.9996408991946666,1
7935,0.9924837746571864,0
7936,0.9708941060897497,0
7937,0.8925460715100947,0
7938,0.9520522747362224,0
7939,0.8366182036103793,0
7940,0.9854284893743122,0
7941,0.999463061768149,1
7942,0.9880145795680267,0
7943,0.5039165133775468,0
7944,0.9915494078205018,0
7945,0.988950606926958,0
7946,0.8444044594696106,0
7947,0.9876680807227742,0
7948,0.9787309060718105,0
7949,0.9375871890066957,1
7950,0.9821163319023618,1
7951,0.8576850716434699,0
7952,0.6906914383369273,1
7953,0.9600268806576404,0
7954,0.9453617088824162,0
7955,0.7041997567591785,0
7956,0.5725170229673667,0
7957,0.9849980700571006,1
7958,0.7271593449317838,0
7959,0.987125621022983,0
7960,0.8398688075667712,1
7961,0.9716425518152106,0
7962,0.9735564227052309,0
7963,0.9607096415965749,0
7964,0.9824266026450865,0
7965,0.6189790846900977,1
7966,0.9690625659441611,1
7967,0.9669587191237181,0
7968,0.5438167295134361,0
7969,0.933533421816473,0
7970,0.7910475040312213,0
7971,0.8737691747189138,1
7972,0.9822033418931965,0
7973,0.6292911620695959,1
7974,0.9999924904309667,1
7975,0.9999999999999505,1
7976,0.9832454674455944,0
7977,0.579427510561916,0
7978,0.9813327833492506,0
7979,0.9390117600865863,0
7980,0.8777882224145035,0
7981,0.9999999947277249,1
7982,0.9985991410211014,1
7983,0.9808329494820321,0
7984,0.9539752010057202,0
7985,0.9907951633851568,0
7986,0.9897521509532038,1
7987,0.9755441770929547,0
7988,0.8530530210478018,0
7989,0.9014137779503744,0
7990,0.5083345694790093,0
7991,0.9344041861395078,1
7992,0.7832662859319693,1
7993,0.9562523479821013,0
7994,0.7794208031383266,0
7995,0.9311096261651676,1
7996,0.9136249772488922,0
7997,0.5390311520119061,0
7998,0.8854797538682351,1
7999,0.8149280486284273,1
8000,0.7048805926397346,1
8001,0.9416205724282177,0
8002,0.5391158864783796,0
8003,0.9721799354281607,0
8004,0.9573721868306037,1
8005,0.9779142318274482,0
8006,0.7960542240523298,0
8007,0.5263357572341888,0
8008,0.9877434543201008,0
8009,0.9689585291961493,0
8010,0.9903850635371867,1
8011,0.9926719786221944,0
8012,0.9392796932705472,0
8013,0.8003347919030485,0
8014,0.8474857088512222,0
8015,0.9989712783055057,1
8016,0.6346959338777057,0
8017,0.7637324838341221,0
8018,0.8481005470527004,0
8019,0.6657168202798954,0
8020,0.991943244480716,0
8021,0.9298053845672889,0
8022,0.991275641298884,0
8023,0.991804686637774,0
8024,0.9996953594776121,1
8025,0.945438499861989,0
8026,0.9999997896369496,1
8027,1.0,1
8028,0.8683517060109064,0
8029,0.8236961746807282,0
8030,0.8010624808591088,0
8031,0.9957957457588381,1
8032,0.9849457711222551,0
8033,0.999999653759899,1
8034,0.9639614132280684,0
8035,0.973615171122594,0
8036,0.9999999936754429,1
8037,0.8212252273981507,0
8038,0.9715027220754618,0
8039,0.9918326977932319,0
8040,0.9668412957003965,0
8041,0.994029711862064,0
8042,0.9999999999995051,1
8043,0.9660686785938589,0
8044,0.9060386382290003,0
8045,0.8566358434795812,0
8046,0.9999999946563047,1
8047,0.5045438364807923,1
8048,0.9999793831605546,1
8049,0.5702897632069414,0
8050,0.6288912832974206,1
8051,0.9918925055540325,1
8052,0.5164417890812092,1
8053,0.979758897032787,0
8054,0.93080276763023,0
8055,0.9617657671060137,0
8056,0.8545282509889525,0
8057,0.681059646840703,0
8058,0.966579656360049,0
8059,0.9385255880227469,0
8060,0.991568617677679,0
8061,0.9952062406146487,1
8062,0.9590115294273813,0
8063,0.9891735147283286,0
8064,0.9685440609207816,0
8065,0.921787488029268,0
8066,0.9511182472601315,0
8067,0.9497430110565055,0
8068,0.9922393401185592,0
8069,0.9999639755156732,1
8070,0.870538423576258,0
8071,0.7570401063859575,0
8072,0.9840109988997742,1
8073,0.8483710562175149,1
8074,0.9466164024442499,0
8075,0.8391599359557749,0
8076,0.8893191902060934,0
8077,0.9702341595393649,0
8078,0.8654983300540295,1
8079,0.9345623967886931,0
8080,0.9790755766312428,1
8081,0.9887868293653533,0
8082,0.9996144670844923,1
8083,0.9999999999992479,1
8084,0.9816882802228402,0
8085,0.9907555006052596,1
8086,0.880133385762544,1
8087,0.93174686373998,0
8088,0.9060991632986765,0
8089,0.7674884073540692,0
8090,0.8508433826374199,0
8091,0.9923227467048681,1
8092,0.9978918183754678,1
8093,0.9731243355148208,0
8094,0.8529355015541308,0
8095,0.9999999999999956,1
8096,0.9901885912317167,0
8097,0.9463944061552872,0
8098,0.9958014304386301,1
8099,0.9189145484740552,1
8100,0.9831039272868197,0
8101,0.8993601296045173,0
8102,0.9674842889437667,0
8103,0.854643552197113,1
8104,0.9213357875949687,0
8105,1.0,1
8106,0.9185358418847449,0
8107,0.853078003108885,0
8108,0.8297584113968404,0
8109,0.9999999999999978,1
8110,0.9368874669293638,0
8111,0.9986209491598581,1
8112,0.9993732173032437,1
8113,0.9999996414224025,1
8114,0.9696172256571107,0
8115,0.9809641699665025,0
8116,0.9615635059517078,0
8117,0.9322785876247023,0
8118,0.6780788529385047,0
8119,0.9999735714747212,1
8120,0.9999987792205043,1
8121,0.9983405986028528,1
8122,0.9371622318280561,1
8123,0.9734883315199951,1
8124,0.9800307926939502,0
8125,0.9768150621964129,0
8126,0.7655995627469776,0
8127,0.9925284745477205,0
8128,0.9897474782286273,0
8129,0.5104143190551742,0
8130,0.8899254313853275,0
8131,0.8336667403150745,0
8132,0.9417558339160694,1
8133,0.7716634749901597,0
8134,0.999999682075292,1
8135,0.8735060934110945,1
8136,0.8130620404334107,0
8137,0.9816916717903048,0
8138,0.981194160008145,0
8139,0.9890091437292419,0
8140,0.9482840485761095,0
8141,0.9900409178670182,1
8142,0.9865896105566485,0
8143,0.8643469638704733,0
8144,0.9942043744830146,1
8145,0.8554831613229973,0
8146,0.5464432773033847,0
8147,0.5233403629006198,0
8148,0.989824243573013,0
8149,0.9816882802228402,0
8150,0.9999986566841844,1
8151,0.6038038387880842,0
8152,0.8687840457645192,0
8153,0.6721439830220555,1
8154,0.883451251203041,0
8155,0.990487747245918,0
8156,0.9855473611561104,1
8157,0.9681559419882597,0
8158,0.9817187657118381,0
8159,0.8260161342007096,0
8160,0.9914299510981315,0
8161,0.9776264834700592,0
8162,0.9882020874704465,0
8163,0.8945857012965766,0
8164,0.9584142358930104,0
8165,0.8510006937432207,1
8166,0.8225677247394746,0
8167,0.9498925605703948,0
8168,0.6868408259727352,0
8169,0.9892154437074564,0
8170,0.9144871697898836,0
8171,0.96325128000052,0
8172,0.995713441055317,1
8173,0.797630150964108,1
8174,0.9480568000456481,0
8175,0.8999144851955134,0
8176,0.9051408268100689,0
8177,0.8844925609297222,1
8178,0.8950291549121613,0
8179,0.907757851488703,0
8180,0.5129420675664058,1
8181,0.9767638113599455,0
8182,0.6422207167706023,0
8183,0.9581971180072006,0
8184,0.9837894388938135,0
8185,0.7946585419216029,0
8186,0.987883295042152,0
8187,0.9720555984479236,0
8188,0.5642076072474417,0
8189,0.9341757079836751,0
8190,0.9288816078936192,0
8191,0.9664387711985409,0
8192,0.9916215920747187,0
8193,0.745939076117615,1
8194,0.9999999999999996,1
8195,0.7884212241991654,1
8196,0.6032490263080251,1
8197,0.9999999997361577,1
8198,0.9987978744020193,1
8199,0.9645770657067905,0
8200,0.9579696026167809,0
8201,1.0,1
8202,0.9861019481036731,0
8203,0.9835580715676284,0
8204,0.9997630053632928,1
8205,0.5763980781281074,0
8206,0.9658055946921599,0
8207,0.9787157047782783,0
8208,0.8074942107910069,1
8209,0.986698404519507,1
8210,0.5766035662900159,0
8211,0.9406019053032406,0
8212,0.999981798105218,1
8213,0.9906654701804904,0
8214,0.9244770792553275,0
8215,0.9081282184015478,0
8216,0.958098210987667,0
8217,0.8776256751758633,0
8218,0.7000675108267758,1
8219,0.9852095386925815,0
8220,0.7553872542259837,0
8221,0.9859957094204606,0
8222,0.9806693609484073,0
8223,0.9998780605757682,1
8224,0.934653269845075,0
8225,0.8594036582154782,0
8226,0.9981082624812749,1
8227,0.6955726905378349,0
8228,0.9242426226663875,0
8229,0.8160253317905843,0
8230,0.9899449152543693,0
8231,0.9962949209708932,1
8232,0.985723155939373,0
8233,0.9214823888622972,1
8234,0.9909208597532779,0
8235,0.8119838738869839,0
8236,0.9709669685682965,1
8237,0.7694087278075512,0
8238,0.9828100823853584,1
8239,0.9801705799657265,1
8240,0.9999999998985967,1
8241,0.7444365315977811,0
8242,0.7667329676139452,0
8243,0.9723150256085836,0
8244,0.9796367790302538,0
8245,0.9827556058053089,0
8246,0.9415317734537357,0
8247,0.9999513596161175,1
8248,0.963876420226615,1
8249,0.9855642917942464,0
8250,0.9757903940897708,0
8251,0.9592032068542596,0
8252,0.7658650801678839,0
8253,0.9884700456578189,0
8254,0.743145467263942,0
8255,0.95041748309956,0
8256,0.9436326477603317,0
8257,0.976092503765114,0
8258,0.9752316179364907,0
8259,0.7056927638465302,1
8260,0.6651306443333627,0
8261,0.5376158765779685,1
8262,0.9624916520971977,0
8263,0.9983981184943208,1
8264,0.9637857108628971,0
8265,0.6182526147598283,0
8266,0.990378123229361,1
8267,0.8698243612108889,0
8268,0.9818084210157755,0
8269,0.9177141630862438,0
8270,0.7708003240406717,0
8271,0.9184117860500839,0
8272,0.979601963159422,0
8273,0.9547550432956134,0
8274,0.9898993644224023,0
8275,0.986737590154091,0
8276,0.5188210906645417,0
8277,0.9822193883807181,0
8278,0.9837950067492472,0
8279,0.9719010822830649,0
8280,0.8976770764714952,0
8281,0.9999996424153157,1
8282,0.8955883225199132,0
8283,0.8846696526752472,0
8284,0.633224369586995,0
8285,0.9780207135984741,0
8286,0.660762263183583,0
8287,0.999743829559689,1
8288,0.8914411030312173,0
8289,0.8608602247439646,0
8290,0.6026335664680685,1
8291,0.9456296282026037,0
8292,0.6330260662625189,0
8293,0.9884014935548977,0
8294,0.9876302964879651,0
8295,0.9999999999768798,1
8296,0.6646630696778292,1
8297,0.9844616230197355,0
8298,0.9684426379883426,0
8299,0.9773134559834098,0
8300,0.8092046342538296,0
8301,0.999995180262699,1
8302,0.9684745949725889,0
8303,0.739911726329666,0
8304,0.7290087006140898,0
8305,0.6861002858949667,0
8306,0.9876252093764786,0
8307,0.9993226527752134,1
8308,0.8698085962207142,0
8309,0.9914015610615019,0
8310,0.9332814755788847,0
8311,0.9998649413117459,1
8312,0.9669550991631283,0
8313,0.9915785674390527,0
8314,0.6609446302546654,0
8315,0.9997415734441282,1
8316,0.9810576442445516,0
8317,0.881408470003562,0
8318,0.9396664476975344,0
8319,0.610323349523867,0
8320,0.9999999999999993,1
8321,0.7132894924817484,0
8322,0.9725230816906105,0
8323,0.9919206411437669,0
8324,0.8730675070295906,0
8325,0.9371326560493775,0
8326,0.9514228165733737,0
8327,0.5348448824856301,0
8328,0.9284777909176224,0
8329,0.9308908617239552,0
8330,0.9991813861398039,1
8331,0.990423960164094,0
8332,0.9977432705285759,1
8333,0.7934596695378325,0
8334,0.6819185845853726,0
8335,0.9436996983197444,0
8336,0.9946589208469117,1
8337,0.99999953247021,1
8338,0.9889096610692532,0
8339,0.9689629043500979,0
8340,0.9911416718758603,0
8341,0.655690435181289,1
8342,0.8541191162864697,0
8343,0.985429429782856,0
8344,0.9888538552329634,0
8345,0.9999999999520328,1
8346,0.9847209334005236,0
8347,0.9022764126840057,0
8348,0.9671972850546066,0
8349,0.999999999999927,1
8350,0.9934542888693295,0
8351,0.9549052141002555,0
8352,0.5205386357388898,0
8353,0.9581267725700728,0
8354,0.7369996074049766,1
8355,0.9770619263873648,0
8356,0.9764593131865075,0
8357,0.5481316624773359,0
8358,0.8950554083342773,1
8359,0.5820620042791174,1
8360,0.8821727348120989,0
8361,0.5515141531223282,0
8362,0.9675545839682025,0
8363,0.9842240404186088,0
8364,0.9036788349958286,1
8365,0.9903637440517052,0
8366,0.8823369610286147,1
8367,0.9999999943953668,1
8368,0.6530664181186387,1
8369,0.6650476530886469,1
8370,0.9421007665072285,1
8371,0.6320421951570192,0
8372,0.9999999713060426,1
8373,0.9344216126703776,0
8374,0.9999996468279766,1
8375,0.8447275400578512,0
8376,0.9999999999996734,1
8377,0.9910039913489701,0
8378,0.9011315860030378,1
8379,0.9657521244019517,0
8380,0.9887402014462398,0
8381,0.9999974127664573,1
8382,0.9888122459706811,0
8383,0.7862961799250793,1
8384,0.9879343465696939,0
8385,0.9717998124760004,0
8386,0.9888255983104586,0
8387,0.9999999999465334,1
8388,0.8344494428676879,1
8389,0.9901314919905273,0
8390,0.9098371765379717,1
8391,0.7736662861399765,1
8392,0.8378745151180131,1
8393,0.9999930480517178,1
8394,0.8652163270541724,0
8395,0.9959224448804964,1
8396,0.9999460954326101,1
8397,0.9785969529381325,0
8398,0.5435907255662094,0
8399,0.9387031180383014,0
8400,0.8609766176997824,0
8401,0.7095265374363815,0
8402,0.9855677705585447,0
8403,0.9335711754216454,0
8404,0.61007086897193,1
8405,0.96750683137357,0
8406,0.9906220196621712,1
8407,0.9423185597012141,0
8408,0.9052204201018159,0
8409,0.9999999996008384,1
8410,0.8438095789233331,0
8411,0.9511136954705636,0
8412,0.979858532948447,0
8413,0.9464020202225131,0
8414,0.8898969397674823,0
8415,0.831566061446008,0
8416,0.6641088347377948,0
8417,0.5420253785069359,1
8418,0.6989381610605889,1
8419,0.5345831234322912,0
8420,0.9533798267613763,0
8421,0.5457559446087082,0
8422,0.7605854799262044,0
8423,0.9682988417634398,0
8424,0.9969129005571283,1
8425,0.9616325216949344,0
8426,0.9375987645307041,0
8427,0.9429488466881282,0
8428,0.9297760274981569,0
8429,0.6196728750546969,1
8430,0.7943963854377677,0
8431,0.9863476559480903,0
8432,0.7552112040917841,0
8433,0.5311404527221145,1
8434,0.6192661442309036,0
8435,0.9888802053975264,0
8436,0.9999813657854941,1
8437,0.7892739065171207,0
8438,0.9797248267578824,0
8439,0.9818150911752862,0
8440,0.991238230055004,0
8441,0.9857481309173419,1
8442,0.5796260640440021,0
8443,0.9452350397507786,0
8444,0.7345203879891945,0
8445,0.9861766322604039,0
8446,0.8772739125416052,1
8447,0.9885951042929595,0
8448,0.996039104691052,1
8449,0.999896008414194,1
8450,0.9439537979973823,0
8451,0.9824508127070722,0
8452,0.9601071090999529,0
8453,0.7309050119200621,0
8454,0.8901152523813977,0
8455,0.9994318923755163,1
8456,0.7087157191663689,0
8457,0.9942895306229171,0
8458,0.7236664142457859,1
8459,0.9346146975857407,1
8460,0.861933806520884,0
8461,0.8448743224491876,1
8462,0.9949052808600776,1
8463,0.9999950673801089,1
8464,0.6224363243455484,1
8465,0.9863558775021222,1
8466,0.9999969302974219,1
8467,0.9221397372589648,1
8468,0.6247531446758466,0
8469,0.9999997716054545,1
8470,0.9873598610734138,0
8471,0.9920077741602829,0
8472,0.9937430016791989,0
8473,0.9959997556971177,1
8474,0.9997569575142481,1
8475,0.6306011025295706,1
8476,0.9388591208337335,0
8477,0.9634865241856142,0
8478,0.9592406803404412,0
8479,0.9330954664607544,0
8480,0.849293722490038,0
8481,0.76068487359588,0
8482,0.9874466095566238,0
8483,0.5357453087534018,1
8484,0.9928421698624895,0
8485,0.97988937940639,0
8486,0.5578738883633944,1
8487,0.9979332196425026,1
8488,0.9922917814800735,0
8489,0.9995318723651103,1
8490,0.9922917814800735,0
8491,0.9513058358617817,0
8492,0.9873575098350442,0
8493,0.9604190378023337,0
8494,0.5181570113621017,1
8495,0.9840389566966573,0
8496,0.9206145061162263,0
8497,0.943374235701931,0
8498,0.9865468508454575,0
8499,0.6166926942657142,1
8500,0.9904331574869899,0
8501,0.9675131684188155,0
8502,0.8414006577145151,0
8503,0.9684153366594748,0
8504,0.9123239938487667,0
8505,0.9512627185326251,0
8506,0.9931709642926646,0
8507,0.9781818034508668,0
8508,0.9875199834625653,1
8509,0.9921371843609789,0
8510,0.6577265934373854,0
8511,0.7714149257325128,0
8512,0.7273517406797074,0
8513,0.9882166106419457,0
8514,0.9687215018737333,0
8515,0.9839159350324805,0
8516,0.9450046532333589,0
8517,0.8617362396532747,0
8518,0.966708531103867,1
8519,0.9069064138802607,1
8520,0.9815071386746801,0
8521,0.9881020343155276,1
8522,0.873892562044124,0
8523,0.9808299156005834,1
8524,0.9995490056348684,1
8525,0.9798921415018174,0
8526,0.887966760634912,0
8527,0.8872957119183741,0
8528,0.9778478107647194,0
8529,0.8900310842192968,0
8530,0.9996670720452591,1
8531,0.9824286909013433,0
8532,0.8488592356729776,0
8533,0.9781137960077897,0
8534,0.7185605779848586,0
8535,0.9160402878840656,0
8536,0.9057508017923634,0
8537,0.9695291360533831,0
8538,0.9091346063335844,0
8539,0.9490952727533829,0
8540,0.9787938580302008,0
8541,0.9906310694180175,0
8542,0.9793902456474951,0
8543,0.9873465574446211,0
8544,0.9487889803443533,0
8545,0.9358151053545719,0
8546,0.9901382976810021,0
8547,0.8295802259606285,0
8548,0.9777117631336416,0
8549,0.7677098663211188,0
8550,0.8698350021487954,0
8551,0.9574445537454447,0
8552,0.9523006743147799,0
8553,0.6251555574974236,0
8554,0.527318822491157,0
8555,0.9880357397881249,0
8556,0.572153864073225,1
8557,0.9887882420472335,0
8558,0.9793240798336896,0
8559,0.9757265259258999,0
8560,0.9992648713269163,1
8561,0.796645967864633,0
8562,0.9999999999983176,1
8563,0.959932067253232,0
8564,0.9363457576170257,0
8565,0.824719437379969,0
8566,0.9778503078582422,1
8567,1.0,1
8568,0.6067893034532787,0
8569,0.8121265237358397,0
8570,0.5285715289988455,0
8571,0.7545758519284683,1
8572,0.757996944200307,0
8573,0.971388461519732,0
8574,0.7484371240049793,0
8575,1.0,1
8576,0.9310959048512942,0
8577,0.6114296218875259,0
8578,0.9843243525978684,0
8579,0.9908305171843992,0
8580,0.8747845876062221,0
8581,0.9999678479062135,1
8582,0.7840727905915601,0
8583,0.7856158267008932,0
8584,0.7754874897179034,0
8585,0.9105852263127525,1
8586,0.9375864469142982,0
8587,0.9869015998401203,0
8588,0.7424113945967529,0
8589,0.9998605611979446,1
8590,0.9630981579575987,0
8591,0.9246813885243084,1
8592,0.8303925879434212,0
8593,0.9707042408768023,0
8594,0.9970917764027386,1
8595,0.9886642739481336,0
8596,0.6358669934816742,1
8597,0.6725680175043668,1
8598,0.9547345529039531,0
8599,0.9809078549097131,0
8600,0.9496421807453783,0
8601,0.9722875199331545,0
8602,0.9207371734569346,0
8603,0.999655189538361,1
8604,0.5410434646766606,1
8605,0.8702900250824371,0
8606,0.7919381595963964,0
8607,0.9757247285359185,0
8608,0.8759250515334419,0
8609,0.6251178337975903,0
8610,0.9827227153551428,1
8611,0.855471210672027,0
8612,0.9620355388259079,0
8613,0.6858832636254769,1
8614,0.9018901357439572,1
8615,0.9999999998993161,1
8616,0.9562034683709301,0
8617,0.9859126245433147,1
8618,0.9942917088171673,1
8619,0.9482102427508382,0
8620,0.9829412762077635,0
8621,1.0,1
8622,0.566018073509006,0
8623,0.8987585982546776,1
8624,0.9962733963813469,1
8625,0.9999297484315138,1
8626,0.8368487765552544,1
8627,0.8290007393481625,0
8628,0.8885470240534935,0
8629,0.9769910190934927,0
8630,0.9975412128379573,1
8631,0.9879793788109753,0
8632,0.7901792305345263,1
8633,0.9933315957113095,0
8634,0.6269351425605509,1
8635,0.8346723675025339,1
8636,0.9868974155354886,0
8637,0.5529036589663562,0
8638,0.9804986799487849,0
8639,0.6792560184742946,0
8640,0.76943645573459,0
8641,0.9679583315481466,0
8642,0.9924695992647453,1
8643,0.7744842178385722,0
8644,0.9718405251748721,0
8645,0.5710296396847117,1
8646,0.6836151734942539,0
8647,0.95897365009407,1
8648,0.9456061075298968,0
8649,0.974008985138438,0
8650,0.8659689046376634,0
8651,0.8371904120570021,1
8652,0.5005776029078856,0
8653,0.9813471491439938,0
8654,0.8921514290221504,0
8655,0.5113747264741612,0
8656,0.9159754123817694,1
8657,0.9249760382209677,0
8658,0.9724252211222473,0
8659,0.7804651209111119,0
8660,0.9788971204437223,0
8661,1.0,1
8662,0.9902767468991035,0
8663,0.9729898931733545,0
8664,0.9697197510710432,0
8665,0.9995601569130101,1
8666,0.9857466376634179,0
8667,0.5814409917815664,0
8668,0.8141001402204712,0
8669,0.8425963705982243,0
8670,0.5191498729386298,0
8671,0.6945816918899773,1
8672,0.9321105597969274,0
8673,0.8254452911795097,0
8674,0.9893356917134737,0
8675,0.5751906904811119,0
8676,0.5456110346528265,1
8677,0.9912047530111825,0
8678,0.839351325322671,0
8679,0.9279746308340284,0
8680,0.9719094833603991,0
8681,0.9639289706511623,0
8682,0.9931709642926646,0
8683,0.9820368175676004,0
8684,0.7219561831386543,0
8685,0.7531732033099087,1
8686,0.9889878365678425,0
8687,0.6978140104324368,1
8688,0.9963003980673395,1
8689,0.999502061444601,1
8690,0.9945764985309141,1
8691,0.9557929186711265,0
8692,0.9142478388848564,0
8693,0.9825148701310071,0
8694,0.9898650969806746,0
8695,0.7434989706080419,0
8696,0.9915853710405769,0
8697,0.938460398347274,0
8698,0.98897613655931,0
8699,0.9928459088897335,1
8700,0.7345646684399639,0
8701,0.9939447977986674,0
8702,0.9873787081735717,0
8703,0.7989338074652128,1
8704,0.8965924609182726,0
8705,1.0,1
8706,0.940924574130332,1
8707,0.9919545605137479,0
8708,0.8952237427592524,0
8709,0.9845053455060728,0
8710,0.6147315735484684,0
8711,0.9920638236258015,0
8712,0.8679852967805164,0
8713,0.59726962204687,1
8714,0.8505253963474566,0
8715,0.9899611742378938,0
8716,0.9999999989400499,1
8717,0.9999999999999991,1
8718,0.9593347329551877,0
8719,0.9999997244971552,1
8720,0.838040426115143,0
8721,0.8006078803015779,0
8722,0.9701954897978183,0
8723,0.9015371783006891,1
8724,0.7977943026536427,0
8725,0.9875744590892505,0
8726,0.9899811843234961,0
8727,0.9872589119025841,0
8728,0.9874825772803291,0
8729,0.9927528706322775,0
8730,0.9975271092039443,1
8731,0.8973499609107116,1
8732,0.9805808021853428,0
8733,0.5236184245218722,1
8734,0.7586255970435325,0
8735,0.7811168923575419,0
8736,0.998901557295913,1
8737,0.9908350384357295,0
8738,0.9352299327065339,0
8739,0.7917070360868153,0
8740,0.8971640019744715,0
8741,0.903424684276037,0
8742,0.9893886877146607,0
8743,0.9994105051871895,1
8744,0.9334825834559719,0
8745,0.9357802289278311,1
8746,0.786234885189358,0
8747,0.955355706045732,0
8748,0.5842548942856398,0
8749,1.0,1
8750,0.9441205246095501,0
8751,0.9999433299037648,1
8752,0.7628526302828341,0
8753,0.6632422012064432,0
8754,0.6782389749523122,0
8755,0.764035383660469,1
8756,0.9545906517187712,0
8757,0.904262328258321,1
8758,0.9440143727716828,0
8759,0.6216804193234763,0
8760,0.8738249411447442,0
8761,0.9889204538270455,0
8762,0.9933021315446814,0
8763,0.9656238127963102,0
8764,0.9611911481087356,0
8765,0.9332576964525285,0
8766,0.9739084656205688,0
8767,0.9738916630926073,0
8768,0.7482981975769374,1
8769,0.9487251384246894,0
8770,0.9847317521603032,0
8771,0.7992846322794152,0
8772,0.9377146720510173,0
8773,0.9825288947800097,0
8774,0.8618490027664804,0
8775,0.9602377677150314,0
8776,0.6699695285669812,1
8777,0.8616737352715411,0
8778,0.66390551786826,1
8779,0.9855549547674163,0
8780,0.9829296443923952,0
8781,0.8930191098556906,0
8782,0.9970092308059885,1
8783,0.8974700148204893,1
8784,0.9803568081331762,0
8785,0.9857439164629868,0
8786,0.9774642828042543,0
8787,0.9934669407709434,0
8788,0.8650435278141339,1
8789,0.9276062758407454,1
8790,0.8661011596533675,1
8791,0.9468125477432553,0
8792,0.9781504255420079,0
8793,0.8932262974566334,0
8794,0.983055886674761,0
8795,0.8312915603479011,1
8796,0.8075776517170804,0
8797,0.9894072278686966,0
8798,0.9788165162048296,0
8799,0.7242477941668282,1
8800,0.9893816408990069,0
8801,0.5632704534404678,0
8802,0.9778416249440585,0
8803,0.973079050085523,1
8804,0.7199347288443827,0
8805,0.9621582974395458,0
8806,0.9999987001472787,1
8807,0.9566290843251335,0
8808,0.9876245645684627,0
8809,0.9795932905343222,0
8810,0.7633379013937607,0
8811,0.9009144564537245,0
8812,0.9999999914191564,1
8813,0.9706150606886155,0
8814,0.9751007348376002,0
8815,0.9999847068311541,1
8816,0.68218698473863,0
8817,0.6954335911536955,0
8818,0.92370836562975,1
8819,0.9999979729371878,1
8820,0.853704211058602,1
8821,0.9892974396595713,0
8822,0.9814081626931608,0
8823,0.8972303788988402,0
8824,0.9034763115057602,0
8825,0.9890574738866682,0
8826,0.9875543332801067,0
8827,0.9240066261126514,1
8828,0.8490574508479588,1
8829,0.691490003910124,0
8830,0.6591194368368232,1
8831,0.8656086882959354,0
8832,0.936664849882832,0
8833,0.9832488030789387,0
8834,0.9440375639883923,0
8835,0.9999999999987548,1
8836,0.9412966188851188,1
8837,0.6740227549234025,0
8838,0.9431242593703172,0
8839,0.8273696557116622,0
8840,0.5352109964250416,0
8841,0.9959467305974413,1
8842,0.7245513051438647,0
8843,0.8060779546632141,1
8844,0.775850271454039,0
8845,0.9811126745425698,0
8846,0.7529543318490681,0
8847,0.5587079334753755,1
8848,0.9884268174988015,0
8849,0.9739223088548672,0
8850,0.975305139932497,0
8851,0.5200718505160177,0
8852,0.688788603801912,1
8853,0.7580533203653421,1
8854,0.9864824016175495,0
8855,0.9912674633542151,1
8856,0.8788933906509827,1
8857,0.8948001771115331,0
8858,0.990824988418452,0
8859,0.9568692091137497,0
8860,0.7213105853589398,0
8861,0.9600674129784372,0
8862,0.9520703272284405,0
8863,0.5631252010732862,0
8864,0.9725440241246438,0
8865,0.7904061372416241,0
8866,0.9980217210602865,1
8867,0.9143896610562295,0
8868,0.9797476771096374,1
8869,0.9789688500594967,1
8870,0.885844185548522,0
8871,0.8536230776678527,0
8872,0.9208897995140485,1
8873,0.9999999999998339,1
8874,0.9738114601002493,0
8875,0.9783751728456114,0
8876,0.9818211965787754,0
8877,0.8117146473564801,0
8878,0.9999999631553795,1
8879,0.9501337685699361,0
8880,0.9194531595077323,0
8881,0.89998669867198,0
8882,0.9118864123473995,0
8883,0.8932769584058707,0
8884,0.5328665825574133,0
8885,0.9998823222035604,1
8886,0.9823484326395371,0
8887,0.5560046868170628,0
8888,0.5442342883550654,0
8889,0.6610091953795851,0
8890,0.9998652936700824,1
8891,0.6089129591187991,0
8892,0.7803524709420556,0
8893,0.8418741270859715,0
8894,0.9922331681834432,0
8895,0.9995669367467506,1
8896,0.8206831005000942,0
8897,0.984387557570187,0
8898,0.9877892645261777,0
8899,0.9920462562725694,0
8900,0.9993628692794798,1
8901,0.57965913240647,0
8902,0.8228775935636103,0
8903,0.942413008187832,0
8904,1.0,1
8905,0.7022988627917924,1
8906,0.9088113853413826,0
8907,0.9909135089862117,1
8908,0.9889758722190626,0
8909,0.9919110286238907,0
8910,0.9898931921610344,0
8911,0.7719749159625732,1
8912,0.9978842660884665,1
8913,0.7564255322237858,1
8914,0.9876386915805652,0
8915,0.7590314684345795,0
8916,0.8693349903790135,0
8917,0.9955232293115291,0
8918,0.9776903979173285,0
8919,0.9999990003859818,1
8920,0.6632823968980783,1
8921,0.9848444774483568,0
8922,0.5709392816892956,0
8923,0.9920620480124713,0
8924,0.8033259466931403,0
8925,0.9885408445808945,0
8926,0.8966123657193915,1
8927,0.9916423271510589,0
8928,0.9701887066752345,0
8929,0.9826977500981031,0
8930,0.9899758760007614,1
8931,0.9095455481281536,0
8932,0.9919357489145959,0
8933,0.9860691731348957,0
8934,0.9999993566823031,1
8935,0.9898907875306842,0
8936,0.9332812590621947,0
8937,0.5458909062894421,1
8938,0.6578790093586768,0
8939,0.7334181665692034,0
8940,0.9730639757007999,0
8941,0.5214750718604005,0
8942,0.8135971424498194,0
8943,0.9733928821413503,0
8944,0.9587993666399602,0
8945,0.8341233960551058,0
8946,0.9348233390355873,0
8947,0.9921720935506124,0
8948,0.9820709372073567,0
8949,0.9903343433168452,0
8950,0.5059906856960679,0
8951,0.9892886087551382,0
8952,0.9557293793312307,0
8953,0.957573291706873,0
8954,0.9991739002328368,1
8955,0.9676192720934164,0
8956,0.8290278456837686,1
8957,0.9902970355556334,0
8958,0.8107597191446934,0
8959,0.7942848286395843,0
8960,0.9844989344883455,0
8961,0.9017826343341486,0
8962,0.9702914210070066,0
8963,0.9340149221285708,0
8964,0.6254426129056602,1
8965,0.6407609907741576,0
8966,0.9115783444603945,0
8967,0.9614451440604507,0
8968,0.7580213870125863,0
8969,0.9961994485603214,1
8970,0.5768757162408689,1
8971,0.9831817018918229,0
8972,0.5714643031333613,0
8973,0.9803494103029509,0
8974,0.7464008901389472,0
8975,0.5730738107669598,1
8976,0.6597604794052099,0
8977,0.9556528078219956,0
8978,0.9897667525312712,0
8979,0.9622180990588602,0
8980,0.9876047859587637,0
8981,0.9932312133325202,1
8982,0.9887800655463733,0
8983,0.7189801467320565,0
8984,0.9202260200895067,0
8985,0.9736941750989934,0
8986,0.987515063294128,1
8987,0.9122173334135091,0
8988,0.9286775690056772,0
8989,0.9898518915069984,0
8990,0.9989997549397494,1
8991,0.936685540340328,0
8992,0.8734825983314536,1
8993,0.9446324770269557,0
8994,0.9885942438470133,0
8995,0.9849700058288386,0
8996,0.846861477169689,0
8997,0.8922685680497948,0
8998,0.9733158738961462,1
8999,0.9999999929675614,1
9000,0.9682876926232765,0
9001,0.9396626123984522,0
9002,0.9018452607995451,0
9003,0.9756548069566432,0
9004,0.9756407128511896,0
9005,0.9890729484872249,0
9006,0.998317385723318,1
9007,0.8695106468526947,0
9008,0.984881136905721,0
9009,0.9951550163790276,1
9010,0.6134716852112766,0
9011,0.9348860057070214,0
9012,0.6806773072589348,1
9013,0.9415280653548722,0
9014,0.9844723972117921,0
9015,0.7345466928796,1
9016,0.9210130628105369,0
9017,0.916102531101848,0
9018,0.9983297883042984,1
9019,0.8893169427890187,0
9020,0.6038110019939025,1
9021,0.9907445102553185,0
9022,0.9834342745268309,0
9023,0.8715347964067915,0
9024,0.9490926540983758,0
9025,0.9777060995161115,0
9026,0.6665515069287256,0
9027,0.9891930773065725,0
9028,0.982758702577034,0
9029,0.9883356098875592,0
9030,0.8771683864167031,1
9031,0.9352226040688463,0
9032,0.9507372585011818,0
9033,0.9011019507665126,0
9034,0.921353897505399,0
9035,0.9660083512225242,0
9036,0.8471853502937737,1
9037,0.9645574718653999,0
9038,0.9807588170129885,0
9039,0.9999984520943951,1
9040,0.5699136823359449,1
9041,0.5932660978623959,0
9042,0.9923490523214235,0
9043,0.9895931031581238,0
9044,0.8933516450818157,0
9045,0.983289290776734,0
9046,1.0,1
9047,0.8782427893944302,1
9048,0.770419297719611,1
9049,0.9855513583863301,0
9050,0.8680957278652635,0
9051,0.6994913905643211,0
9052,0.5112817468461175,0
9053,0.8948674393631899,0
9054,0.9628369576268492,0
9055,0.9285529711844763,1
9056,0.8463783150175191,0
9057,0.9132765747171144,0
9058,0.9885295162811683,0
9059,0.7473875383563566,1
9060,0.9997288205261556,1
9061,0.7230800931147396,0
9062,0.9265467224448831,1
9063,0.8217645896042652,0
9064,0.9998871460750973,1
9065,0.9882018701848865,0
9066,0.8851862256721715,0
9067,0.9061359483303975,0
9068,0.520975985806924,1
9069,0.9772519519800951,0
9070,0.7861842170625555,0
9071,0.9995966290523869,1
9072,0.5361672404283379,1
9073,0.7586949919836434,0
9074,0.7413515063771987,1
9075,0.8630181763045081,1
9076,0.609307318582257,1
9077,0.9824187722179402,0
9078,0.6844232964487827,1
9079,0.9863690695753433,0
9080,0.6651299299001744,1
9081,0.6724374434356927,0
9082,0.9583563750497508,1
9083,0.937659263792291,1
9084,0.9411169478162427,0
9085,0.5543693137651989,1
9086,0.9260128354562096,0
9087,0.8715462021912701,0
9088,0.5291744700531927,0
9089,0.9860861103511719,1
9090,0.7092709050155829,0
9091,0.9999999999983267,1
9092,0.7781174458758647,0
9093,0.9153538201539179,1
9094,0.9886265991066888,0
9095,0.9706757217401144,0
9096,0.9860436469581276,0
9097,0.9334786323608073,0
9098,0.9326479157464171,1
9099,0.835399572098725,0
9100,0.9469749114213531,0
9101,0.99177053506125,0
9102,0.8452799022158832,0
9103,0.9305817235707111,0
9104,0.9392253699475529,0
9105,0.9490910358191076,0
9106,0.5905658294302343,0
9107,0.6771219100257211,0
9108,0.6137767306167761,0
9109,0.9631791917320343,0
9110,0.9878163853978024,0
9111,0.8912742482975851,1
9112,0.8103093701368574,0
9113,0.9973070124143169,1
9114,0.8945715280612951,0
9115,0.9998463530093226,1
9116,0.9445044550614201,0
9117,0.5844001963569412,0
9118,0.7239187228444527,0
9119,0.8275411295374916,0
9120,0.8934971948352212,0
9121,0.9730713606681765,1
9122,0.9992863646782066,1
9123,0.9999950084772196,1
9124,0.9785800593501792,0
9125,0.7220609864741688,0
9126,0.5798897139430144,1
9127,0.9498975264232788,0
9128,0.60052815559645,1
9129,0.9836050598625603,0
9130,0.9476313716223973,0
9131,0.9610598564485913,0
9132,0.9999954897994852,1
9133,0.9346497925591768,0
9134,0.950192329505172,0
9135,0.9947646043665069,1
9136,0.9162339390002504,0
9137,0.9582195632564386,0
9138,0.8825022084468039,0
9139,0.715048624827842,0
9140,0.5540487412786864,0
9141,0.9876101993539894,0
9142,0.943191143236356,1
9143,0.865451461720655,0
9144,0.7742124336349487,0
9145,0.5486667335544918,0
9146,0.8019785659329722,1
9147,0.9838348698774444,0
9148,0.8126655220291563,0
9149,0.9436302992734128,0
9150,0.5752155604011928,1
9151,0.93376750391611,0
9152,0.5855430654321585,1
9153,0.5156777662383003,1
9154,0.8225379847221891,0
9155,0.964784154855571,0
9156,0.9251935402631121,1
9157,0.9758389160918698,0
9158,0.7513381328756377,0
9159,0.8154736691385042,0
9160,0.9868323835420436,0
9161,0.9912709500870913,0
9162,0.9851108526422363,1
9163,0.6951872706020904,0
9164,0.9999999999997304,1
9165,0.9635329980229955,0
9166,0.9145815373752639,1
9167,0.8871969613651147,0
9168,0.9228998489383822,0
9169,0.9714757381475088,0
9170,0.9728500107083766,0
9171,0.6091713105687793,1
9172,0.9738126598937012,0
9173,0.8930782314162473,1
9174,0.5509892318062478,1
9175,0.6059210684782793,0
9176,0.9962515736066696,1
9177,0.8687937835494234,0
9178,0.9659791647286504,0
9179,0.998723619579486,1
9180,0.5597381688503557,0
9181,0.9334558433472577,0
9182,0.908494414668058,1
9183,0.9828814407957971,0
9184,0.9892300173684093,0
9185,0.938560618730583,1
9186,0.7143260148646187,1
9187,0.9782030168248371,0
9188,0.9951768097025714,1
9189,0.9245634349102615,0
9190,0.9479543551895241,0
9191,0.9825661300992513,0
9192,0.5587281262364422,0
9193,0.9862222541406998,0
9194,0.9717134422661426,0
9195,0.5068431053400309,1
9196,0.9684683571967426,0
9197,0.8872377776296454,0
9198,0.9058504210245547,0
9199,0.5326277645059815,1
9200,0.9848108635031639,0
9201,0.9249261450094372,0
9202,0.9100642698225875,0
9203,0.9871445931001135,0
9204,0.5543863073651906,0
9205,0.9999988893074847,1
9206,0.9693503026253688,0
9207,0.815502423837392,0
9208,0.9530659492261573,0
9209,0.9096987216098783,1
9210,0.9614841847449794,0
9211,0.8369043767839952,0
9212,0.9808133288306783,0
9213,0.9793420173545903,0
9214,0.5364625539640555,0
9215,0.9268718208517386,0
9216,0.9878458040166594,0
9217,0.9566634988925947,0
9218,0.967921105943969,0
9219,0.8355789845518532,0
9220,0.9627542284942472,0
9221,0.959131646821452,0
9222,0.8900649093420556,0
9223,0.7884781631965272,0
9224,0.9927837736543077,0
9225,0.9687852564277845,0
9226,0.739485499357507,0
9227,0.6188046117107471,0
9228,0.9997557785141621,1
9229,0.999999285094688,1
9230,0.9912103742327971,0
9231,0.9793039447493123,0
9232,0.618340342526848,0
9233,0.8904883635184413,0
9234,0.9986279020463258,1
9235,0.9994917775598553,1
9236,0.9826576718651224,0
9237,0.7561158177633788,1
9238,0.9813556724560906,0
9239,0.5218868245657932,0
9240,0.9917971569809203,0
9241,0.9736561754409268,0
9242,0.5839560417447615,0
9243,0.8150178677374914,1
9244,0.9805306258375568,0
9245,0.9929173955016684,1
9246,0.7400643448481934,0
9247,0.8109270080191929,0
9248,0.957568879428987,0
9249,0.9080131821762811,0
9250,0.9583783849245884,0
9251,0.9256251958758066,0
9252,0.7906462559971175,0
9253,0.9999999918879561,1
9254,0.9708776764700331,0
9255,0.9632456086263613,0
9256,0.9854126410887394,0
9257,0.9902563226218095,0
9258,0.6810832749324616,0
9259,0.6650174880776097,0
9260,0.9576812213174334,0
9261,0.9734504476951258,0
9262,0.5453035749261201,0
9263,0.9904899463703508,0
9264,0.8624134409259346,0
9265,0.5056450935503953,0
9266,0.9760212798259471,0
9267,0.9898029274138326,0
9268,0.988395295446746,0
9269,0.9462771438930588,0
9270,0.7712877933471345,0
9271,0.9847901403371981,0
9272,0.9997992852356994,1
9273,0.8764190831965937,0
9274,0.6409359603908413,0
9275,0.9999407822090726,1
9276,0.9998041337665725,1
9277,0.9800482915346876,0
9278,0.990249167620799,0
9279,0.6048253102923223,1
9280,0.9889035704976882,0
9281,0.9651692876254527,0
9282,0.9722954743087568,0
9283,0.8975291632804512,0
9284,0.9817171959938296,0
9285,0.9823340790488829,0
9286,0.9901794929664876,0
9287,0.506429769527431,0
9288,0.9450827407418138,0
9289,0.9297238399445283,0
9290,0.9897587345994392,0
9291,0.9985722231946162,1
9292,0.9806359260186578,0
9293,0.7219840442844973,0
9294,0.8182926393820688,0
9295,0.9555943035693701,0
9296,0.9760094671140433,0
9297,0.8660823024985055,1
9298,0.9112491771862129,1
9299,0.7024886382854751,1
9300,0.9748644108646342,0
9301,0.9922157657407289,1
9302,0.8048559930297695,0
9303,0.976726551359304,0
9304,0.7423065575057394,0
9305,0.6433468418696537,1
9306,0.9891808305003096,0
9307,0.9046245716302163,0
9308,0.982755294721129,0
9309,0.8415782395968533,1
9310,0.9852193967944693,1
9311,0.9890352490615215,0
9312,0.8796311697314526,0
9313,0.9521868843388562,0
9314,0.9986458726856032,1
9315,0.9559841474304489,0
9316,1.0,1
9317,0.9892653789749464,0
9318,0.9997117780433346,1
9319,0.9999619091242103,1
9320,0.9618756662564731,0
9321,0.9822843815007447,0
9322,0.9999980232506234,1
9323,0.925127836766036,0
9324,0.991451681822333,0
9325,0.9835491064191982,0
9326,0.9865545975731019,0
9327,0.9802757597745784,0
9328,0.9941062760542173,1
9329,0.9521109869269218,0
9330,0.8454719969106363,0
9331,0.8469147024514782,1
9332,0.5764086311272868,1
9333,0.9441242900158062,0
9334,0.9659513453233489,0
9335,0.9490183275980971,0
9336,0.9785408648599309,0
9337,0.9451110019532163,0
9338,0.6652057370517264,0
9339,0.8022157893215198,0
9340,0.9069455595240212,0
9341,0.9877485283542199,0
9342,0.7908888748887732,0
9343,0.9972844821204857,1
9344,0.986159211511096,0
9345,0.682893583283244,1
9346,0.9144239926814234,0
9347,0.8642085238754459,0
9348,0.960282750893726,0
9349,0.990306441600408,0
9350,0.7360549221897937,0
9351,0.9051631911454099,0
9352,0.9847034828383727,0
9353,0.5700379379436736,0
9354,0.980329632509004,0
9355,0.9998836689242382,1
9356,0.9990103179409927,1
9357,0.9531127653946265,0
9358,0.9276847676797684,0
9359,0.5156081502068797,1
9360,0.9791504134525016,1
9361,0.9019319804565622,0
9362,0.9897050153411778,0
9363,0.9062853757414245,1
9364,0.9588224941096564,0
9365,0.9996345327652627,1
9366,0.9998993306237756,1
9367,0.9684153461419626,0
9368,0.5460493957591919,0
9369,0.9450152900260499,1
9370,0.8298642621443656,1
9371,0.9400843981891701,0
9372,0.9960404674873542,1
9373,0.9744347575851692,0
9374,0.9818167339995589,0
9375,0.7410742230759843,0
9376,0.9999792311886359,1
9377,0.9819909890708884,0
9378,0.8678432027802179,1
9379,0.9103342360679607,0
9380,0.6541370693231566,0
9381,0.707339435822652,0
9382,0.7947062292399307,0
9383,0.9999812078409245,1
9384,0.8288827397839525,1
9385,0.9066931319075979,0
9386,0.8805513544195621,1
9387,0.754208728185051,0
9388,0.9999677601402645,1
9389,0.9978817545097315,1
9390,0.919000613158497,0
9391,0.974667627007625,0
9392,0.9061639890079953,1
9393,0.9767658035807187,0
9394,0.9553868683897281,0
9395,0.9996835942748661,1
9396,0.959130112438604,0
9397,0.9782070187766019,0
9398,0.9852831130932941,0
9399,0.9900796316683049,0
9400,0.8788312831988865,0
9401,0.9645942839681395,0
9402,0.9802532088007533,0
9403,0.5449869830392456,1
9404,0.9442465727434527,0
9405,0.6189828691649346,0
9406,0.766064857679588,0
9407,1.0,1
9408,0.6240808858121131,0
9409,0.5905894678888672,1
9410,0.9999772814475368,1
9411,0.9893530053673941,1
9412,0.9821431879536989,0
9413,0.9999999999997966,1
9414,0.9781082057806026,0
9415,0.9635472796126765,0
9416,0.9999999989707311,1
9417,0.7341316683592328,0
9418,0.9632350303199226,0
9419,0.9900029989741618,0
9420,0.9560688107801208,0
9421,0.9680133762169473,0
9422,0.9999999887806607,1
9423,0.9755756947023356,0
9424,0.9436059974241887,1
9425,0.8948459186374376,0
9426,0.9867099554739261,0
9427,0.9868324183563585,0
9428,0.9832331453744867,0
9429,0.9594436203565138,0
9430,0.8894853197989645,1
9431,0.7533065497027999,0
9432,0.9883034987102779,0
9433,0.9891890359421892,0
9434,0.999999988147975,1
9435,0.6742605189592323,0
9436,0.5581802279518489,0
9437,0.971452717975909,0
9438,0.9344443499577333,0
9439,0.5074335017692491,1
9440,0.9100503654072191,0
9441,0.9845234937033742,0
9442,0.9513980377205878,0
9443,0.997624911836246,1
9444,0.8200255586764919,1
9445,0.9802427695785866,0
9446,0.8104552308687161,1
9447,0.6574896179353503,0
9448,0.9999999994763051,1
9449,0.9347687708610516,1
9450,0.6069698575331689,1
9451,0.8189863395966113,0
9452,0.9601644662215008,1
9453,0.7615722499258895,0
9454,0.8310516008407167,0
9455,0.9754448160946396,0
9456,0.5729107005793155,0
9457,0.9935231526427887,0
9458,0.9890232248735313,0
9459,0.9998421098947842,1
9460,0.9726361060141012,0
9461,0.927960341867653,0
9462,0.9626847273558882,0
9463,0.9424709778754448,0
9464,0.9673081647191583,0
9465,0.985251532342619,1
9466,0.9548165080157908,0
9467,0.7828222889702589,0
9468,0.8727337308808449,0
9469,0.9782225627548495,0
9470,0.9999608535471423,1
9471,0.7017353247744835,0
9472,0.9815574665226572,1
9473,0.9694171344327777,1
9474,0.9706753242410793,0
9475,0.9520716462743618,0
9476,0.9831347967017557,0
9477,0.6442483904691229,0
9478,0.7413754976285695,0
9479,0.9691202756701194,0
9480,0.9862922395012371,1
9481,0.6404885462753912,0
9482,0.9394934572840528,0
9483,0.9878025611013628,0
9484,1.0,1
9485,0.7096879872043202,1
9486,0.768866109546767,1
9487,0.8599108600186185,0
9488,0.9699289208158862,0
9489,0.8666867581965446,0
9490,0.9699155619909557,0
9491,0.9745437833777518,0
9492,0.9040785788128599,1
9493,0.6124095942340938,1
9494,0.9964994679834132,1
9495,0.9710603813562294,0
9496,0.6395894043200707,0
9497,0.9907106984456938,0
9498,0.9446010166801455,0
9499,0.7811639249002741,1
9500,0.9988528701560908,1
9501,0.7564170270251951,0
9502,0.5670534690913532,0
9503,0.986358783011991,0
9504,0.9309951817794813,1
9505,0.9860607870669731,1
9506,0.9027987389613888,1
9507,0.8739080849032392,1
9508,0.9247741669808708,0
9509,0.905301647828159,1
9510,0.9716799373367586,0
9511,0.9421153564768138,0
9512,0.987039312233489,0
9513,0.617056065995939,0
9514,0.984159218884985,0
9515,0.9911767974898498,1
9516,0.9228374550547065,0
9517,0.9878786666147267,0
9518,1.0,1
9519,0.7546278265073703,0
9520,0.9870149850896314,0
9521,0.8720486953237157,0
9522,0.9770526537609937,0
9523,0.8724367623896433,1
9524,0.9181288007808934,0
9525,0.960053589190544,0
9526,0.8935367052738512,0
9527,0.9998279134659658,1
9528,0.9739445447910917,0
9529,0.8653873908253547,0
9530,0.9873112305539968,0
9531,0.7746627749375236,0
9532,0.9075741700680224,0
9533,0.9964084354772762,1
9534,0.962759495412866,1
9535,0.9939171174333408,1
9536,0.851131356639044,0
9537,0.9945537083519213,1
9538,0.9972629940456651,1
9539,0.9964037411325397,1
9540,0.9927535964985453,0
9541,0.9815443049283006,0
9542,0.9893113259467244,0
9543,0.7583526437096313,1
9544,0.9134507140227781,0
9545,0.9739475020609653,0
9546,0.7559766279476551,0
9547,0.9779969588203961,0
9548,0.9906213892265494,0
9549,0.9762668509071242,0
9550,0.9647646171635598,0
9551,0.9408005544282424,0
9552,0.7759915810770016,0
9553,0.9946887919414574,0
9554,0.9363596353144517,1
9555,0.9673686482241745,0
9556,0.7884168776021038,1
9557,0.8187279123202078,1
9558,0.9975359521833783,1
9559,0.7671357609228394,1
9560,0.9714199027433269,0
9561,0.5858691368519771,1
9562,0.9812892878948246,0
9563,0.9385144843073133,0
9564,0.5773470986453371,0
9565,0.9955232293115291,0
9566,0.9646461692679343,0
9567,0.9986879853741779,1
9568,0.8298980981926712,1
9569,0.999999999999805,1
9570,0.5609007722456484,1
9571,0.9988677810350518,1
9572,0.9786765630723157,0
9573,0.9999999999890872,1
9574,0.949661701535247,0
9575,0.9443745659556142,0
9576,0.784654552328578,1
9577,0.973230004354575,0
9578,0.6887273265713503,0
9579,0.9929585634179792,0
9580,0.9209598808885449,0
9581,0.962824900146496,0
9582,0.9801412002169358,0
9583,0.778335689913043,1
9584,0.9876671968485582,0
9585,0.8889618623063953,0
9586,0.9811390199937757,0
9587,0.9999905879721498,1
9588,0.8787203359513381,1
9589,0.9321362736125367,0
9590,0.9474614928374976,0
9591,0.990727509584517,0
9592,0.965424130135842,1
9593,0.7759318399914554,1
9594,0.9757336791425079,0
9595,0.9731878882038568,0
9596,0.9917507922204655,0
9597,0.9774985728219284,1
9598,0.7643237571741104,0
9599,0.9897305061916943,0
9600,0.9999999999999996,1
9601,0.9999998278019085,1
9602,0.9821878127718822,1
9603,0.9295574685409922,0
9604,0.887297900936776,0
9605,0.9831974812213502,0
9606,0.6373257142105048,1
9607,0.9424296246860291,0
9608,0.9867643220170589,0
9609,0.9887427885984428,0
9610,0.9967659280863556,1
9611,0.9975913197480247,1
9612,0.9032857109547237,1
9613,0.5106157183032471,0
9614,0.7542497127104671,0
9615,0.9142984313376294,0
9616,0.9857783380493439,0
9617,0.9431605010252354,1
9618,0.9999920782950442,1
9619,0.9618561411003886,0
9620,0.9851949270126862,0
9621,0.9658710636356392,0
9622,0.5412650249308965,0
9623,0.6753821324862075,0
9624,0.9899196416883169,0
9625,0.9218240619986457,1
9626,0.9115636174650208,0
9627,0.6675637239676865,0
9628,0.9999173231971175,1
9629,0.7667402582786265,0
9630,0.9493888113343326,0
9631,0.9444131062971088,1
9632,0.9509901577055279,0
9633,0.9885829993950671,0
9634,0.9736161909772316,0
9635,0.9019857372956638,1
9636,0.6591142692252222,1
9637,0.9918962264881594,0
9638,0.9994843083798437,1
9639,0.7814163794453529,0
9640,0.7873699408112111,1
9641,0.7208689718676913,0
9642,0.6345003577415624,0
9643,0.9086317218681498,1
9644,0.9804674459924431,0
9645,0.9999999979303638,1
9646,0.9873569616389939,0
9647,0.9691810954660672,0
9648,0.9863166678085904,0
9649,0.5250863634927403,1
9650,0.7502061402055374,0
9651,0.7994903304953439,0
9652,0.657313451932916,1
9653,0.9936126943294296,0
9654,0.9865612247361639,0
9655,0.8265654423644305,1
9656,0.9772100753378459,0
9657,0.9885577389804155,0
9658,0.6198689313756097,0
9659,0.5884776102422776,0
9660,0.6042882028649683,0
9661,0.9824891036490119,0
9662,0.9834853799548476,1
9663,0.9818166182740743,0
9664,0.8171591795179332,0
9665,0.6282865669930123,1
9666,0.9661765821561389,0
9667,0.9549001559471952,0
9668,0.9705244284343888,0
9669,0.8939736650848732,0
9670,0.9835081610199273,0
9671,0.9304774446340573,0
9672,0.7747455800745088,0
9673,0.6651306443333627,0
9674,0.8629476490996969,0
9675,0.9764401692246244,0
9676,0.942841355833068,0
9677,0.9262954883901129,0
9678,0.9993179806133853,1
9679,0.8920560262447211,0
9680,0.785619665861621,1
9681,0.9841010498315179,0
9682,0.9505774870195424,0
9683,0.9893612477527187,1
9684,0.9897227929703567,0
9685,0.9137328865846778,1
9686,0.9813664841861132,0
9687,0.7830194161648532,1
9688,0.750266522345153,0
9689,0.8727884440206489,0
9690,0.6909106052244229,1
9691,0.9443606516667663,0
9692,0.9892302936037426,1
9693,0.9730188307756321,0
9694,0.8932946043311584,1
9695,0.9852552718776665,0
9696,0.9571480716256637,0
9697,0.681896003831383,1
9698,0.8392226146909169,0
9699,0.9832480221181259,0
9700,0.7798369284299771,0
9701,0.6244240732434742,1
9702,0.5426208866529303,1
9703,0.6537663766621581,1
9704,0.9997064478561559,1
9705,0.5269175727014636,0
9706,0.5380996410865708,0
9707,0.9631239739728015,0
9708,0.7810122316012477,1
9709,0.8806865533005919,0
9710,0.9892811187476446,0
9711,0.9687652597785542,0
9712,0.7673083705232091,1
9713,0.9904895830197261,0
9714,0.6601174324799329,0
9715,0.9912259660420099,0
9716,0.9820829271521744,0
9717,0.7489210991285481,1
9718,0.9859086446997974,0
9719,0.560732082221966,1
9720,0.9865471106110374,0
9721,0.9853950968488842,0
9722,0.9968611298308345,1
9723,0.9527683058003344,0
9724,0.9186439117606379,1
9725,0.9739028224443878,0
9726,0.9309485223680286,1
9727,0.9999783542991671,1
9728,0.9999777835476815,1
9729,0.8027602012086497,0
9730,0.989910647293982,0
9731,0.8625289068960469,1
9732,0.9585657645548904,0
9733,0.9163074832902088,0
9734,0.9870179557465691,0
9735,0.9751258575393343,0
9736,0.9808772454804174,0
9737,0.9536559193480703,0
9738,0.891522531355754,0
9739,0.94270465493589,0
9740,0.9753784276674916,0
9741,0.9635373185875729,0
9742,0.9829069110832713,0
9743,0.9868882897802967,0
9744,0.7557835105016485,0
9745,0.5820058165237311,0
9746,0.9903498654397098,0
9747,0.9854469162257635,0
9748,0.6862337343828081,1
9749,0.9879484788160525,0
9750,0.8694919482641155,1
9751,0.9999999999999825,1
9752,0.9845914999286325,0
9753,0.9172251602711672,0
9754,0.8359115076684058,0
9755,0.9565984107510238,0
9756,0.9787793026418995,0
9757,0.9881589985727781,0
9758,0.8170677781092991,0
9759,0.9930386538888276,0
9760,0.9999315278151123,1
9761,0.6247277068445661,0
9762,0.991792131662904,0
9763,0.9340012887535403,0
9764,0.976052555942242,0
9765,0.6852788071850349,1
9766,0.9802854429154835,0
9767,0.946272887280318,0
9768,0.9874922815147137,0
9769,0.5248500511170021,0
9770,0.6040278679684538,0
9771,0.9881894254558701,0
9772,0.5608156803093591,1
9773,0.9999713044150151,1
9774,0.9861981027690457,0
9775,0.876463307772031,1
9776,0.9447911525949463,0
9777,0.9744959525264246,0
9778,0.6314285533042127,0
9779,0.9678834808553183,0
9780,0.9502818786286158,0
9781,0.8468889263238988,0
9782,0.7878821128662673,1
9783,0.9619589946814541,0
9784,0.6672947277009432,1
9785,0.9837818617751856,0
9786,0.9020496720797232,0
9787,0.9751014123327897,0
9788,0.9660245730030832,0
9789,0.9636456391759065,0
9790,0.9974252468208556,1
9791,0.6246779733208004,1
9792,0.9999999999925984,1
9793,0.9705857459441838,0
9794,0.9925802053908152,0
9795,0.9771102448272464,0
9796,0.8627251911580994,0
9797,0.9973982045067873,1
9798,0.8443867529183096,0
9799,0.9236955112139859,0
9800,0.9791947939437072,0
9801,0.8452387520346658,0
9802,0.9999703228817676,1
9803,0.7351759666823978,0
9804,0.9613609656060419,0
9805,0.9893641848944774,0
9806,0.9228297060838753,0
9807,0.6580457002306654,0
9808,0.9879485764190609,1
9809,0.8472963482510389,1
9810,0.9997868662208665,1
9811,0.9769910986772853,0
9812,0.9967525444924807,1
9813,0.7433368921950091,0
9814,0.9590511551072629,0
9815,0.9839070947811301,0
9816,0.987878558249216,1
9817,0.9883771149560944,1
9818,0.9782643670973267,0
9819,0.8024681301929719,1
9820,0.9720909014447973,0
9821,0.9387469311093983,0
9822,0.9234760936393034,1
9823,0.9920355512465758,1
9824,0.9911226660095738,0
9825,0.8364966143051841,0
9826,0.9694018271758705,0
9827,0.6207270587100846,1
9828,0.9908983273091206,0
9829,0.9549792193324258,0
9830,0.5362104402662204,1
9831,0.9631312690204069,0
9832,0.6546641110007223,1
9833,0.7954824863954915,0
9834,0.9924040343520529,0
9835,0.9859709232772158,0
9836,0.9923316556102231,1
9837,0.9999280655751587,1
9838,0.9911862929088835,0
9839,0.9846759272453943,1
9840,0.9925610226026335,0
9841,0.9774241542176156,0
9842,0.94480140398386,1
9843,0.6683488179344917,0
9844,0.9999562571748644,1
9845,0.9750143611037612,0
9846,0.9803125478855947,0
9847,0.9558241993310206,0
9848,0.714037879673772,0
9849,0.9635565505230872,1
9850,0.9505548322133597,1
9851,0.7258747412858929,0
9852,0.9996285909015115,1
9853,0.6086228321027601,0
9854,0.8082332731994625,0
9855,0.9995173977785711,1
9856,0.9898095704914791,1
9857,0.7412035798784353,0
9858,0.9448334129219044,0
9859,0.9815302355286732,0
9860,0.7041054065855681,0
9861,0.9064085893931602,0
9862,0.987125621022983,0
9863,0.941094341059766,0
9864,0.7833479018237313,0
9865,0.9856803451865781,0
9866,0.9066914959969428,1
9867,0.9988471678747749,1
9868,0.9558100323283467,0
9869,0.5439632168550557,1
9870,0.9767437510883271,0
9871,0.9380583154400424,0
9872,0.9991354542075306,1
9873,0.691295320783469,0
9874,0.9134507140227781,0
9875,0.7705578649566506,0
9876,0.9998890368658696,1
9877,0.9989148427551103,1
9878,0.9910222462270788,1
9879,0.9568492523073263,1
9880,0.9844754275556096,0
9881,0.991804686637774,0
9882,0.9874810816473583,0
9883,0.9901612856596345,0
9884,0.9886052853168085,0
9885,0.8707262297772743,1
9886,0.9664833009852417,0
9887,0.6057501436909463,1
9888,0.9611285375282672,0
9889,0.9825226363849836,0
9890,0.999996721447792,1
9891,0.9416289723507291,1
9892,0.9290421027267532,0
9893,0.9675465245946878,0
9894,0.9953701861208212,1
9895,0.9995340866719971,1
9896,0.9658719755165074,0
9897,0.923321120918863,0
9898,0.9262229466708938,0
9899,0.9892630957194163,0
9900,0.9816606289138341,0
9901,0.9869043960915634,0
9902,0.652775692701722,0
9903,0.891040634593683,0
9904,0.9907961770646241,0
9905,0.5071412824990829,1
9906,0.9855010317002487,0
9907,0.825073105699555,0
9908,0.9834962397994943,1
9909,0.9999998960194537,1
9910,0.7185128409771877,0
9911,0.9919713198973171,0
9912,0.5618107946929012,0
9913,0.9834528815500896,0
9914,0.9991158348967693,1
9915,0.9395810010237778,1
9916,0.9999975047085938,1
9917,0.9916079410594326,0
9918,0.9818928425351475,0
9919,0.5884529765084895,0
9920,0.9731454452528432,0
9921,0.9395271547234083,1
9922,0.9479774958337147,0
9923,0.9512553711083911,0
9924,0.5043535728426983,0
9925,0.9631790148786741,0
9926,0.958481955864566,0
9927,0.976125108444311,0
9928,0.9912002839820657,0
9929,0.9998443225891388,1
9930,0.9998912415341022,1
9931,0.8277810398154507,0
9932,0.894645569289444,0
9933,0.5255858589678126,1
9934,0.9999953380014989,1
9935,0.9925877361004304,0
9936,0.9921374857490876,0
9937,0.9868023831518139,0
9938,0.9818058592644836,0
9939,0.9674017630393593,0
9940,0.8725257961904032,0
9941,0.9327434048121027,1
9942,0.9838690364224623,0
9943,0.9999999794338785,1
9944,0.829997213500858,0
9945,0.9865905030190425,0
9946,0.6954098637032907,1
9947,0.7023616810385443,0
9948,0.980383619660924,0
9949,0.9999545234511759,1
9950,0.7682300832586991,0
9951,0.6078797631109001,0
9952,0.9796367790302538,0
9953,0.9999999156894726,1
9954,0.9866477328445196,0
9955,0.816066991732469,1
9956,0.9732578567938893,0
9957,0.9803216254272945,0
9958,0.7507489544942982,0
9959,0.9999999999996896,1
9960,0.9798967632429404,0
9961,0.8012583537122272,0
9962,0.9344889562801337,0
9963,0.7848864642451486,0
9964,0.9370780218467473,1
9965,0.9101952868397963,0
9966,0.9820408361548824,0
9967,0.9684174666536529,0
9968,0.9321478980923473,0
9969,0.9911578706852224,0
9970,0.9987266895276788,1
9971,0.9677360424623768,1
9972,0.7807820754596488,0
9973,0.9619370396862994,0
9974,0.9914326307403961,0
9975,0.7614124969772732,0
9976,0.9987659404812899,1
9977,0.6389254372049331,1
9978,0.9426480862067064,0
9979,0.980857467152772,0
9980,0.9999575538289673,1
9981,0.9812049165024797,1
9982,0.8967806205966967,0
9983,0.9937193097054922,0
9984,0.9908573816720578,0
9985,0.8505398216193168,1
9986,0.9871267245004745,1
9987,0.9982346614859645,1
9988,0.9205648368421463,0
9989,0.5458029241944622,1
9990,0.9902256651800393,0
9991,0.9804934410142565,0
9992,1.0,1
9993,0.9998285180755903,1
9994,0.8946236204867949,1
9995,0.9657183443374896,0
9996,0.5506963548464894,0
9997,0.9852110416009301,0
9998,0.9818434658589306,0
9999,0.9999996607144312,1
10000,0.6388916541699874,0
10001,0.7702062089541359,0
10002,0.9366027192602581,0
10003,0.9655092099312887,0
10004,0.554695530587848,0
10005,0.9492053212864959,0
10006,0.9737223698674884,0
10007,0.9819570668892987,0
10008,0.8705538299030727,0
10009,0.9700683169985886,0
10010,0.999981224887052,1
10011,0.9899783613643782,0
10012,0.9814196688321866,1
10013,0.621658826167972,0
10014,0.983668309926476,0
10015,0.6292289842805422,1
10016,0.9795157716102666,1
10017,0.9677541709431814,0
10018,0.9332962973087682,1
10019,0.7008959789511793,0
10020,0.9919628396371705,1
10021,0.9924257405935871,0
10022,0.9917946500470052,0
10023,0.9999920689950021,1
10024,0.9899415640100585,0
10025,0.8828181860245291,0
10026,0.999999963545773,1
10027,0.9336737079294172,1
10028,0.9687356849035115,0
10029,0.9815526255462917,0
10030,0.9252481814290349,0
10031,0.7562184510925667,1
10032,0.8882221678297034,0
10033,0.6071128438069898,0
10034,0.9890973880692052,0
10035,0.9914015610615019,0
10036,0.9999999999999756,1
10037,0.8644578569288517,0
10038,0.9999269508576644,1
10039,0.9920652090463052,0
10040,0.9783365151987472,0
10041,0.7211443249901606,0
10042,0.9757680365160363,0
10043,0.9729044491582934,1
10044,0.9779647402924342,0
10045,0.7893569131183447,0
10046,0.9347691432936591,0
10047,0.8623887709839344,1
10048,0.5834433366204146,0
10049,0.5537073136906068,0
10050,0.9827246207476905,0
10051,0.9904391795108491,0
10052,0.981059024601229,0
10053,0.9728156226767214,0
10054,0.9978780625493814,1
10055,0.8131186249291129,1
10056,0.9662631829067195,0
10057,0.7703227466607923,1
10058,0.9347618727080352,0
10059,0.9783548683429164,0
10060,0.975273660998103,0
10061,0.9669831095825407,0
10062,0.9738641760962404,0
10063,0.5575226964340341,1
10064,0.747420188818702,0
10065,0.999880782344676,1
10066,0.6302418394277627,0
10067,0.6972813268360254,1
10068,0.9859557335670127,0
10069,0.9999419119485764,1
10070,0.9005827866296943,1
10071,0.9944804500469996,1
10072,0.5139606267429067,0
10073,0.9822143335846824,0
10074,0.9999996250470781,1
10075,0.6999800192087314,0
10076,0.6266929220007117,0
10077,0.941428076528537,0
10078,0.7945791947803603,0
10079,0.9985834440512998,1
10080,0.6457465837227401,0
10081,0.8779268412305185,0
10082,0.9939092111939488,1
10083,0.9817688219086602,0
10084,0.9875628168981477,0
10085,0.9996974379330082,1
10086,0.9999133500736899,1
10087,0.8489127850519528,1
10088,0.8780913640385375,1
10089,0.5624697751332985,0
10090,0.9874630837319612,0
10091,0.9931709642926646,0
10092,0.9979335392353764,1
10093,0.8172087184015733,0
10094,0.9992044667174785,1
10095,0.9983801439128132,1
10096,1.0,1
10097,0.9407351512393529,1
10098,0.9678907606525088,0
10099,0.9999883783841284,1
10100,0.9766889464645565,0
10101,0.5560804929006143,0
10102,0.9775389066866478,0
10103,0.9883592351168281,0
10104,0.9887863073474914,0
10105,0.9930350600434842,0
10106,0.9999999999999991,1
10107,0.9764008280477015,0
10108,0.9784562703389454,0
10109,0.6016440197023644,1
10110,0.9929033778741632,0
10111,0.51633525620516,0
10112,0.8953508622172824,0
10113,0.9860511491991542,0
10114,0.9216781846808113,0
10115,0.9655417745338956,0
10116,0.9702374805282576,1
10117,0.9537945427384695,0
10118,0.8548075456305678,1
10119,0.9113088296077698,0
10120,0.983302966845771,0
10121,0.8758426962919383,1
10122,0.8904797184351153,0
10123,0.9981111483822114,1
10124,0.8885316598014777,0
10125,0.6054841400073537,0
10126,0.9857822755563181,0
10127,0.8758047183764552,0
10128,0.9999976635581522,1
10129,0.9695375854923868,0
10130,0.9582640228157694,0
10131,0.8785090875456452,0
10132,0.9140851869872493,0
10133,0.9493041474633963,0
10134,0.9999999999999893,1
10135,0.9784380921193475,0
10136,0.9484794821779784,1
10137,0.9999999999988813,1
10138,0.9884666905199903,0
10139,0.9424998053490409,0
10140,0.8819709363560619,0
10141,0.9837656179575897,0
10142,0.7418492004698084,1
10143,0.9998858785678174,1
10144,0.9765523604148664,0
10145,0.7216626247425721,0
10146,0.9914196663696366,0
10147,1.0,1
10148,0.9790954079213894,0
10149,0.9999918288133495,1
10150,0.9766248676870013,0
10151,0.9883093763600274,0
10152,0.9834615053140202,0
10153,0.8814393378521149,0
10154,0.9772008935560692,0
10155,0.9895925424700837,0
10156,0.6802044019978409,0
10157,0.8387296700247077,0
10158,0.9073108495548212,0
10159,0.9875434213876308,0
10160,0.8971393057740519,0
10161,0.9868648258298186,0
10162,0.990235110638494,0
10163,0.7190885008557317,0
10164,0.9895671012492527,0
10165,0.9731476180352151,0
10166,0.7481656809969498,0
10167,0.6862235854336002,1
10168,0.5886299962176583,0
10169,0.6456695730811554,1
10170,0.8392862757072049,1
10171,0.5066296135625646,0
10172,0.9824475059422311,0
10173,0.7744322592342283,1
10174,0.9969193179457693,1
10175,0.9331516504903813,0
10176,0.7664164895663182,0
10177,0.9116001013774605,0
10178,0.9912592490699328,0
10179,0.9612779687352973,0
10180,0.9860441388802624,0
10181,0.9999731261785421,1
10182,0.9197760763302985,0
10183,0.6599408203008631,1
10184,0.985331358702304,0
10185,0.6959418227743703,0
10186,0.5358639795415524,0
10187,1.0,1
10188,0.8738319151433905,0
10189,0.6071429492976091,0
10190,0.9993993083978774,1
10191,0.9406573382462599,0
10192,0.9847872372131137,0
10193,0.9830496466831237,1
10194,0.806968450433245,1
10195,0.6244808389812629,0
10196,0.7219757922198672,1
10197,0.9663461347410479,0
10198,0.7212367715387924,0
10199,0.9576058924831471,0
10200,0.9927944468848965,0
10201,0.9864077114342222,0
10202,0.9752670907791844,0
10203,0.9630470472051451,0
10204,0.610695035558944,0
10205,0.7732997327303266,0
10206,0.9999999997251381,1
10207,0.9806234502163256,0
10208,0.977253228956321,0
10209,0.9221848402466044,0
10210,0.9999806099026667,1
10211,0.7599944667354787,0
10212,0.9999738090699739,1
10213,0.8433786001480637,0
10214,0.9389865175723635,0
10215,0.8452100957731948,0
10216,0.9881583343017837,0
10217,0.9888415382675045,0
10218,0.9997622651381067,1
10219,0.6312788492118403,0
10220,0.9895784231369096,0
10221,0.9686849982980544,1
10222,0.9339621463348665,0
10223,0.9659045092499463,0
10224,0.9340375183432793,0
10225,0.9891588165892494,0
10226,0.9814128732517666,0
10227,0.9371230126065064,0
10228,0.9153385562776868,0
10229,0.6570106273722511,0
10230,0.5297898049514259,1
10231,0.7852268820644033,1
10232,0.879116229149763,0
10233,0.9403398794896511,0
10234,0.994228514385143,0
10235,0.9300695095825002,1
10236,0.9928805681874805,0
10237,0.9789667554387712,0
10238,0.9170426603612816,0
10239,0.6343982402794847,1
10240,0.856227958499578,0
10241,0.9999857869313019,1
10242,0.9914929010883887,0
10243,0.986273532897441,0
10244,0.9570896909345473,0
10245,0.9951036745831894,1
10246,0.9754880742512612,0
10247,0.538456392155958,0
10248,0.8928597460398401,1
10249,0.6651306443333627,0
10250,0.8850968191116528,1
10251,0.9560624812944236,0
10252,0.9734268894264302,0
10253,0.9833292683240115,0
10254,0.9718816272685482,0
10255,0.8279006801735249,1
10256,0.9920931471897633,0
10257,0.9919524978881049,0
10258,0.9848277878254831,0
10259,0.8600838819381111,0
10260,0.6197470760620563,0
10261,0.9671779376088071,0
10262,0.9991504353433847,1
10263,0.8250101648600724,0
10264,0.9473751769234492,0
10265,0.9646483570980058,0
10266,0.8218879177345968,0
10267,0.8322615773293768,0
10268,0.9687335037147788,0
10269,0.9784874161127877,0
10270,0.9999999999999969,1
10271,0.871222246092852,1
10272,0.9561847929734962,0
10273,0.9995712001870574,1
10274,0.891769454696998,1
10275,0.8254462021655204,0
10276,0.710438746691425,1
10277,0.9955554976222951,1
10278,0.9489056945035906,0
10279,0.8586109243187301,0
10280,0.9999999999845142,1
10281,0.6149576660226487,1
10282,0.9859112851733319,0
10283,0.9344333393246889,0
10284,0.9606401345780072,0
10285,0.5437951253139618,0
10286,0.580186646291762,1
10287,0.8631646302372852,0
10288,0.8568392932452478,1
10289,0.7212397187834607,0
10290,0.5402892369612393,0
10291,0.991022987046769,0
10292,0.9550666861126946,0
10293,0.9797459967042716,0
10294,0.9999999999839344,1
10295,0.9885715914139538,0
10296,0.9875402809627043,0
10297,0.9999778268448213,1
10298,0.9642165797690948,0
10299,0.8683841776195195,0
10300,0.5961751168193903,0
10301,0.725563401436496,0
10302,0.8051789434735592,0
10303,0.8014435822319277,0
10304,0.9472998925484324,0
10305,0.8950873134103206,0
10306,0.6309096545340621,0
10307,0.9721239562228693,0
10308,0.6514737405244284,0
10309,0.9703453918411131,0
10310,0.9235296809200347,0
10311,0.9721756715232891,0
10312,0.8118569511293456,1
10313,0.9439822326941968,0
10314,0.6500635236039477,1
10315,0.912026614592464,1
10316,0.9897181059588336,0
10317,0.9744125758201574,1
10318,0.9979856093658266,1
10319,0.5340152244329183,1
10320,0.9592840394282461,0
10321,0.9840327108179711,0
10322,0.9701691601481216,0
10323,0.703241194078969,0
10324,0.9748897783744053,0
10325,0.7116386606292069,1
10326,0.9029525731367478,0
10327,0.9722092927733594,0
10328,0.9706836280219822,0
10329,0.999999999982579,1
10330,0.938613777055637,0
10331,0.992169132758494,0
10332,0.9632056321527582,0
10333,0.7997811811917205,0
10334,0.6046057445976107,0
10335,0.9685375714787616,0
10336,0.9748099666853135,0
10337,0.9759257217699447,1
10338,0.9967802013811258,1
10339,0.6192679848091848,0
10340,0.9999936155677216,1
10341,1.0,1
10342,0.9144154361422445,0
10343,0.5360978358638582,0
10344,0.9960823748024816,1
10345,0.9432685892609336,0
10346,0.9295636761919723,0
10347,0.9925802053908152,0
10348,0.9442024588665695,0
10349,0.9988143088194589,1
10350,0.9347278204190516,0
10351,0.9999156792100914,1
10352,0.9994453683538137,1
10353,0.8188803427789763,0
10354,0.9844321061434615,0
10355,0.9899722736538867,0
10356,0.6509470337728153,0
10357,0.9417760933468227,0
10358,0.9086941332459588,0
10359,0.9105226291495986,0
10360,0.9895623064237523,1
10361,0.990711772773461,0
10362,0.9900046299540975,0
10363,0.9601664130808052,0
10364,1.0,1
10365,0.9870736136123184,0
10366,0.9121208583725043,0
10367,0.9183453392440294,0
10368,0.9999185700660356,1
10369,0.9870377094347818,0
10370,0.69619728744873,0
10371,0.7361736484927731,0
10372,0.5030444051255147,1
10373,0.9985585103531198,1
10374,0.9863179214668749,0
10375,0.6853128230379901,0
10376,0.9665977008316026,1
10377,0.9957828101435899,1
10378,0.9637063507575822,0
10379,0.9815916095219985,0
10380,0.7721757873201398,0
10381,0.9864709319234138,0
10382,0.7956520454358657,1
10383,0.9866402009098713,1
10384,0.9356006206545434,0
10385,0.93608971644476,0
10386,0.9782735144237444,0
10387,0.6743652127095378,1
10388,0.940152305647558,0
10389,0.9908181340858738,1
10390,0.788058156336529,0
10391,0.9921599760169466,1
10392,0.8430422696747495,0
10393,0.9999999999999982,1
10394,0.9284405229488935,0
10395,0.9889327279416219,0
10396,0.9684758856222127,0
10397,0.8739272135188498,0
10398,0.7961460825147791,1
10399,0.8728033266902736,0
10400,0.8275339822408018,0
10401,0.9728237393294819,0
10402,0.9623149706834627,0
10403,0.9162449027729933,0
10404,0.9967012068912403,1
10405,0.9780614055039087,0
10406,0.9999999827590914,1
10407,0.9024152121396419,0
10408,0.5044687643711818,1
10409,0.7083817605545312,1
10410,0.9996654864254633,1
10411,0.5882951844042111,0
10412,0.9838409841615348,0
10413,0.9998387779319352,1
10414,0.6873831463871272,1
10415,0.9504576791925614,0
10416,0.9661861619760553,0
10417,0.9148626261369924,0
10418,0.9829087443743786,0
10419,0.7381829211827563,0
10420,0.9811854983192686,0
10421,0.9784359355803192,0
10422,0.8519149985082591,0
10423,0.9448343978298451,0
10424,0.8869213484935609,0
10425,0.9993832179731778,1
10426,0.9866484281152781,0
10427,0.98664144037774,0
10428,0.9575593889849081,0
10429,0.9734404292227699,0
10430,0.999995201977516,1
10431,0.9734483881069745,0
10432,0.5792167604824575,1
10433,0.9698209715921419,0
10434,0.9560767261425402,0
10435,0.7329421307483245,0
10436,0.8615857485051479,0
10437,0.7390988694556093,0
10438,0.7723642162336581,1
10439,0.6786192833180241,0
10440,0.8592726062318589,1
10441,0.9735232439790082,0
10442,0.9564722133633972,0
10443,0.9583716070172621,0
10444,0.8455841090736883,1
10445,0.9631166625684183,0
10446,0.9897134057526296,0
10447,0.9886701678184358,0
10448,0.9858276897898801,0
10449,0.9703480582810373,0
10450,0.9901443338631833,0
10451,0.95687544136532,1
10452,0.9823416505850363,0
10453,0.8179663058320529,0
10454,0.9892613410360683,1
10455,0.9475194570535922,0
10456,0.9835339897507052,0
10457,0.5879197032990515,1
10458,0.5344181513247523,0
10459,0.8840875743201694,0
10460,0.9850783716252423,0
10461,0.6058137381188325,1
10462,0.8461583128875115,1
10463,0.670268962602028,0
10464,0.893786711745124,0
10465,0.8636590051880082,0
10466,0.7168262628764596,1
10467,0.986913337924104,0
10468,0.9700657772297379,0
10469,0.9734609021696646,0
10470,0.9798132324554539,0
10471,0.9999969748070079,1
10472,0.9815465994715334,0
10473,0.8816183985040289,0
10474,0.9999999999996494,1
10475,0.9986031977309863,1
10476,0.996633587502003,1
10477,0.9655338749201882,0
10478,0.9075908937056768,1
10479,0.9955232293115291,0
10480,0.9595615366174737,1
10481,0.5736430180904107,1
10482,0.951042297660078,0
10483,0.9303612069449733,1
10484,0.9150946411169428,0
10485,0.9906015848196433,1
10486,0.9679918142024255,0
10487,0.6293143392625022,1
10488,0.8235513805114992,0
10489,0.9872998277710415,0
10490,0.9791770569996345,0
10491,0.9581835975403693,1
10492,0.9800248631856514,0
10493,0.8983160223067933,0
10494,0.9886504758717313,0
10495,0.7191147247664452,0
10496,0.9208825496983348,0
10497,0.9792306118622417,0
10498,0.7561262475678879,0
10499,0.9789900200839291,0
10500,0.9637025735121698,0
10501,0.9157288870118059,0
10502,0.9570189150977785,1
10503,0.9933397044894435,0
10504,0.9460963692580187,0
10505,0.9838275260907215,0
10506,0.6169018276023761,0
10507,0.5072137239344097,1
10508,0.8612685672764302,0
10509,0.5831076411908922,1
10510,0.85093839236223,0
10511,0.9999976101433516,1
10512,0.9127222982885157,0
10513,0.6538956755863637,0
10514,0.9387455830889766,0
10515,0.9901461044836436,0
10516,0.8016656060240244,0
10517,0.9566246759400295,1
10518,0.9875675773987533,0
10519,0.8658438009456281,0
10520,0.9759475137327899,1
10521,0.9749339777269416,0
10522,0.8754423475222863,0
10523,0.7287243730921523,1
10524,0.5077390616699297,1
10525,0.9748006995562137,0
10526,0.9000398237251236,0
10527,0.9416232591177878,0
10528,0.6988731926895889,0
10529,0.9869349434610126,0
10530,0.9731912817294317,0
10531,0.9865942360766269,0
10532,0.9476150513962727,0
10533,0.7814170030238602,0
10534,0.6861001738755702,0
10535,0.9702644391300193,0
10536,0.8325121454471315,0
10537,0.9824949859307914,0
10538,0.9795759964232019,0
10539,0.9858681201364106,1
10540,0.9432119910320151,0
10541,0.965315414038185,0
10542,0.9219934763280278,0
10543,0.9789021507820668,0
10544,1.0,1
10545,0.9416807806454918,0
10546,0.9856530281516,0
10547,0.8656901950065881,1
10548,0.9833179838722766,1
10549,0.9855887811470818,0
10550,0.7659263776928374,0
10551,0.993412792890244,0
10552,0.9798591066880639,0
10553,0.9683096871088395,0
10554,0.8775268932245613,1
10555,0.7657528190354277,1
10556,0.6802845358175263,0
10557,0.9269170895190518,0
10558,0.9880742420492502,0
10559,0.7834421042782609,1
10560,0.8031103442414143,0
10561,0.9661493742608235,0
10562,0.8406230274881361,0
10563,0.5930848098502264,1
10564,0.7826093066153345,0
10565,0.9820031815240431,0
10566,0.9674159782690074,0
10567,0.9492018259086737,0
10568,0.633260930073259,0
10569,0.9795046516671222,0
10570,0.9999964884985545,1
10571,0.9999989193273127,1
10572,0.9512164112425676,0
10573,0.5720912855302887,0
10574,0.9875965784308094,0
10575,0.7379789247439809,0
10576,0.9803673787674172,0
10577,0.9906994204297551,0
10578,0.9829137548308118,0
10579,0.9510030544675875,0
10580,0.6399020988731342,1
10581,0.9694608559311096,0
10582,0.9999999997708944,1
10583,0.9062671033651766,0
10584,0.9660056261391599,0
10585,0.9445184697516864,0
10586,0.9973153178501935,1
10587,0.5550352762558646,1
10588,0.9916733564009776,0
10589,0.9891885424542065,0
10590,0.963324118914836,0
10591,0.9999381249751026,1
10592,0.8698952344291985,0
10593,0.9999999999996794,1
10594,0.6466902262112998,1
10595,0.983946640590948,0
10596,0.6258239762800782,0
10597,0.9803391051676936,0
10598,0.981003820162878,0
10599,0.6678079389837986,0
10600,0.9188196625534735,1
10601,0.7880495532527723,0
10602,0.9998179558495075,1
10603,0.6728205252684111,0
10604,0.9999999999957119,1
10605,0.9926880830851333,0
10606,0.9566846528170374,0
10607,0.9648682405365271,0
10608,0.9683729424254738,0
10609,0.9975049222062872,1
10610,0.9581247872270096,0
10611,0.9581882424732475,0
10612,0.8718630752361747,0
10613,0.7950060568052467,0
10614,0.9616422516630712,0
10615,0.9635979836097562,0
10616,0.9991125417005409,1
10617,0.9141126628618247,1
10618,0.7460646278661826,1
10619,0.9903788368020968,0
10620,0.9380540659197337,0
10621,0.7842087620842445,0
10622,0.9299902692253895,0
10623,0.9928322822768927,0
10624,0.9999675129843376,1
10625,0.999909825972497,1
10626,0.9647539436624614,0
10627,0.980430894451203,0
10628,0.6565286850267841,0
10629,0.5248236941922707,1
10630,0.9840599272477757,0
10631,0.9727195398026663,1
10632,0.9945445602908161,1
10633,0.606980822004695,1
10634,0.9998242481225403,1
10635,0.9850552663889472,0
10636,0.9405107453185573,0
10637,0.9918429263418096,1
10638,0.9434858824973681,0
10639,0.8643485578443925,0
10640,0.9719128860214378,0
10641,0.9980751687181875,1
10642,0.7700742120457431,0
10643,0.9999655683429711,1
10644,0.8712807385091751,1
10645,0.9646219285087303,0
10646,0.985218652103683,0
10647,0.9143594774251542,0
10648,0.9999862340775006,1
10649,0.9999999999999416,1
10650,0.9714151931092835,1
10651,0.9678420226629503,1
10652,0.9998249626972394,1
10653,0.9717872626429266,0
10654,0.9969845783621348,1
10655,0.9274706505195639,0
10656,0.9359305531866572,0
10657,0.88683094035594,1
10658,0.9872340051093655,0
10659,0.7641360506833065,0
10660,0.7466953460701448,1
10661,0.9596306105851076,0
10662,0.9430341367597107,0
10663,0.6996086336487864,1
10664,0.9679744416389486,0
10665,0.7153065570779135,0
10666,0.9999999999999973,1
10667,1.0,1
10668,0.5818078910651754,1
10669,0.8571411081030629,0
10670,0.5861676508897389,0
10671,0.911892820559349,0
10672,0.9726937700630854,0
10673,0.9906288564863944,0
10674,0.5407924713024479,0
10675,0.9908733701211768,0
10676,0.9681215733255502,0
10677,0.9652972664252836,0
10678,0.9189438137185181,0
10679,0.9782256491314357,0
10680,0.6134734599027176,1
10681,0.9134231061300898,0
10682,0.978579934942619,0
10683,0.9804157788975002,0
10684,0.9895586403745973,0
10685,0.9859036769011433,0
10686,0.9172266220281384,0
10687,0.6023502821738211,1
10688,0.9999922203962824,1
10689,0.9687852215231738,1
10690,0.9999377556790707,1
10691,0.995218766197894,1
10692,0.9920519470444741,0
10693,0.832159106336022,0
10694,0.9841428558573538,1
10695,0.7750989874493976,0
10696,0.6885680516159857,0
10697,0.7429579579530341,1
10698,0.9855957212329002,0
10699,0.9906223820050405,0
10700,0.8847855764285885,0
10701,0.9899661750618967,0
10702,0.9756421821685929,0
10703,0.9993654133538991,1
10704,0.9506024635789784,1
10705,0.9401426902762317,0
10706,0.9914473534377148,0
10707,0.9479557401395307,0
10708,0.9895310042670658,0
10709,0.6834372276304438,0
10710,0.9496368955928145,0
10711,0.9697196625361112,0
10712,0.9787634682112455,0
10713,0.9418463999361473,0
10714,0.9344896488104338,1
10715,0.9870768577841186,0
10716,0.9505167964771667,0
10717,0.7401573736871956,0
10718,0.9840323886633147,0
10719,0.9875477738136917,0
10720,0.9376080250652926,0
10721,0.9999815262049807,1
10722,0.999993819153911,1
10723,0.9841307041912634,0
10724,0.8912882027736335,0
10725,0.9931709642926646,0
10726,0.9383149216866044,0
10727,0.9520842756747289,1
10728,0.9870907668092153,0
10729,0.8066381812770971,0
10730,0.9999508576484194,1
10731,0.5509892318062478,1
10732,0.7868520251410266,0
10733,0.9894945892419084,0
10734,0.5451554164788482,1
10735,0.9550562123080069,1
10736,0.943720887749601,1
10737,0.9997662288011062,1
10738,0.938743430864858,0
10739,0.9476129229957517,0
10740,0.9182777929661304,0
10741,0.9636688011094748,0
10742,0.7838728451975145,1
10743,0.9279703908414416,0
10744,0.9848356426155999,0
10745,0.6870045506890317,1
10746,0.9890940487419894,0
10747,0.8804907087005794,1
10748,0.9848202260482245,0
10749,0.6075386302861606,1
10750,0.8085153137089958,1
10751,0.9576207564810625,0
10752,0.9905881673013995,0
10753,0.9999196430460784,1
10754,0.9886822061288434,0
10755,0.9910946484634134,1
10756,0.9999999707691773,1
10757,0.9795296635074938,0
10758,0.9879318077600077,0
10759,0.995264272677271,1
10760,0.5383076301026841,0
10761,0.8742167508149612,0
10762,0.9841292567502876,0
10763,0.7553917573127881,0
10764,0.9899607451476047,0
10765,0.691032840353852,1
10766,0.7720115040918049,0
10767,0.8892155761162926,0
10768,0.6862362716331499,1
10769,0.5316874873594813,1
10770,0.7639961452719192,0
10771,0.7323044211433006,0
10772,0.7710064519169955,0
10773,0.977631852772978,0
10774,0.7175163224299033,1
10775,0.5751509012913127,0
10776,0.53204471356453,1
10777,0.9512744494188584,0
10778,0.958063753142589,0
10779,0.9982333102341104,1
10780,0.9653298809719366,0
10781,0.9330402647055381,1
10782,0.7839429957617817,0
10783,0.9999980489426115,1
10784,0.7018122601471227,1
10785,0.545177157855177,1
10786,0.9883352453972459,0
10787,0.6868300817242975,0
10788,0.9958993944452624,1
10789,0.9588873133193198,0
10790,0.9855767686194021,0
10791,0.9334858386563762,0
10792,0.863261750144052,0
10793,0.7342543375581914,0
10794,0.7189287537388117,1
10795,0.9719578250894251,0
10796,0.9874944892492361,0
10797,0.8770865225786496,0
10798,0.556153614275415,0
10799,0.9301998415992057,0
10800,0.9750064716112337,0
10801,0.9999999999936575,1
10802,0.7023178286791036,0
10803,0.7784432431223829,0
10804,0.9999999829808971,1
10805,0.9996710437448876,1
10806,0.9005357344579359,0
10807,0.8490953221009504,0
10808,0.9805156676723794,1
10809,0.93480333220461,1
10810,0.9305723865656296,0
10811,0.9856383061169333,0
10812,0.9702338109944373,1
10813,0.9689800249343464,0
10814,0.5378132689150787,0
10815,0.9791112920541873,0
10816,0.6224968944295467,0
10817,0.8955931250950887,0
10818,0.9883215950135248,1
10819,0.9898739509367502,0
10820,0.9887237127884639,0
10821,0.9811406977026133,0
10822,0.9921136648553588,0
10823,0.8771649568860435,0
10824,0.9989232422615764,1
10825,0.9922562838454287,0
10826,0.9640366686257702,1
10827,1.0,1
10828,0.9884859940767878,0
10829,0.9884530113039368,1
10830,0.9696292116170394,0
10831,0.9999999999996798,1
10832,0.7702856353370631,1
10833,0.9960754831447958,1
10834,0.9918037995957452,0
10835,0.9729000609795905,0
10836,0.9867409775769986,0
10837,0.9983254618233737,1
10838,0.9851854258064867,1
10839,0.9915014026949336,1
10840,0.9904618821602087,0
10841,0.967958803230721,0
10842,0.8285335889161134,0
10843,0.8500368280574856,0
10844,0.982595188567842,0
10845,0.522375813781436,0
10846,0.8262340685569861,0
10847,0.7586018204516376,0
10848,0.9396946575166637,0
10849,0.9812051337965222,0
10850,0.984927724340266,0
10851,0.9999004767540334,1
10852,0.9419729888445377,0
10853,0.9909114613944761,0
10854,0.988489136976966,0
10855,0.8584541307808048,1
10856,0.8764965079896611,0
10857,0.9360212296108593,0
10858,1.0,1
10859,0.9708624057145661,0
10860,0.9536632474549231,0
10861,0.9698135341022133,0
10862,1.0,1
10863,0.999811707298014,1
10864,1.0,1
10865,0.576390584839548,0
10866,0.8608501324308805,1
10867,0.9885089097017197,0
10868,0.9691876459478022,0
10869,0.9341851838458217,0
10870,0.5690125891732396,0
10871,0.7885488897436974,0
10872,0.991458769603011,1
10873,0.6333285762678259,0
10874,0.7424749862387532,1
10875,0.7645009732058156,0
10876,0.999764988378295,1
10877,0.8699318015955022,1
10878,0.9870699752712315,0
10879,0.9851487801144186,0
10880,0.8999433713863451,0
10881,0.9776474141307169,0
10882,0.984604083718604,0
10883,0.9924386825615665,0
10884,0.9818682153990048,0
10885,0.9071893983894925,0
10886,0.9999999885231589,1
10887,0.6493913698883792,0
10888,0.8782939623413871,1
10889,0.9829734786752679,0
10890,0.9232469328443126,0
10891,0.8121049336823902,0
10892,0.9332525298672915,0
10893,0.5740215159696165,0
10894,0.8475650075305813,1
10895,0.7622985775296749,1
10896,0.9950119411594823,1
10897,0.7230335530330978,1
10898,0.9590375998643471,0
10899,0.9550767136825015,0
10900,0.9558790337631238,0
10901,0.9914040796301278,0
10902,0.6589126916507339,1
10903,0.905912370016401,0
10904,0.794842717827179,0
10905,0.7420596283529056,0
10906,0.9815017320390916,0
10907,0.7661617016903812,0
10908,0.8834870728429673,0
10909,0.9811703745954237,0
10910,0.95364953968917,0
10911,0.774331818832538,0
10912,0.9921855944116817,0
10913,0.9997046159450556,1
10914,0.5017243061338189,1
10915,0.986734601917079,0
10916,0.8348387830047465,0
10917,0.7521995529813316,0
10918,0.9574383388728002,1
10919,0.878503477659969,0
10920,0.6092268736810391,0
10921,0.8857706427393998,0
10922,0.9884103421654563,0
10923,0.9748470407055047,0
10924,0.9997923229694823,1
10925,0.9811030718615128,0
10926,0.555777090153354,0
10927,0.9276587807493982,0
10928,0.6968815021887992,1
10929,0.9900326933039864,0
10930,0.8716659712456745,1
10931,1.0,1
10932,0.7803491857575104,0
10933,0.6375887113710137,1
10934,0.9802367142059019,1
10935,0.9815696780352865,0
10936,0.9918659060447803,0
10937,0.9757931361355244,0
10938,0.9852815533791394,0
10939,0.9828468290251268,0
10940,0.920179904657787,0
10941,0.8166486203477142,0
10942,0.9874249832483797,0
10943,0.9238779169372178,0
10944,0.9766658984076203,0
10945,0.9400064876071791,0
10946,0.985948004815301,0
10947,0.98065412892867,0
10948,0.9901580575588387,0
10949,0.9842116455439806,1
10950,0.9493764725262168,0
10951,0.9833850806406416,0
10952,0.5216308161421811,0
10953,0.9840695230903332,0
10954,0.9037205107898095,1
10955,0.6729470794676637,1
10956,0.8731851887642892,0
10957,0.785264628115916,0
10958,0.9756603004912211,0
10959,0.9514808356293392,0
10960,0.9763467204012047,0
10961,0.7751006081448673,0
10962,0.999759240282537,1
10963,0.9998643795810181,1
10964,0.6289072480184765,1
10965,0.9999972798132397,1
10966,0.5092856371595798,1
10967,0.584107641865469,0
10968,0.9636315815799096,0
10969,0.9992831954212112,1
10970,0.9472587029873397,0
10971,0.9664068587664802,0
10972,0.9883064034698716,0
10973,0.9153491719797509,0
10974,0.6084312365720652,1
10975,0.9999999999994926,1
10976,0.9806124906270683,1
10977,0.9675707037121564,1
10978,0.9478580076046326,0
10979,0.8760899363560499,1
10980,0.9792162381814844,1
10981,0.9425325218353873,0
10982,0.9728965705819652,0
10983,0.9645468244405871,1
10984,0.9772103679679762,1
10985,0.9563213506511656,0
10986,0.9785783266197793,0
10987,0.9924767728479242,1
10988,0.8838882718949759,0
10989,0.949592511996929,1
10990,0.9518800177895654,0
10991,0.906684615225805,0
10992,0.97897733668237,0
10993,0.588934000052313,1
10994,0.9227936428220126,0
10995,0.5164813791641301,0
10996,0.6816111641760818,1
10997,0.8703531692490756,0
10998,0.9582743285483007,1
10999,0.5523262182905754,1
11000,0.8457805378891281,0
11001,0.9872312862163304,0
11002,0.973368186992603,0
11003,0.9998738513124918,1
11004,0.951761918659314,0
11005,0.9676643972240606,0
11006,0.9028317876105859,0
11007,0.9507332726515485,0
11008,0.9074692430144088,1
11009,0.9420405477979532,0
11010,0.9926373964809875,1
11011,0.9869003774270962,0
11012,0.928474134130096,1
11013,0.9833172625334549,0
11014,0.9999979522312704,1
11015,0.9999996905219682,1
11016,0.8881690450408541,0
11017,0.9771530550184964,0
11018,0.7262428225603185,0
11019,0.6816056078361149,1
11020,0.9404716351154693,1
11021,0.9914228591995189,0
11022,0.5511335788331352,1
11023,0.9924854610755112,0
11024,0.986513186690441,0
11025,0.9355578033086075,0
11026,0.9819998784849406,0
11027,0.9892847411449195,0
11028,0.868047819372843,0
11029,0.9204020022263908,0
11030,0.675375560621619,0
11031,0.9844829549010599,1
11032,0.9027837812070811,0
11033,0.9921680989718729,1
11034,0.9046748566481042,0
11035,0.9581547297978911,0
11036,0.9418469947983625,0
11037,0.9354198017466459,0
11038,0.9922562838454287,0
11039,0.9905547408549398,0
11040,0.9925820214696385,1
11041,0.6467852009527366,0
11042,0.9316646914301354,0
11043,0.9700783531108733,0
11044,0.9741830840932789,0
11045,0.9760682320528287,0
11046,0.9888727603514829,0
11047,0.9999998516585717,1
11048,0.6124869919133424,0
11049,0.9999314074736679,1
11050,0.9910924856802001,0
11051,0.9853635830324529,0
11052,0.7391372304951225,0
11053,0.9078368330113543,0
11054,0.991114277804466,1
11055,0.7895721230792343,0
11056,0.6631467843741478,0
11057,0.9919691755565563,0
11058,0.9888012024655856,0
11059,0.9151149297355173,0
11060,0.9832503017229574,0
11061,0.6889879282662424,0
11062,0.5988798815251233,0
11063,0.8488134842430385,0
11064,0.8419205435282597,0
11065,0.9971172665485785,1
11066,0.9619896375293909,0
11067,0.9492805894834282,0
11068,0.5696855507650053,1
11069,0.9948895900875384,1
11070,0.8644766523618826,1
11071,0.6591801929236423,0
11072,0.9593979936259251,0
11073,0.8688820902288339,0
11074,0.9491149248649065,1
11075,0.9999723853253482,1
11076,0.9999999999999565,1
11077,0.5318603472319041,0
11078,0.9886127752664472,0
11079,0.9995063022607017,1
11080,0.8686939861010574,0
11081,0.9854788319331917,0
11082,0.901607582914455,1
11083,0.5431210078047963,0
11084,0.9799268789552349,0
11085,0.9859248343403922,0
11086,0.9885514447974739,0
11087,0.9287045217843989,0
11088,0.7707439234331094,0
11089,0.8568209449339425,0
11090,0.9109813482378226,0
11091,0.9818571563022988,0
11092,0.9806657434029317,0
11093,0.5781507519321688,1
11094,0.9999998143116048,1
11095,0.9995941629969441,1
11096,0.6428771058435065,0
11097,0.7646683165155147,0
11098,0.7390716704530322,0
11099,0.8276598363670773,0
11100,0.8826228372318519,1
11101,0.8741764878546011,0
11102,0.665904929117808,0
11103,0.9787965266794026,0
11104,0.9842308696472647,0
11105,0.5944733953378091,1
11106,0.8440299928869999,1
11107,0.6261802521565694,0
11108,0.8933209802233555,1
11109,0.6038033838125004,0
11110,0.9295025400765146,0
11111,0.9900440750887057,0
11112,0.5092140296311467,1
11113,0.8326149925846136,0
11114,0.8633008280066049,0
11115,0.9862890858649779,0
11116,0.9923131472722572,0
11117,0.979396512009794,0
11118,0.7333092114650795,1
11119,0.8903176002754797,0
11120,0.9299717853468864,0
11121,0.6501619084920808,0
11122,0.9999999995339959,1
11123,0.9461017270910379,0
11124,0.9920802933840656,0
11125,0.977229313318285,0
11126,0.9583897866470734,0
11127,0.5583491880363419,1
11128,0.9912005575904651,0
11129,0.8017766936834924,0
11130,0.9848752822741941,0
11131,0.5841582541781825,0
11132,0.8204411072523794,0
11133,0.9865167483701601,0
11134,0.9985049038090995,1
11135,0.9999999999999973,1
11136,0.9874569280590683,0
11137,0.9248988385449298,0
11138,0.9345682161949526,0
11139,0.9670687188512036,0
11140,0.9915834484889257,0
11141,1.0,1
11142,0.9624597832398541,0
11143,0.9905197002698276,0
11144,0.7694181960720436,1
11145,0.9999999999999991,1
11146,0.9009680240588659,0
11147,0.7959097713452237,1
11148,0.9446961479317881,0
11149,1.0,1
11150,0.7463774630859232,0
11151,0.8654999292834442,0
11152,0.9866139300125013,0
11153,0.9666307770041678,0
11154,0.9786714254277884,0
11155,0.9135693153695698,0
11156,0.9788041705401995,0
11157,0.9852388987174503,0
11158,0.7150427111590592,0
11159,0.9878136384809231,0
11160,0.999986264511351,1
11161,0.9870914501425894,0
11162,0.9856533851838918,0
11163,0.9875155306743616,0
11164,0.7368295079565967,1
11165,0.8994722732585014,0
11166,0.9814470464215852,0
11167,0.9172800924604457,0
11168,0.9385747132878488,0
11169,0.7445227240060615,1
11170,0.9847593203259348,1
11171,0.9860187226802813,0
11172,0.8005898624525186,0
11173,0.9531293318409998,0
11174,0.8955394029207837,1
11175,0.9725772582937351,0
11176,0.9625849259519789,0
11177,0.7635801254179503,0
11178,0.9388011378387879,0
11179,0.9743768872356998,1
11180,0.6438334470983801,0
11181,0.8659836032834447,1
11182,0.9400052873627074,0
11183,0.5417191191281843,0
11184,0.5016518255032173,0
11185,1.0,1
11186,0.9653336386451643,0
11187,0.8038048013671036,0
11188,0.9853573618183551,0
11189,0.9602488249503435,0
11190,0.9904462824340063,0
11191,0.9811507617562848,0
11192,0.9976243917162555,1
11193,0.9932747048662441,0
11194,0.992169132758494,0
11195,0.9924139198840781,0
11196,0.922056120395199,1
11197,0.9237704658589011,0
11198,0.9325041667369953,0
11199,1.0,1
11200,0.9442990517364982,1
11201,0.9833326818044466,0
11202,0.9470155182634062,0
11203,0.9515736808012373,0
11204,0.9604035229803232,0
11205,0.6977194750045317,0
11206,0.9996269583395276,1
11207,1.0,1
11208,0.9807460176695062,0
11209,0.8913236796611975,0
11210,0.9921275168367565,0
11211,0.9936537061495775,1
11212,0.8940261666197254,0
11213,0.956512947579952,0
11214,0.9881033981419313,0
11215,0.5952377226485372,0
11216,0.9882444519705555,0
11217,0.5225295285654776,0
11218,0.9763407991425503,1
11219,0.9996982763853924,1
11220,0.8401958152240422,0
11221,0.9794870339915408,1
11222,0.5381412006058348,0
11223,0.9999638933574031,1
11224,0.9908520884132521,0
11225,0.9689346082081907,0
11226,0.5977858907246903,0
11227,0.9736253554398387,0
11228,0.6408699622065115,0
11229,0.9409847709601323,0
11230,0.9982511150518035,1
11231,0.9859556006843192,0
11232,0.9396272588140812,0
11233,0.7864701442201968,0
11234,0.9172286667199135,1
11235,0.7019043416102076,0
11236,0.9123736671791,1
11237,0.9993658323704007,1
11238,0.9914919950744199,0
11239,0.9567039151477393,1
11240,0.5288792450046335,0
11241,0.8880076045497333,0
11242,0.7558251437222127,0
11243,0.9667307332750525,0
11244,0.971902906313982,0
11245,0.9812147506507581,0
11246,0.9126583066070704,0
11247,0.9838751811189654,0
11248,0.924606821268969,1
11249,0.931024980172456,1
11250,0.9873970663169958,0
11251,0.9546439108028029,0
11252,0.9999993231375204,1
11253,0.9234134421161093,0
11254,0.9999999999999463,1
11255,0.9505436291769781,0
11256,0.9084267532068016,1
11257,0.9066504615224446,1
11258,0.9901163331659725,0
11259,0.9239689984532392,1
11260,0.9692942550407105,0
11261,0.967245084619026,0
11262,0.994908983117906,1
11263,0.8610074297456259,0
11264,0.6185998354571652,1
11265,0.9511428807599769,1
11266,0.9574615796202426,0
11267,0.909783335711526,1
11268,0.9999742661654859,1
11269,0.8971783876513274,0
11270,0.5319964339267431,0
11271,0.9801935200991843,0
11272,0.9999612776345087,1
11273,0.9787424008992648,0
11274,0.6798916350998863,1
11275,0.9868594033797231,0
11276,0.97546106890079,0
11277,0.8924954067474722,0
11278,0.9999987472347018,1
11279,0.9687957379295141,0
11280,0.9999711572913557,1
11281,0.9773676162670406,0
11282,0.8190841986445144,0
11283,0.8646083711175258,0
11284,0.9899275885679177,0
11285,0.6809061757027569,0
11286,0.9906654131042422,0
11287,0.7310350972614806,0
11288,0.8653243214779825,0
11289,0.9704692980619847,1
11290,0.9267116051462254,1
11291,0.7267706490390543,1
11292,0.793150771787281,0
11293,0.848712267626378,0
11294,0.7030615250748611,1
11295,0.9874480013445858,0
11296,0.9818198226983343,0
11297,0.7176814610542402,1
11298,0.9999960006040023,1
11299,0.8493855116061098,0
11300,0.7050048850414937,1
11301,0.9507291411972313,0
11302,0.951212845013701,0
11303,0.9939280447629104,0
11304,0.9836189266494079,0
11305,0.9798293981241117,0
11306,0.9914386280206128,1
11307,0.9999979347461952,1
11308,0.989012738759849,0
11309,0.9815451977363457,0
11310,0.9778769980600607,0
11311,0.9774127848688595,1
11312,0.9616414440857705,0
11313,0.7758553329702207,0
11314,0.5928985369572126,0
11315,0.9372690544534253,0
11316,0.972409548732178,0
11317,0.8817963323214634,0
11318,0.9851431312083471,0
11319,0.9974101917652773,1
11320,0.646135894140905,0
11321,0.9999994045060406,1
11322,0.9008970088508854,0
11323,0.9999988509845048,1
11324,0.9244490166111478,0
11325,0.9999999999916582,1
11326,0.9869785049911917,0
11327,0.6180018761005752,0
11328,0.9999999999874745,1
11329,0.9629649264652689,0
11330,0.856700164934656,1
11331,0.9999999999988718,1
11332,0.9103019895967016,1
11333,0.9919713198973171,0
11334,0.7325491266792633,0
11335,0.5726308974943375,0
11336,0.9040372786748304,0
11337,1.0,1
11338,1.0,1
11339,0.8703793197375772,1
11340,0.9798902776531452,0
11341,0.9742652839812168,0
11342,0.9880171728875651,0
11343,0.9917339824385072,0
11344,0.9763990404766526,0
11345,0.9629815605323379,0
11346,0.9829827935500157,1
11347,0.9037270930820248,0
11348,0.9359597804795721,0
11349,0.985659752608921,0
11350,0.9901518872578605,0
11351,0.9581242742645573,0
11352,0.8761542915838545,0
11353,0.9169759492049616,0
11354,0.9783447781286772,0
11355,0.7403836223909602,0
11356,0.9929033778741632,0
11357,0.7826364809446804,1
11358,0.9900944111201576,1
11359,0.8860263682115441,0
11360,0.5082597401607591,1
11361,0.9099532772045688,0
11362,0.9947873379351699,1
11363,0.9751290853681907,0
11364,0.9746452335927107,0
11365,0.9248213813278495,1
11366,0.9852350913456664,0
11367,0.9641248582979468,0
11368,0.965682145897049,1
11369,0.7637553332491982,0
11370,0.9784000635600651,0
11371,0.9922026614340691,0
11372,0.9321060043788412,1
11373,1.0,1
11374,0.9919206411437669,0
11375,0.9964238555759198,1
11376,0.9899714937897612,0
11377,0.9893459943106871,0
11378,0.9621565509264743,0
11379,0.9999999629093028,1
11380,0.9829629044879618,0
11381,0.8532797640958744,0
11382,0.8063714691439615,0
11383,0.9999998344025621,1
11384,0.6826623771059248,0
11385,0.8259308847463863,0
11386,0.9542302293109617,0
11387,0.991940253000749,0
11388,0.9869478005057898,0
11389,0.9626884119090504,0
11390,0.7875617311950645,0
11391,0.7071407052298411,0
11392,0.9970944055603927,1
11393,0.9977390450749808,1
11394,0.8489169726474745,0
11395,0.9827441743407269,0
11396,0.808502872560011,0
11397,0.9881024561026747,0
11398,0.8679755217915555,0
11399,0.9186201645926294,0
11400,0.8563222193514225,0
11401,0.9719704211998823,0
11402,0.5764300197660259,1
11403,0.8124707378641154,1
11404,0.9999555241904228,1
11405,0.7982892720807114,0
11406,0.9588335173213014,1
11407,0.9999262724748059,1
11408,0.6069303132651944,0
11409,0.8657587402489885,0
11410,0.820714384084933,0
11411,0.9625975404632385,0
11412,0.9942325038036778,0
11413,0.9318329162857135,0
11414,0.9534528890059146,0
11415,0.9863287504209345,0
11416,0.9879158775971345,0
11417,0.9667331784170905,0
11418,0.9718748107532805,1
11419,0.9424689503554055,0
11420,0.9857259301229239,0
11421,0.9999999999970584,1
11422,0.9759394743203054,0
11423,0.9999996190088623,1
11424,0.9899306355808566,0
11425,0.984832957466798,0
11426,0.9863345410188851,0
11427,0.9756068727701624,0
11428,0.9999963162074631,1
11429,0.9724435543974943,0
11430,0.5433308568137017,0
11431,0.8580155461715364,1
11432,0.9735315199258043,0
11433,0.7347134060960491,0
11434,0.9636404859161809,0
11435,0.9930920867217484,0
11436,0.905763601148074,0
11437,0.9040862525730166,1
11438,0.7010537041493101,0
11439,0.9147753081367112,1
11440,0.9386844718749324,0
11441,0.9907707712565177,0
11442,0.9438564575502087,0
11443,0.9883440184176967,0
11444,0.9815857100103199,0
11445,0.9882012440743351,0
11446,0.9716148618056989,0
11447,0.7903599140561711,0
11448,0.9762269598024181,0
11449,0.9464827547178916,1
11450,0.8883993557667468,0
11451,0.9400633073922581,1
11452,0.9737302688329297,0
11453,0.6025243001278592,1
11454,0.9397937442091623,0
11455,0.9545292744166239,0
11456,0.9996950412923773,1
11457,0.9419062413217321,0
11458,0.7876579815799547,0
11459,0.9449888629033216,0
11460,0.6797182255228653,1
11461,0.9895907887478192,0
11462,0.989425924795228,0
11463,0.9830443791378031,0
11464,0.9960070492111396,1
11465,0.9827989047512404,0
11466,0.7611449300815702,0
11467,0.864709249520208,1
11468,0.7437926772526787,0
11469,0.9998899854086716,1
11470,0.9385955633824651,0
11471,0.9976356886946315,1
11472,0.8723913660194729,1
11473,0.8705178598708788,0
11474,0.6926433650305963,1
11475,0.5713555871229783,0
11476,0.9419550652519304,0
11477,0.9999991105021827,1
11478,0.9879026042147382,1
11479,0.9913750257252287,0
11480,0.9969553304299343,1
11481,0.9874833542855017,0
11482,0.9452131316507296,1
11483,0.997111633197226,1
11484,0.9727841391482228,0
11485,0.9891444840502004,0
11486,0.999999999998888,1
11487,0.5046738379976691,1
11488,0.8407265314514695,0
11489,0.9267840104583704,0
11490,0.9888372319077282,0
11491,0.5184531002175131,0
11492,0.9878731996957034,0
11493,1.0,1
11494,0.9859485527267668,0
11495,0.8566358434795812,0
11496,0.9817782906261306,0
11497,0.9495226176839261,0
11498,0.6712536391117678,0
11499,0.9745129510943229,0
11500,0.8872937262609996,0
11501,0.8495395161426371,0
11502,0.9193692986799061,0
11503,0.9777920985223696,0
11504,0.8920458877513818,0
11505,0.9822090155273765,0
11506,0.9872237269726444,1
11507,0.9773177383477964,1
11508,0.8109329658547377,0
11509,0.9816332436703389,0
11510,0.9544095937874454,0
11511,0.8085882289769609,0
11512,0.5235812242170063,0
11513,0.7208947300555002,0
11514,0.664299835616965,0
11515,0.8139070855464338,1
11516,0.993323781433715,0
11517,0.7724226516087807,0
11518,0.6601627181686489,1
11519,0.9511298010688567,0
11520,0.9377280348907945,0
11521,0.762776012354974,0
11522,0.6930953991299931,0
11523,0.608142633679844,0
11524,0.9031581576884566,0
11525,0.9931844932202051,0
11526,0.9487990351092224,0
11527,0.8921106181332978,0
11528,0.9582305807201187,1
11529,1.0,1
11530,0.9966726740350949,1
11531,0.6976965094051607,1
11532,0.9999990409189426,1
11533,0.9999999991775947,1
11534,0.9852126338471552,0
11535,0.9744651175164013,0
11536,0.976111902491467,0
11537,0.9813942426656964,0
11538,0.9871843523336907,0
11539,0.986663114285536,0
11540,0.6961196086077369,1
11541,0.9794779960466284,0
11542,0.9893725972288205,0
11543,0.9797887742597713,0
11544,0.5046878659060855,0
11545,0.9074886809666469,0
11546,0.9676802634897406,0
11547,0.8680748023909772,0
11548,0.8104905405299516,0
11549,0.9647009249600318,0
11550,0.7902778963767705,0
11551,0.9782058498914583,0
11552,0.9876426308888768,0
11553,0.9919594932674283,0
11554,0.9112625088351746,0
11555,0.947027775241314,1
11556,0.9804642901043102,0
11557,0.8960043452184094,0
11558,0.9859240782515561,0
11559,0.9840125224659815,0
11560,0.9802757597745784,0
11561,0.9793845073327473,0
11562,0.9415880445237989,0
11563,0.9635225834723757,1
11564,0.9994780646677971,1
11565,0.9999999999999925,1
11566,0.9722606911943238,0
11567,0.9435741527481787,0
11568,0.8798254452076029,0
11569,0.9171237781621735,0
11570,0.9805029295932637,0
11571,0.9824483961081298,1
11572,0.987058921276923,0
11573,0.9824239177304156,0
11574,0.9903177123401626,0
11575,0.9708485628979875,0
11576,0.9860440228282839,0
11577,0.8590995065637649,0
11578,0.9998176498025033,1
11579,0.9802569089806888,0
11580,0.551934192440851,0
11581,0.9911667208716869,0
11582,0.764752608984586,0
11583,0.9892779188601316,0
11584,0.6199835615077888,0
11585,0.8488726854772444,0
11586,0.8916966625435172,0
11587,0.9999997859168135,1
11588,0.9999999999480536,1
11589,0.9782211603558871,0
11590,0.9385369163142064,0
11591,0.6892666854578443,1
11592,0.9669870258414909,0
11593,0.9909698179884857,0
11594,0.68046830104671,0
11595,0.9982902458843373,1
11596,0.9796182675863617,0
11597,0.9959447160825907,1
11598,0.7188500072527741,0
11599,0.9740668108898216,0
11600,0.9999998766347741,1
11601,0.9911158755524387,0
11602,0.838543472656033,0
11603,0.924194502119575,1
11604,0.9833193885835417,0
11605,0.9506425260230855,0
11606,0.7714694064723334,0
11607,0.776802495253868,0
11608,0.9200164787228259,0
11609,0.9883952307539102,0
11610,0.8943240830454857,0
11611,0.9495303760773119,0
11612,0.9226705164918824,1
11613,0.7745208708599782,0
11614,0.9487833582736783,0
11615,0.6387558660468773,0
11616,0.9700201197439489,0
11617,0.9506548515588124,0
11618,0.9723858329322955,0
11619,0.9591980491449,0
11620,0.9994719347610053,1
11621,0.9640256879867204,0
11622,0.9862272274725717,0
11623,0.7924017009409882,1
11624,0.9999999978947884,1
11625,0.9715745787877706,1
11626,0.9452664561628463,0
11627,0.9529850409239262,0
11628,0.9685094655535438,0
11629,0.7030089133203724,1
11630,0.9356092766800461,1
11631,0.9976197420147163,1
11632,0.9376781443705859,0
11633,0.9674919222251775,0
11634,0.9925645553240898,0
11635,0.8178527294063674,0
11636,0.5807686511074895,0
11637,0.7448609636354627,0
11638,0.717920030350103,0
11639,0.9988806489363515,1
11640,0.9999999601541849,1
11641,0.9408829395627535,0
11642,0.8877929574587361,0
11643,0.591718960736368,1
11644,0.9715600855866787,0
11645,0.999945610478803,1
11646,0.9859170339220331,0
11647,0.6174527710030496,0
11648,0.6813564028437329,0
11649,0.9198889389333276,0
11650,0.9892088103249976,0
11651,0.984768489303476,1
11652,0.7309838416315095,0
11653,0.856285142102764,0
11654,0.7018234645193504,0
11655,0.9505275723491562,0
11656,0.842661333760452,0
11657,0.6094141555664588,0
11658,0.9833885246258246,0
11659,0.8018114987834516,0
11660,0.6775638676895349,1
11661,0.980738834890504,0
11662,0.9742940123220304,0
11663,0.9258243166364316,0
11664,0.9707574239333739,0
11665,0.9306940478596178,0
11666,0.9999999970542461,1
11667,0.9850702262784147,0
11668,0.9516062458978831,1
11669,0.9659625506379578,0
11670,0.7423550225591882,1
11671,0.9467868226855735,0
11672,0.8135286401681372,1
11673,0.7534170488943963,1
11674,0.9710072393559728,0
11675,0.9801870415158793,0
11676,0.9613281495020717,0
11677,0.9855711225642487,1
11678,0.931753297085231,0
11679,0.9999999999815281,1
11680,0.9449169618260621,1
11681,0.9951158475576029,0
11682,0.7704751673672203,0
11683,0.9479051683932825,0
11684,0.9999998770348504,1
11685,0.9435941074027778,0
11686,1.0,1
11687,0.9058362397583194,0
11688,0.7679266534890928,0
11689,0.7595710569282276,1
11690,0.9988056467280937,1
11691,0.9885399985007758,0
11692,0.7834501883033828,1
11693,0.9894151956373742,0
11694,0.6158507622180458,1
11695,0.6472104936464128,1
11696,0.9797797147442602,1
11697,0.9788034192568686,0
11698,0.9940408097716347,1
11699,0.9936936998405284,0
11700,0.6813619254791037,1
11701,0.9824007955539404,0
11702,0.9621190553661435,0
11703,0.9419787316241192,1
11704,0.5161463911401735,0
11705,0.9278165967810846,1
11706,0.9892818032499854,0
11707,0.9868037568240702,0
11708,0.9618014649802866,0
11709,0.5448645890599284,1
11710,0.9873409286598265,0
11711,0.58927499696308,0
11712,0.6726589363786363,0
11713,0.6636989655866827,0
11714,0.9649794727837664,0
11715,0.9352790102763721,0
11716,0.5428762873642539,1
11717,0.8518346315420435,0
11718,0.9011723670511382,0
11719,0.9520370069355036,0
11720,0.9892126109258135,0
11721,0.9713815628191147,0
11722,0.9222092898544187,0
11723,0.8694708230011522,1
11724,0.9654171355549481,0
11725,0.999999999994083,1
11726,0.5815786431183081,0
11727,0.5076128129066421,1
11728,0.7004083843563087,0
11729,0.9321958817338742,0
11730,0.9951168530877811,1
11731,0.9585601042718285,0
11732,0.5333872413592068,1
11733,0.9974489611385916,1
11734,0.9910117462816744,0
11735,0.9943020324418498,0
11736,0.7122050573476857,1
11737,0.9769715585477435,0
11738,0.5612627466255243,0
11739,0.9999997267457896,1
11740,0.9722822538902562,0
11741,0.9999903526914841,1
11742,0.9600216705428222,0
11743,0.9934831746820952,1
11744,0.7810984576386907,1
11745,0.5008307465285479,0
11746,0.9812219748783452,0
11747,0.8924229659380484,0
11748,0.9808772454804174,0
11749,0.9795184928910277,0
11750,0.769648166547688,0
11751,0.9349981469222002,0
11752,0.9620513746996823,0
11753,0.9999780224884947,1
11754,0.9633822314524385,0
11755,0.548303374006394,0
11756,0.9919829169138632,0
11757,0.8572050143007807,0
11758,0.9775728701297632,0
11759,0.9475544466367916,1
11760,1.0,1
11761,0.9469734859618301,1
11762,0.9468116918429714,0
11763,0.9984071479704382,1
11764,0.9456147499567119,0
11765,0.950825800213558,0
11766,0.6676346757578479,0
11767,0.9152814072038741,0
11768,0.9300526862502142,0
11769,0.8951377586222976,0
11770,0.9844233647343295,0
11771,0.8473936287103808,0
11772,0.9558436631976858,0
11773,0.9999999999999964,1
11774,0.9999989290233089,1
11775,0.967020271498711,0
11776,0.898639974605083,1
11777,0.8456490222214731,0
11778,0.7685964068799817,0
11779,0.8316185176502572,0
11780,0.9157163377410864,0
11781,0.9978195275366443,1
11782,0.9850999107640495,0
11783,0.9825212604423961,0
11784,0.5580918681655089,0
11785,0.913955384736413,0
11786,0.9891745165243024,0
11787,0.5628460293787388,0
11788,0.9794955892971836,0
11789,0.6996997205382929,1
11790,0.8989793108098705,0
11791,0.9468567587141326,0
11792,0.9822866844658513,0
11793,0.9975432284590253,1
11794,0.9999792018007975,1
11795,0.9875962383712079,0
11796,0.9680457134356394,0
11797,0.680659505699896,0
11798,0.9927925235657296,0
11799,0.9957273999009313,1
11800,0.9600169685498355,0
11801,0.7816596324966274,1
11802,0.8996579701221953,0
11803,0.9892336369461813,0
11804,0.9818708516896293,0
11805,0.8387685612634872,0
11806,0.8999795966676072,0
11807,0.982836579665098,0
11808,0.9999417717243996,1
11809,0.5295838992428846,1
11810,0.941455337455517,0
11811,0.8589147148806668,0
11812,0.880993014880411,1
11813,0.8623767936406348,1
11814,0.9714161411217651,0
11815,0.7834644362264793,1
11816,0.9760530713452417,0
11817,0.7177555593876765,1
11818,0.9996214184625904,1
11819,0.7770423687335699,0
11820,0.9999997752104766,1
11821,0.9999999305662796,1
11822,0.9893991844418348,0
11823,0.9748328452446093,0
11824,0.9298276351159462,0
11825,0.925211454258318,0
11826,0.910207635796665,1
11827,0.9911038188426828,0
11828,0.6936483407783626,0
11829,0.7849512005247935,1
11830,0.8740549705395299,0
11831,0.9610142376822565,0
11832,0.9999999863538713,1
11833,0.9766541700327883,0
11834,0.8693961650649488,0
11835,0.7950741239664341,0
11836,0.9999999997675226,1
11837,0.9909534959607309,1
11838,0.6441611623322326,1
11839,0.9872405595209794,0
11840,0.9994116645331365,1
11841,0.8899845374885254,0
11842,0.9795672869221906,0
11843,0.5327030991098207,0
11844,0.7038785720676113,0
11845,0.5770497376567387,1
11846,0.9965389122319118,1
11847,0.9579899793811298,0
11848,0.944475290066212,0
11849,0.769154265145915,0
11850,0.9971864820049527,1
11851,0.9832881896720866,0
11852,0.9479209075566594,0
11853,0.9315866390089871,0
11854,0.9999989958867828,1
11855,0.9987286549110964,1
11856,0.555755111286069,0
11857,0.6007605942631906,0
11858,0.9668384433756989,0
11859,0.9060719716609126,0
11860,0.5893577438844537,1
11861,0.9919672054373294,0
11862,0.8316553948858071,0
11863,0.9609859767787636,0
11864,0.9636260255960039,1
11865,0.7268269242192203,0
11866,0.9796367689938925,1
11867,0.8590961268058934,0
11868,0.9999844567993103,1
11869,0.5832815105637053,0
11870,0.9636975258659712,0
11871,0.6300458599971145,1
11872,0.937451686088734,0
11873,0.8947623716441078,0
11874,0.9844560408559294,0
11875,0.770888239417424,0
11876,0.7005181605005507,0
11877,0.8662355192190295,0
11878,0.8843948481294731,0
11879,0.8906984424949317,1
11880,0.9310624559976097,0
11881,0.98954750924877,0
11882,0.998514088026356,1
11883,0.7154193585450093,1
11884,0.9691528356999008,0
11885,0.9828246124739608,0
11886,0.7750159082062188,0
11887,0.8552159639863294,1
11888,0.7749122220685859,0
11889,0.9823217573082014,0
11890,0.9377596138944633,0
11891,0.9754013088625383,0
11892,0.9448290850308795,0
11893,0.9652284758036412,0
11894,0.9902963503091942,1
11895,0.7517124795218844,0
11896,0.9621051797575296,0
11897,0.611423092997711,1
11898,0.7548813631498061,0
11899,0.973411312391469,0
11900,0.8886560224939665,0
11901,0.6885256031027855,1
11902,0.9999043995876015,1
11903,0.9908075610115061,1
11904,0.9900453052573558,0
11905,0.7123723170887214,1
11906,0.9791798368616945,0
11907,0.9912991109183186,0
11908,0.9969636408658733,1
11909,0.8919452236828606,1
11910,0.718841006976168,0
11911,0.5215972707547096,1
11912,0.9380377108692731,0
11913,0.9775224810783862,0
11914,0.9804964084141138,0
11915,0.6762435496030943,1
11916,0.9999261715515502,1
11917,0.8491823009770172,0
11918,0.9256914894314651,1
11919,0.999842194087687,1
11920,0.9680065123630517,0
11921,0.9916395789389266,0
11922,0.992466569884729,0
11923,0.6420199287325453,0
11924,0.9999953454460867,1
11925,0.8858693637684264,0
11926,0.9580667399008428,0
11927,0.7971125671738907,0
11928,0.9159935121373997,0
11929,0.9798683483402169,0
11930,0.9927925235657296,0
11931,0.9446464946218455,0
11932,0.7676322967599156,1
11933,0.9383230166972736,0
11934,0.9572075269041795,0
11935,0.7864109249469109,0
11936,0.7557851422480709,0
11937,0.9954406096415946,1
11938,0.9603561457310085,0
11939,0.7901172516654336,0
11940,0.989237432886329,0
11941,0.9725995611577821,0
11942,0.6730280214703892,1
11943,0.9991355648107055,1
11944,0.991479164256245,1
11945,0.9999996485989813,1
11946,0.9700204282869344,0
11947,0.9846659139636883,0
11948,0.9469756160100018,0
11949,0.8905598819002453,0
11950,0.9982473017901453,1
11951,0.7500654485747197,0
11952,0.8257666249399853,0
11953,0.7450222134855861,0
11954,0.9763116551128371,0
11955,0.9833292683240115,0
11956,0.9880658334655384,0
11957,0.9907245762687121,0
11958,0.9999999730934904,1
11959,0.780568885418646,0
11960,0.974892706130053,0
11961,0.9847784817530807,0
11962,0.8565797993737134,0
11963,0.9985820944966325,1
11964,0.9982097068527159,1
11965,0.8114740643291778,0
11966,0.9529556067796969,0
11967,0.6453145280465936,0
11968,0.9659885546025426,0
11969,0.7148582751854229,0
11970,0.934312117371222,1
11971,0.9511688108260579,0
11972,0.9928080435056362,0
11973,0.9861395615625604,0
11974,0.9462642158320462,0
11975,0.9062999264778406,1
11976,0.8480724423150358,1
11977,0.5321885847520194,0
11978,0.821579647955369,0
11979,0.7397312088074042,0
11980,0.9738556141216655,0
11981,0.9129447071380316,0
11982,0.9839119133796659,1
11983,0.9806582132708028,0
11984,0.5716047091232552,1
11985,0.903380779032084,1
11986,0.6454225366360006,1
11987,0.9773546069843799,0
11988,0.6112317360788069,1
11989,0.992138433731986,0
11990,0.9982096034141016,1
11991,0.9151336677999549,0
11992,0.6837819538192679,1
11993,0.5177186288833086,1
11994,0.6905345305886239,1
11995,0.7095808556469848,1
11996,0.9653888891132182,0
11997,0.9920271891886956,0
11998,0.9900818397745299,0
11999,0.971143427461947,0
12000,0.989988594964837,0
12001,0.9590423420090801,0
12002,0.8926378935963036,1
12003,0.9567027332610162,0
12004,0.9765300174124101,0
12005,0.8595357566781359,0
12006,0.9395644004174052,0
12007,0.9650177973783085,0
12008,0.9616612484162266,0
12009,0.8796858270680635,0
12010,0.9218468020292111,0
12011,0.9530405041012763,0
12012,0.9236314206358361,0
12013,0.9325036103051748,0
12014,0.9415263044944947,0
12015,0.9151924650070161,0
12016,0.7809320811995547,0
12017,0.9040647658506739,0
12018,0.9999999789771998,1
12019,0.9829656881974652,0
12020,0.8828498222138853,0
12021,0.9355486194272976,0
12022,0.9999999999991043,1
12023,0.708874672922932,0
12024,0.9992464311812969,1
12025,0.8403254461101122,1
12026,0.9999735512972596,1
12027,0.8222398715116889,0
12028,0.9616229413917746,0
12029,0.8815747074161707,0
12030,0.9129838792582453,0
12031,0.9919210891825436,0
12032,1.0,1
12033,0.981253377704139,0
12034,0.888569501799407,0
12035,0.963868679080731,0
12036,0.6649979659414842,0
12037,0.7767742599410465,0
12038,0.9303872929673774,0
12039,0.978398612774169,0
12040,0.9876516895640747,0
12041,0.5402777936367817,0
12042,0.9999999890918537,1
12043,0.9054343950965543,0
12044,0.9923472464064748,0
12045,0.7931327947653827,0
12046,0.9896800433401175,0
12047,0.5200684294943478,1
12048,0.9828534388849834,0
12049,0.9496017775912282,1
12050,0.8151677291731064,1
12051,0.8617326788064299,1
12052,0.9941438623693175,0
12053,0.9464860897239497,0
12054,0.8319445041446464,0
12055,0.9999904079603125,1
12056,0.6078160854654192,0
12057,0.9758215937165274,0
12058,0.9797089177389215,0
12059,0.9558144869261617,0
12060,0.9441468444953289,1
12061,0.9998966112289523,1
12062,0.9235758847585217,0
12063,0.5638790260680744,0
12064,0.9238454694983823,0
12065,0.9881252911573629,0
12066,0.9632759460421358,0
12067,1.0,1
12068,0.9999999930820977,1
12069,0.9235505498788427,0
12070,0.9834134659908013,0
12071,0.7432801290638177,0
12072,0.9999952770960229,1
12073,0.5857479992035289,0
12074,0.9710087032030923,0
12075,0.9557135061860295,0
12076,0.6594428882927115,1
12077,0.9999320400023611,1
12078,0.9943408289430978,0
12079,0.9922562838454287,0
12080,0.9906809366616135,0
12081,0.5451062880116022,1
12082,0.9819524645163498,1
12083,0.5420016526580995,0
12084,0.7654803597091859,1
12085,0.9999889054117117,1
12086,0.985392549634602,0
12087,0.99071631473127,0
12088,0.9419557395650062,0
12089,0.9997592759948785,1
12090,0.5334282304190102,1
12091,0.9950125856943594,0
12092,0.9920734752360817,0
12093,0.9712266839645814,0
12094,0.979626918437145,0
12095,0.8391030830895583,0
12096,0.9911294124510958,0
12097,0.9906711750591818,0
12098,1.0,1
12099,0.9780132089655966,0
12100,0.9219185275617914,0
12101,0.992536348432379,0
12102,0.9750266535237078,0
12103,0.6185803478216038,1
12104,0.6488466883546331,0
12105,0.9978042268535487,1
12106,0.5128372423287235,1
12107,0.9742315460677623,0
12108,0.9896216341207398,0
12109,0.9999999999999778,1
12110,0.9225409699922936,0
12111,0.9869147318879127,1
12112,0.5789915106160476,0
12113,0.7004427656907402,0
12114,0.7548183347399606,1
12115,0.9645552708013323,0
12116,0.8023121882901868,1
12117,0.6173199956681319,0
12118,0.963858025378661,0
12119,0.7143042573266406,1
12120,0.999853594187381,1
12121,0.9999999999999805,1
12122,0.8751500514338114,1
12123,0.9576315673307123,0
12124,0.988395295446746,0
12125,0.8640120348902258,0
12126,0.9673985343858837,0
12127,0.9877542792120171,0
12128,0.7829368518626652,0
12129,0.9766828729572399,0
12130,0.7555742805479713,0
12131,0.9725122976644931,1
12132,0.9955232293115291,0
12133,0.852629475577055,1
12134,0.986406113188895,0
12135,0.9217329444030365,1
12136,0.9910171467111554,1
12137,0.8696310169248893,1
12138,0.7683590545864598,1
12139,0.5488004421418238,0
12140,0.6209775294110882,1
12141,0.9999997163363157,1
12142,0.8193812528911019,0
12143,0.8877655547778356,0
12144,0.9496192177212102,1
12145,0.9590242843232343,0
12146,0.9765532659535668,0
12147,0.680016625202049,1
12148,0.9188854113114642,0
12149,0.9228227517027878,1
12150,0.6501101476304672,1
12151,0.9914095940939416,0
12152,0.9874466944213437,0
12153,0.9697006508340875,0
12154,0.9467545665461451,0
12155,0.8690815418844324,0
12156,0.9862056103373501,0
12157,0.9864100386437197,0
12158,0.9892974396595713,0
12159,0.9807247655649572,0
12160,0.8369212504732055,0
12161,0.989475259499418,1
12162,0.9162472160693842,0
12163,0.9677841580679276,0
12164,0.5754850377027138,1
12165,0.6412900048467114,0
12166,0.9869675480944821,0
12167,0.8772802220748377,0
12168,0.9971640414116876,1
12169,0.9188575168547961,0
12170,0.7828238246890361,1
12171,0.9996247902236441,1
12172,0.972487025705038,0
12173,0.7502079203267641,0
12174,0.5095029213241584,1
12175,0.5453822069401456,0
12176,0.9857216520395523,0
12177,0.9693295261978816,0
12178,0.9937875292819365,1
12179,0.9842845039108248,0
12180,0.6657505703512827,1
12181,0.9971196795875275,1
12182,0.9850625970247973,0
12183,0.9999994997357118,1
12184,0.8995805103433254,0
12185,0.9915116824151078,0
12186,0.9798586513927374,0
12187,0.9816774987637518,0
12188,0.8549706199458128,1
12189,0.8797106569338234,0
12190,0.722765069867592,0
12191,0.9997983463891993,1
12192,0.5607941895505882,1
12193,0.9878736898290944,0
12194,0.9891382138891216,0
12195,0.9518625773676133,0
12196,0.8352047848205633,0
12197,0.6105967400034218,0
12198,0.9772097842041055,0
12199,0.7077460562374059,0
12200,0.978280076321136,0
12201,0.9863720955771597,0
12202,0.983830430438532,0
12203,0.9874910409666989,0
12204,0.9731925513827114,0
12205,0.9417540382744398,0
12206,0.9999710100639643,1
12207,0.9658232508168487,0
12208,0.9914458450848314,1
12209,0.8560087485661126,0
12210,0.5089313224068439,1
12211,0.5707886732752541,1
12212,0.9532535397583999,0
12213,0.9690563998457961,0
12214,0.9098150074745851,0
12215,0.9675780709898518,0
12216,0.9614338478801304,0
12217,0.9999749321541893,1
12218,0.9943020324418498,0
12219,0.97614409728464,0
12220,0.9219866496152104,0
12221,0.736674505459331,1
12222,0.9859835513091603,0
12223,0.5886328244123764,1
12224,0.8514548559591781,0
12225,0.9999999999971863,1
12226,0.988724224778023,0
12227,0.9897527914908986,0
12228,0.9995072125560662,1
12229,0.8794868740255333,0
12230,0.8132961428731241,0
12231,0.9651542379720932,0
12232,0.9852523457692987,1
12233,0.9940090011132461,0
12234,0.9999431271750846,1
12235,0.9891450310639391,1
12236,0.9917937051199988,0
12237,0.5960772296137774,0
12238,0.9999999999902995,1
12239,0.9786664673855872,0
12240,0.6420164076100542,1
12241,0.9323442604184473,0
12242,0.9823132621561849,0
12243,0.512079913201146,0
12244,0.7455622474804547,0
12245,0.7597709949275987,1
12246,0.6175741439254593,0
12247,0.6100573491083462,1
12248,0.9999999999999996,1
12249,0.9875051682059112,0
12250,0.8943058951548902,0
12251,0.8219224514992808,0
12252,0.9856620261455401,0
12253,0.890196653232705,0
12254,0.9457752243982944,0
12255,0.8832583452360784,0
12256,0.7565464262316025,0
12257,0.9873850795867023,0
12258,0.958983677537429,0
12259,0.9690983367046986,0
12260,0.9893363751922166,0
12261,0.5776805305310714,0
12262,0.9916561130874025,0
12263,0.571906487322069,0
12264,0.9505894523701625,0
12265,0.9919539466566704,0
12266,0.9560630993680528,0
12267,0.8617627061409766,0
12268,0.9920203598437198,0
12269,0.5490560721030648,1
12270,0.9646228730943583,0
12271,0.9696393293290051,0
12272,0.9999999999976719,1
12273,0.5085686093147604,0
12274,0.9908796447315222,0
12275,0.9801544153707719,1
12276,0.9356568688342726,1
12277,0.9999782350279204,1
12278,0.9802422849253734,0
12279,0.9994430107083428,1
12280,0.9784976303834518,0
12281,0.994721757597281,1
12282,0.9999956201483912,1
12283,0.5486902032279325,1
12284,0.5615434831315216,0
12285,0.9012942485461573,1
12286,0.8170508426651708,0
12287,0.7842676899122595,0
12288,0.6997316929814753,0
12289,0.8957201531599072,1
12290,0.9584808539888757,0
12291,0.8796355849898668,1
12292,0.9583339467775897,0
12293,0.9684470112492105,0
12294,0.8577135777592974,0
12295,0.9706380882664802,0
12296,0.8631598381948078,1
12297,0.520911557188205,0
12298,0.9558304787810603,0
12299,0.9885703462541856,0
12300,0.7705357589031656,0
12301,0.9999876820068858,1
12302,0.8772739125416052,1
12303,0.9010526868363531,0
12304,0.8847850058934433,1
12305,0.9927925235657296,0
12306,0.8353643154109591,0
12307,0.8654995074051661,1
12308,0.7825048881894644,0
12309,0.8949457590689461,0
12310,0.9758808452156589,0
12311,0.5578036822648976,1
12312,0.9927585435684362,0
12313,1.0,1
12314,0.9501583555167975,0
12315,0.9713064184638371,0
12316,0.746074762722254,0
12317,0.7370695595137116,0
12318,0.6654816405408864,0
12319,0.891395407186808,0
12320,0.9646517194881263,1
12321,0.9881647010279548,0
12322,0.9407646021573823,0
12323,0.9818698378082988,0
12324,0.6551401252480232,0
12325,0.9898271354889275,0
12326,0.9962306116479902,1
12327,0.9888767509447377,0
12328,0.9184588162320856,0
12329,0.9998066735206994,1
12330,0.9710716068245885,0
12331,0.7736923237633311,1
12332,0.9999998980387071,1
12333,0.8734164545020788,0
12334,0.9907120519879571,0
12335,0.975262911841585,0
12336,0.9111582605021429,1
12337,0.9930021316199579,1
12338,0.6247694369939584,1
12339,0.9986034361202397,1
12340,0.6397527542032784,0
12341,0.7365039115276811,0
12342,0.982751519798802,0
12343,0.6529959111469602,0
12344,0.999976842709451,1
12345,0.9666695335281086,1
12346,0.9445686793459352,0
12347,0.9999999453793637,1
12348,0.5947775577722,0
12349,0.9838568367475528,1
12350,0.7568559807738177,0
12351,0.996942758059739,1
12352,0.849363404839334,1
12353,0.9999782468174517,1
12354,0.9999996436762411,1
12355,0.7706510588258442,0
12356,0.7100453321380585,0
12357,0.9999863041175416,1
12358,0.9987663470928108,1
12359,0.5201028486397037,1
12360,0.9383659942807245,0
12361,0.9882058137628494,0
12362,0.9998352356662258,1
12363,0.9999588452350517,1
12364,0.9079678857330262,0
12365,0.99990118403098,1
12366,0.9714313319999714,0
12367,0.9895485662851692,0
12368,0.8813324951993973,0
12369,0.8779016664796451,0
12370,0.9903343670672713,0
12371,0.6366334634899393,0
12372,0.9614177611303859,0
12373,0.8838086819875287,0
12374,0.8950785295148216,0
12375,0.9999975128834786,1
12376,0.9999999986661587,1
12377,0.8805875099802019,0
12378,0.9812851211704053,0
12379,0.9375608737772095,0
12380,0.9706283919409269,0
12381,0.9753928101609731,0
12382,0.80045079317759,0
12383,0.9562221004884497,0
12384,0.9611975828638288,0
12385,0.959186938271456,0
12386,0.5924461173259303,0
12387,0.9688194560728725,0
12388,0.9493523992376725,0
12389,0.9914711564610034,0
12390,0.5699336534352416,0
12391,0.9881149164517397,0
12392,0.9295523344097968,0
12393,0.7949420174333647,0
12394,0.9895416818649507,0
12395,0.9767550127085575,0
12396,0.9999997662404978,1
12397,0.9999999999999898,1
12398,0.9534297449540154,0
12399,0.8642409353441205,0
12400,0.999999999999936,1
12401,0.9836640064872719,0
12402,0.9858825728750097,0
12403,0.9166660510281202,0
12404,0.7350814123977083,0
12405,0.9161799284204978,1
12406,0.9805539074186496,0
12407,0.9420862375961042,0
12408,0.987928113236138,0
12409,0.9912099162863457,0
12410,0.9886518056786257,0
12411,0.8095396544833994,0
12412,0.6531246334887949,0
12413,0.9826260031129622,1
12414,0.8543548816315003,0
12415,0.827268185020015,0
12416,0.9065489466372993,0
12417,0.9473414106223906,0
12418,0.9651802578814384,1
12419,0.9911912022396521,0
12420,0.9906778353480215,0
12421,0.9614749364730039,0
12422,0.8994008590218939,0
12423,0.9431554486231327,0
12424,0.9521761526258344,0
12425,0.9911294551078198,0
12426,0.9562552429423008,0
12427,0.8823006807477819,1
12428,0.9786779655843284,0
12429,0.9193544997269005,0
12430,0.978109513237141,0
12431,0.8525503296472533,1
12432,0.6931672866012756,0
12433,0.9760173354374956,0
12434,0.9846109637636064,0
12435,0.845923606644293,0
12436,0.5829135158050031,0
12437,0.841724659309981,0
12438,0.9047095697481571,0
12439,0.8594724482780183,0
12440,0.9881664728871126,0
12441,0.9551307261209915,0
12442,0.9307342387389903,1
12443,0.9515293892478778,0
12444,0.9715771362312503,0
12445,0.6968852422406355,0
12446,0.9817577897914532,0
12447,0.9341315277066365,0
12448,0.9874554796508106,1
12449,0.8516217289347258,0
12450,0.8992386996061309,0
12451,0.9803025564403154,0
12452,0.9999143797082068,1
12453,0.7424066964769699,1
12454,0.9692957646412171,0
12455,0.9907133768319777,0
12456,0.999999982201074,1
12457,0.7103258562372973,0
12458,0.9881278810253563,0
12459,0.9782766919190373,0
12460,0.8738354063103536,1
12461,0.8870589466144969,0
12462,0.9917416951767483,0
12463,0.9924417093430419,0
12464,0.847053394787623,1
12465,0.9720917886930311,0
12466,0.9653806599757936,0
12467,0.9667809149091211,0
12468,0.9652465549027616,0
12469,0.8319677949414214,0
12470,0.941396445215523,0
12471,0.9985514656747478,1
12472,0.9888231721017143,0
12473,0.5308663524154689,1
12474,0.9696199919593762,0
12475,0.5137835367369937,0
12476,1.0,1
12477,0.6524974196752297,0
12478,0.9998775505567664,1
12479,0.791081807761941,1
12480,0.9843762994858773,0
12481,0.7673898536281958,0
12482,0.7085291982830613,0
12483,0.9766477269797114,0
12484,0.6137967007212126,0
12485,0.9659633532752578,1
12486,0.9999947349821473,1
12487,0.9683182296185548,0
12488,0.9999999999998741,1
12489,0.9667729666273717,0
12490,0.999999999997327,1
12491,0.9878149351772678,0
12492,0.7221701037623555,1
12493,0.9738455348820542,0
12494,0.9902560036430519,0
12495,0.9810690374554827,0
12496,0.8973904622792623,1
12497,0.6190456594657026,1
12498,0.8780810023212046,0
12499,0.9980507158573274,1
12500,0.9104912136212829,0
12501,0.9441713887199151,0
12502,0.9983109248096393,1
12503,0.9877909155486813,0
12504,0.6390919111245963,0
12505,0.9564931899000935,0
12506,0.9879729749824508,0
12507,0.9976202907421142,1
12508,0.900515616120743,1
12509,0.9776984131312316,0
12510,0.9842923980852619,0
12511,0.9837096454927957,0
12512,0.9370262893834599,1
12513,0.9641014550848426,0
12514,0.8381264957225659,0
12515,0.9724371334627434,0
12516,0.9999176110963476,1
12517,0.9919764466152432,0
12518,0.9885474286318061,0
12519,0.8768846586060637,0
12520,0.99999923972295,1
12521,0.7584306959457068,0
12522,0.937936445905583,0
12523,0.9929765442918841,0
12524,0.9996236229856588,1
12525,0.9646514894275787,0
12526,0.9906349854299027,0
12527,0.9846170598900447,0
12528,0.980691339941718,0
12529,0.9854650144976209,1
12530,0.5426465805812135,0
12531,0.858121065420024,1
12532,0.664447213377098,1
12533,0.9682486522202325,0
12534,0.8901125083827777,1
12535,0.9608582850423153,0
12536,0.9828562377920013,0
12537,0.9994935273133969,1
12538,0.7946968256787966,0
12539,0.6927468333667328,0
12540,0.7314854280615155,0
12541,0.7515174193899887,0
12542,0.9927027885056358,0
12543,0.7630381287475466,0
12544,0.9643920863384703,0
12545,0.9830004826786843,0
12546,0.7123275524013815,1
12547,0.9610543165411943,0
12548,0.999999786058541,1
12549,0.7454668247689772,1
12550,0.9508269507582047,0
12551,0.9859062382945597,0
12552,0.6415873703363257,1
12553,0.9741395046895621,0
12554,0.9999526483804871,1
12555,0.9990755969832587,1
12556,0.9883871096445344,0
12557,0.9999999999990594,1
12558,0.9809584892956967,0
12559,0.9319577087394436,0
12560,0.9971870963151221,1
12561,0.8539242456736325,0
12562,0.8613037021962552,0
12563,0.9641678261161327,1
12564,0.965788196826418,0
12565,0.9290725817276314,0
12566,0.7926662565512057,1
12567,0.8026899594387287,0
12568,0.9621853726808601,0
12569,0.9690828328831705,0
12570,0.8794378771696253,0
12571,0.8515889784095729,0
12572,0.9997543374502118,1
12573,0.9897307084355581,0
12574,0.9422351420139501,1
12575,0.9835378200452917,0
12576,0.7690660533283165,1
12577,0.9999321011270458,1
12578,0.9671518590490772,0
12579,0.9796089601184396,0
12580,0.9999999947542455,1
12581,0.9586508334725112,0
12582,0.6764704915175551,0
12583,0.9916298270620588,0
12584,0.9441713887199151,0
12585,0.7400849967929434,1
12586,0.9634237529841405,1
12587,0.9419898368219902,0
12588,0.9833160412137211,0
12589,0.639499981512112,1
12590,0.7923749052482464,0
12591,0.8782675630378173,0
12592,0.9810464065686035,0
12593,0.9850057146795169,0
12594,0.7385118608723616,0
12595,0.8122459961033883,1
12596,0.9797687364250531,1
12597,0.9132068347971755,0
12598,0.6223535375813305,0
12599,0.9595100058539483,0
12600,0.9984918808414524,1
12601,0.9766110277233561,0
12602,0.9952606716375056,1
12603,0.9270591462720565,0
12604,0.9696778334374868,0
12605,0.5274381344457598,0
12606,0.8921100766312143,0
12607,0.9901312519302546,0
12608,0.9991699057917639,1
12609,0.9705230856012077,0
12610,0.9085718227742224,0
12611,0.6367962654033804,0
12612,0.9999999297775979,1
12613,0.8969314633687944,0
12614,0.9197719453228403,0
12615,0.9999999999998879,1
12616,0.999940156569118,1
12617,0.9702832864559147,0
12618,0.9729263306572712,0
12619,0.7989492802711035,0
12620,0.9999837627576736,1
12621,1.0,1
12622,0.69346782525119,0
12623,0.9122668233817172,0
12624,0.9576300187821724,1
12625,0.9999999062363751,1
12626,0.9999999999997127,1
12627,0.9925301414629255,0
12628,0.9654344414317307,0
12629,0.9699806480759696,0
12630,0.9999995153676615,1
12631,0.7325301248353515,1
12632,0.9634866304050975,0
12633,0.9874824594804937,0
12634,0.916224613269701,0
12635,1.0,1
12636,0.9923833306183149,0
12637,0.9791049041219816,0
12638,0.99456139442818,1
12639,0.9996504231886848,1
12640,0.9778530945554246,0
12641,0.8204001534043429,0
12642,0.8154329899476509,0
12643,0.8978094992539151,0
12644,0.9999999992492461,1
12645,0.9774387955298193,0
12646,0.9227763987449703,1
12647,0.9811947686643581,0
12648,0.5592982314156364,0
12649,0.6707957027256858,1
12650,0.8175731286461577,0
12651,0.9707614715636725,1
12652,0.9999979599730138,1
12653,0.8872125883512636,0
12654,0.9055093671179096,0
12655,0.9969831369153802,1
12656,0.9822604228863585,0
12657,0.9890485165671176,0
12658,0.5957652779311164,1
12659,0.9521999226934462,0
12660,0.9136123048311812,0
12661,0.9999968577573116,1
12662,0.8801824883721878,0
12663,0.9374811642717201,0
12664,0.8799820956855172,0
12665,0.7631689494133053,1
12666,0.9134004044217456,0
12667,0.9896365495205308,0
12668,0.9182418158375395,0
12669,0.7220315623343193,0
12670,0.9966139816329364,1
12671,0.9999545853663141,1
12672,0.5763741505472113,1
12673,0.5206137365558136,0
12674,0.999888046527153,1
12675,0.9806116438476102,0
12676,0.9999999999944431,1
12677,0.8288085649192357,0
12678,0.5206796771564907,0
12679,0.6947921376421446,0
12680,0.9745655470291393,0
12681,0.8746582543347213,1
12682,0.9621912853518678,0
12683,0.8623291068246794,0
12684,0.6506448556696811,0
12685,0.9853324394683804,0
12686,0.5806545436667805,1
12687,1.0,1
12688,0.5806663442496649,1
12689,0.5122785099932957,1
12690,0.840291316655186,0
12691,0.9809083082471329,1
12692,0.7402727786142523,0
12693,0.7548219420921589,0
12694,0.9824691255281818,0
12695,0.7204500322426628,0
12696,0.7760800453655413,0
12697,0.9181005209694808,1
12698,0.7815994957902557,1
12699,0.8677898414874616,1
12700,0.983706739284326,0
12701,0.5651851598222905,0
12702,0.9873632853402987,0
12703,0.9999998740243211,1
12704,0.9999286253562885,1
12705,0.9884195701353485,0
12706,0.9546750655720312,0
12707,0.7318259760165317,1
12708,0.9150432093114764,0
12709,0.9919315331265203,0
12710,0.6503038060843775,1
12711,0.9690137540708401,0
12712,0.6702319394416986,0
12713,0.8412102210670817,1
12714,0.9913767211110981,0
12715,0.9877537513929892,0
12716,0.8286215084797304,0
12717,0.9713276186789019,0
12718,0.9576971748847195,0
12719,0.9016316562356338,0
12720,0.9954990587701811,1
12721,0.6177273718545545,0
12722,0.8657334096762641,0
12723,0.9926200750577199,0
12724,0.9534265225577001,0
12725,0.9900413568437164,0
12726,0.8785929583011384,0
12727,0.9545187983893476,0
12728,0.9770556319204962,0
12729,0.9817008864923417,0
12730,0.9780936327209315,0
12731,0.9971787562592112,1
12732,0.9998837943933232,1
12733,0.7689267603799881,0
12734,0.512615891762831,0
12735,0.9042728913307893,0
12736,0.977234686892395,0
12737,0.9843738944678835,0
12738,0.9885374408131804,0
12739,0.8470392301766526,1
12740,0.9849048683363428,0
12741,0.8601214659666987,0
12742,0.7077252876400104,1
12743,0.9393114676529936,0
12744,0.99999907868946,1
12745,0.7753224899428632,0
12746,0.9999999999798492,1
12747,0.9983976946356959,1
12748,0.88045196545544,0
12749,0.9869874585938292,0
12750,0.8766740169225292,0
12751,0.9871234628560057,0
12752,0.9606325622874786,0
12753,0.9367705359507504,1
12754,0.8885168597847677,1
12755,0.7825922802669177,0
12756,0.9999979304682368,1
12757,0.9872120772361268,0
12758,0.9877966352659383,0
12759,0.9884219598368831,0
12760,0.9891531517962218,1
12761,0.9877729485132193,0
12762,0.9992911109164286,1
12763,0.9919168777823242,0
12764,0.7132285614283167,0
12765,0.9307330807070131,0
12766,0.9143262277630767,0
12767,0.9995403411907697,1
12768,0.9624241855223016,1
12769,0.537941519390325,1
12770,0.9739191764723144,0
12771,0.9515469611043321,0
12772,0.982629822777649,0
12773,0.9868020661286232,1
12774,0.7527263090322022,1
12775,0.9886315723837795,0
12776,0.982461117810447,0
12777,0.9845631406414711,0
12778,0.6384425049594011,1
12779,0.8274517726929317,0
12780,0.9885468379320029,0
12781,0.9711283619634595,0
12782,0.8925552134001884,1
12783,0.9917058968395166,0
12784,0.9715781774811649,0
12785,0.7919742556471367,0
12786,0.9999999985592043,1
12787,0.5741795998635744,1
12788,0.8773850552828971,0
12789,0.9295006462743071,1
12790,0.96505667147155,0
12791,0.8357320660384098,0
12792,0.9978536358539695,1
12793,0.8280141201838935,0
12794,0.8423719887807309,0
12795,0.9376391942426826,0
12796,0.870308163208298,0
12797,0.9783997748543232,0
12798,0.9820255262658077,0
12799,0.8545344444830567,0
12800,0.9771221020627577,0
12801,0.9827065464687406,0
12802,0.9872847969924088,0
12803,0.751323519422998,1
12804,0.741082740305839,0
12805,0.9156607954728397,0
12806,0.5034254096895551,0
12807,0.9767920037112222,0
12808,0.7365386062245474,0
12809,0.888566638992818,0
12810,0.8158267776774165,0
12811,0.9962589250912551,1
12812,0.9910517315566126,0
12813,0.8194991848181842,1
12814,0.710592779625,0
12815,0.7139741210567517,0
12816,0.572544529646617,0
12817,0.8127946645142872,0
12818,0.8246548789737344,0
12819,0.8471915880838622,0
12820,0.8264761642701506,0
12821,0.9999999998886258,1
12822,0.9004918609022169,1
12823,0.9479954703260175,0
12824,0.7304979245313571,0
12825,0.735235206626165,1
12826,0.9019635060581941,0
12827,0.9873787081735717,0
12828,0.7352312436454392,0
12829,0.999999994085405,1
12830,0.9616198987473155,0
12831,0.8833118748031397,1
12832,0.6965363342605122,0
12833,0.7803243335863688,1
12834,0.9405617790341564,0
12835,0.9824499173772757,0
12836,0.9864029306101567,0
12837,0.9874658795363235,0
12838,0.9994577914045808,1
12839,0.712659945568487,1
12840,0.97866633890918,0
12841,0.7906858366439837,0
12842,0.9652622341089862,0
12843,0.978308330640741,0
12844,0.5611604317536977,0
12845,0.9921556216230659,0
12846,0.9999800984180871,1
12847,0.9235109820123335,0
12848,0.7132762683007213,0
12849,0.9922917814800735,0
12850,0.9848346054151733,0
12851,0.6781766591627918,1
12852,0.9321207925275198,0
12853,0.9375256642209043,0
12854,0.9459445698590783,0
12855,0.5297834281377217,0
12856,0.8797178941033225,0
12857,0.8294258772993071,1
12858,0.9934528467460298,1
12859,0.9915074971131512,0
12860,0.6525219215686472,0
12861,0.9556635974908677,0
12862,0.9851480624783421,1
12863,0.9887028475113951,0
12864,0.9853389427109281,0
12865,0.9881853257213966,1
12866,0.91322718216883,0
12867,0.9973266510592476,1
12868,0.9665397776358248,0
12869,0.8759385386758166,0
12870,0.9778084755620554,0
12871,0.9622210753095732,0
12872,0.9728288377475677,0
12873,0.9998570139149171,1
12874,0.9283052312202341,0
12875,0.9938109618660592,0
12876,0.9592769703303582,0
12877,0.6990316775087559,0
12878,0.9833850296286721,0
12879,0.9837541176299319,1
12880,0.9296283223349988,0
12881,0.5705125174055379,1
12882,0.9983739604877339,1
12883,0.5549236544555036,1
12884,0.9269771026417056,0
12885,0.9895194219912751,0
12886,0.9999999999937121,1
12887,0.976799012131292,0
12888,0.6425597335152334,1
12889,0.9955493472589757,0
12890,0.6336112664388188,0
12891,0.9641912493105634,0
12892,0.9998575353279459,1
12893,0.9920330820552039,0
12894,0.7291962114291871,1
12895,0.9819644737277985,0
12896,0.9859413079582576,1
12897,0.9704170874407765,1
12898,0.9130288250870047,0
12899,0.9744296711988996,1
12900,0.9831104533075368,0
12901,0.9699300338787483,0
12902,0.9697697801659749,1
12903,0.9429291563449735,0
12904,0.9443889017966431,0
12905,0.9997032964507682,1
12906,0.7302771217555052,0
12907,0.9748942772567563,0
12908,0.7977324056672702,0
12909,0.9295227859062434,0
12910,0.8134515462162958,0
12911,0.6578632182620254,0
12912,1.0,1
12913,0.9444829394451785,0
12914,0.9650994649012374,0
12915,0.5637221369254873,0
12916,0.9807677504338334,0
12917,0.9744118181244453,0
12918,0.9997500126200497,1
12919,0.9923046187397696,0
12920,0.9896772117833682,0
12921,0.9886181670786419,0
12922,0.9087496243877115,0
12923,0.6095251439181164,0
12924,0.5714433433156725,1
12925,0.6893207091179957,0
12926,0.999893123437528,1
12927,0.8021447474459797,0
12928,0.7194837713677638,1
12929,0.8703120955293425,0
12930,1.0,1
12931,0.989786025278059,0
12932,0.9842413490872378,0
12933,0.6461079599944097,0
12934,0.901696095099254,0
12935,0.6488171577606257,0
12936,0.9999191189386885,1
12937,0.7401438930609123,1
12938,0.7177765085632819,0
12939,0.9406905445588574,1
12940,0.9895962120601786,0
12941,0.9999553213068989,1
12942,0.9522021938795943,0
12943,0.8781271032820654,0
12944,0.6554500273687157,0
12945,0.9931709642926646,0
12946,0.9742384787115519,0
12947,0.9997722276687231,1
12948,0.994362902875711,0
12949,0.9803832347362686,0
12950,0.6816111641760818,1
12951,0.9905133394840554,0
12952,0.9174627074768527,1
12953,0.8126274246222401,0
12954,0.9883428249909898,0
12955,0.9832354072357722,0
12956,0.6378585442761465,1
12957,0.8442578356522569,0
12958,0.9850999107640495,0
12959,0.9913533273422662,0
12960,0.9887002250471588,0
12961,0.9683690047038405,0
12962,1.0,1
12963,0.7555742805479713,0
12964,0.7620699634276294,0
12965,0.8721343109970552,0
12966,0.9941162196694121,0
12967,0.9871570433917051,0
12968,0.7345228427528201,1
12969,0.9850865360849302,0
12970,0.865249546472383,1
12971,0.999999999999676,1
12972,0.89030908797966,0
12973,0.5068112384830967,0
12974,0.8218619793337685,1
12975,0.9096036585580335,0
12976,0.7903238726267452,0
12977,0.9955232293115291,0
12978,0.9945882745124467,1
12979,0.9401955445762007,0
12980,0.9898333881909236,0
12981,0.9359969715982681,0
12982,0.8923814439990967,0
12983,0.9861959859675516,0
12984,0.9266083274131118,0
12985,0.9999378118645985,1
12986,0.999307606910735,1
12987,0.9839487283261057,0
12988,0.9286778427261326,0
12989,0.7277805113435161,0
12990,0.9999945779545052,1
12991,0.6545067674722682,0
12992,0.965513678634321,0
12993,0.9706214154785845,0
12994,0.9888408006141948,0
12995,0.8198012153148501,0
12996,0.957657170449913,0
12997,0.9999797708782863,1
12998,0.8807195623099253,0
12999,0.9766182844637675,0
13000,0.9881083262515493,0
13001,0.9396967708880655,0
13002,0.96561694208952,0
13003,0.9991374045487496,1
13004,0.536054132545011,0
13005,0.9870736136123184,0
13006,0.9759257775113026,0
13007,0.9829339372632494,0
13008,0.701920709457893,1
13009,0.9516283655293853,0
13010,0.5131574539743025,0
13011,0.9709962855025085,0
13012,0.9373129644591895,0
13013,0.9660407514423448,0
13014,0.5911456958040466,1
13015,0.5889682289312982,0
13016,0.9543806055768783,0
13017,0.939597597532463,0
13018,0.9991240066680844,1
13019,0.827523998819328,0
13020,0.9935341254998525,0
13021,0.9928501267842377,1
13022,0.8732653296895396,0
13023,0.9895309182926335,0
13024,0.9229537762741192,1
13025,0.9508944441841934,0
13026,0.9443591545318945,0
13027,0.7027074012151585,0
13028,0.8008896327723546,0
13029,0.7761325867584967,0
13030,0.9545449305547151,0
13031,0.9248655774985827,0
13032,0.9862172365740693,0
13033,0.9767382210895514,0
13034,0.886482407546646,1
13035,0.988262616435161,0
13036,0.9635936233846891,0
13037,0.9774393212014391,0
13038,0.99901751447412,1
13039,0.6588166631002543,0
13040,0.9997005768261176,1
13041,0.7613284197311533,0
13042,0.8266553655477396,0
13043,0.536018621594125,0
13044,0.758509002969101,0
13045,0.828342571932122,0
13046,0.76027090083925,0
13047,0.9864213351281897,0
13048,0.9697652246919664,0
13049,0.9823020045376231,0
13050,0.8826306082342229,0
13051,0.8034388652682267,0
13052,0.9249818650911416,1
13053,0.7117897954488819,0
13054,0.7239927058138588,0
13055,0.5629911144219515,0
13056,0.8085527785789979,0
13057,0.9456722885723614,0
13058,0.9747720297488024,0
13059,0.7695712555129174,0
13060,0.9025109850524289,0
13061,0.8902689569997635,0
13062,0.9999999984936099,1
13063,0.9893494039866586,0
13064,0.6233519218603787,0
13065,0.7180396915543822,0
13066,0.9662885199373503,0
13067,0.9887838376424017,0
13068,0.9271498138981639,1
13069,0.9862864304900217,0
13070,0.9999920131148547,1
13071,0.9884403221915031,0
13072,0.9999999999999991,1
13073,0.9333653910472381,0
13074,0.8657576487520091,0
13075,0.9998181970947463,1
13076,0.9681218695097344,0
13077,0.9999986838770407,1
13078,0.8868846867894814,0
13079,0.9746472537267038,0
13080,0.989400707011553,1
13081,0.9806962521130539,0
13082,0.7260958084527824,1
13083,0.9867700394593417,0
13084,0.9763606574987456,0
13085,0.9999931274372474,1
13086,0.9920413439242283,0
13087,0.9692002822180854,0
13088,0.9223903693207897,0
13089,0.999999924567984,1
13090,0.7548037883683744,0
13091,0.6979861764212625,0
13092,0.9068174437564633,0
13093,0.9739123660863497,0
13094,0.5665442127131589,1
13095,0.9899961271328835,0
13096,0.9794965489322813,0
13097,0.8464074817357268,0
13098,0.9844817287274724,0
13099,0.9997776972289242,1
13100,0.9999638465872673,1
13101,0.8983585011838929,1
13102,0.9863143341541684,0
13103,0.8361041969938005,0
13104,0.9749049759140604,0
13105,0.980798955829251,0
13106,0.5897913635961598,0
13107,0.9853641821811091,0
13108,0.8818146213443758,0
13109,0.9920473793123084,0
13110,0.7127802166228627,1
13111,0.9826535056347153,1
13112,0.9802138512679295,1
13113,0.956202162432741,0
13114,0.8759084981374832,0
13115,0.7580699039174316,1
13116,0.9845777146063133,0
13117,0.8763708393513677,0
13118,0.8797628776897548,1
13119,0.9626828420620026,0
13120,0.9881357506160434,0
13121,0.9634753567061856,0
13122,0.5256173057615713,0
13123,0.6237338593072503,0
13124,0.9999987296485988,1
13125,0.9325273618734666,0
13126,0.5587335342795219,1
13127,0.9999969829822228,1
13128,0.9056749868766861,0
13129,0.9835580715676284,0
13130,0.9615316683118343,0
13131,0.8436151673569371,0
13132,0.622217874369725,0
13133,0.781608468331424,0
13134,0.9886544057843984,0
13135,0.9890902015826217,0
13136,0.5798775070509221,0
13137,0.9841185012025704,0
13138,0.9833458657210445,0
13139,0.9981411801463076,1
13140,0.9764613573411265,0
13141,0.9884364816043631,0
13142,0.6402195289999947,0
13143,0.9926471443924394,1
13144,0.6271044332409719,1
13145,0.9841028491477319,0
13146,0.8257465245817686,1
13147,0.965306338035408,0
13148,0.9299319352999582,0
13149,0.5817887998459456,0
13150,0.7131542592101032,0
13151,0.9893886877146607,0
13152,0.99999974782225,1
13153,0.9797501008728597,0
13154,0.8777084101587582,0
13155,0.9628015703213589,0
13156,0.9510542520418869,1
13157,0.9758685597553406,0
13158,0.9915296216948221,0
13159,0.9298294428172843,0
13160,0.7037444727768104,0
13161,0.9907295948512236,0
13162,0.9590425341358418,0
13163,0.9394067218309549,1
13164,0.5255880752833122,1
13165,0.9313096232835134,1
13166,0.991804686637774,0
13167,0.7508924269280787,0
13168,0.8721454945075938,1
13169,0.8946465904084326,1
13170,0.9768526247328607,0
13171,0.8797983084877089,0
13172,0.9960424470664063,1
13173,0.8369748932884896,0
13174,0.5661735058241602,0
13175,0.8407098021254754,0
13176,0.9941608624179444,1
13177,0.9028116551184812,0
13178,0.9999475017757172,1
13179,1.0,1
13180,0.9839915490911448,0
13181,0.6274635409725525,0
13182,0.7779764717065,0
13183,0.9234034356351787,0
13184,0.9651206819338279,0
13185,0.9627674517558679,0
13186,0.91900880871276,0
13187,0.7776029400767253,0
13188,0.9555699007065714,0
13189,0.9999307754271121,1
13190,0.9970030024290714,1
13191,0.9948441710755976,1
13192,0.6684512484854952,0
13193,0.8788565253869263,1
13194,0.9999999950624714,1
13195,0.8907775708906358,0
13196,0.827599615255249,0
13197,0.8946777034133583,0
13198,1.0,1
13199,0.9823571574176145,0
13200,0.6133007443297851,1
13201,0.9319745424097325,1
13202,0.9651137746347587,0
13203,0.9997439450196829,1
13204,0.9999999999984253,1
13205,0.9999999999979581,1
13206,0.9999978595258301,1
13207,0.943982416778861,0
13208,0.988548488647374,1
13209,0.9911096307505385,1
13210,0.9553712055809113,0
13211,0.8027485131563776,0
13212,0.6068378503852849,0
13213,0.5074148445149934,1
13214,0.9840630832436439,0
13215,0.51708792468091,0
13216,0.7486928355158785,0
13217,0.9830579199160915,0
13218,0.9710925976250724,0
13219,0.9779030377373478,0
13220,0.6377391407344667,1
13221,0.8945452172585723,0
13222,0.6588690975386675,1
13223,0.9594605128474702,0
13224,0.7458716623897835,0
13225,0.970041718393584,1
13226,0.9987804431227012,1
13227,0.9999999756660315,1
13228,0.6864911759768474,0
13229,0.5772704823438753,1
13230,0.7741077696388593,1
13231,0.9339661751301527,0
13232,0.9745310695792696,0
13233,1.0,1
13234,0.9871527488962001,0
13235,0.9983683360623792,1
13236,0.9739248089215585,1
13237,1.0,1
13238,0.8896713975585891,1
13239,0.5581434523572079,0
13240,0.9392001067641665,0
13241,0.9851945361426644,0
13242,0.9291856999921677,0
13243,0.9302169499856042,1
13244,0.7178267219947712,0
13245,0.8885775869726817,0
13246,0.9450043612283306,0
13247,0.8766728827460314,0
13248,0.9737510286199254,0
13249,0.984675966025486,1
13250,0.9999273055555892,1
13251,0.9872950711129711,0
13252,0.9999968714491573,1
13253,0.7103008213675905,0
13254,0.891535641944779,0
13255,0.979027256743033,0
13256,0.9675504743959427,0
13257,0.8351843254806647,0
13258,0.9593299524947078,0
13259,0.654295757482739,1
13260,0.8765203958803844,0
13261,0.935861105663529,0
13262,0.8415324480152618,0
13263,0.9058631963829185,0
13264,0.9965738904116753,1
13265,0.6685098641412012,0
13266,0.9399794669743174,0
13267,0.9724223417279758,0
13268,0.9744807988759175,1
13269,0.8266581529813909,1
13270,0.9381676321729259,0
13271,0.8450162588357347,0
13272,0.9997587051262086,1
13273,0.692610440814747,0
13274,0.9856855909687567,0
13275,0.8013313673538172,1
13276,0.7872813136929149,1
13277,0.8838430073264928,1
13278,0.9857954932391712,0
13279,0.9901432664207177,0
13280,0.9742801083118069,0
13281,0.7804567028943125,1
13282,0.9107151353423186,0
13283,0.8768760948085359,0
13284,0.997615482058609,1
13285,0.9257174997557378,0
13286,0.9926693056175354,0
13287,0.9916923054512089,0
13288,0.9533313554161018,0
13289,0.7704675163502308,0
13290,0.6951865673086532,0
13291,0.7169672246278316,1
13292,0.6271016319375962,0
13293,0.9999448613304276,1
13294,1.0,1
13295,0.8368061537473463,0
13296,0.9575239785066352,0
13297,0.9897587803835373,0
13298,0.5054853815442989,0
13299,0.9893709505734293,0
13300,0.9278157726827617,0
13301,0.7647523952030587,1
13302,0.9848455265944172,0
13303,0.9231620796046252,0
13304,0.9321178761162429,0
13305,0.7497727703217408,0
13306,0.9402759981775056,1
13307,0.9897267153861835,0
13308,0.7421595324760321,0
13309,0.9999975521763594,1
13310,0.6777611756427531,0
13311,0.6747158382662749,1
13312,0.9224435485282083,0
13313,0.8180083692522369,0
13314,0.8100199729023689,0
13315,0.8289492104140465,0
13316,0.9427782826852442,1
13317,0.7091269343671444,0
13318,0.9922562838454287,0
13319,0.909208356943992,1
13320,0.9370042919403084,0
13321,0.9300079284388391,0
13322,0.9693825421989789,1
13323,0.9231201134246582,0
13324,0.8343521917319122,0
13325,0.9477915208856688,0
13326,0.8459824499260445,0
13327,0.9592303898234595,0
13328,0.9999894086465234,1
13329,0.9638917697157728,0
13330,0.8587199524892067,0
13331,0.6779105273087228,0
13332,0.9905939073446471,0
13333,0.9823358633528193,0
13334,0.8575883401127058,0
13335,0.8380328027874174,0
13336,0.7442746962939766,0
13337,0.9856887739347787,0
13338,0.8351537015798828,0
13339,0.9916848033244174,1
13340,0.9722842369072748,0
13341,0.9494731876689502,0
13342,0.9879891773226385,1
13343,0.7135268145242504,0
13344,0.6763577291275257,1
13345,0.8171439262448484,0
13346,0.6887920892740683,0
13347,0.7562986842684928,0
13348,0.9999995213701586,1
13349,0.987563256325647,0
13350,0.9774077010826375,0
13351,0.9656481679907565,0
13352,0.9256415152285016,0
13353,0.9999945824539203,1
13354,0.9439734345268312,0
13355,0.9973114801064994,1
13356,0.9782576287539194,0
13357,0.9923581050519374,0
13358,0.9767051209760579,0
13359,0.9854552168911079,0
13360,0.5014898953742694,0
13361,0.9758394927311439,0
13362,0.9999999473546991,1
13363,0.965739258630504,0
13364,0.8752250590392523,0
13365,0.5052332916375522,1
13366,0.8130894704103426,1
13367,0.9587479674294255,0
13368,0.9564646124495274,0
13369,0.9893149512933458,0
13370,0.9909033606584421,0
13371,0.9839975094206013,0
13372,0.9623813134764673,0
13373,0.9999970534657089,1
13374,0.5558957585984278,0
13375,0.9896756509294562,1
13376,0.9729762282598675,0
13377,0.9627078913397452,1
13378,0.9302483246868674,1
13379,0.9688407992107346,0
13380,0.9787512378968924,0
13381,0.5223350836610449,0
13382,0.7345843460295376,0
13383,0.9212728180773395,0
13384,0.8695707099046763,0
13385,0.967702294895994,1
13386,0.9920108605172008,0
13387,0.9999787843495863,1
13388,0.9723890788815408,0
13389,0.6741638531382966,1
13390,0.918516839667703,0
13391,0.9831719660416299,0
13392,0.9614619875777075,0
13393,0.9922562838454287,0
13394,0.9999999845145726,1
13395,1.0,1
13396,0.978562924162985,0
13397,0.9999999449967518,1
13398,0.9170426603612816,0
13399,0.784567365413822,0
13400,0.8923505648355801,0
13401,0.9344681011408986,1
13402,0.9535319343138094,0
13403,0.9872541428547545,1
13404,0.9780247402707173,0
13405,0.9703288391264207,0
13406,0.5376623847510905,1
13407,0.9269632847819931,1
13408,0.5743620365561773,0
13409,0.5013352278810616,0
13410,0.9417614480311205,0
13411,0.9975235628011861,1
13412,0.9070193072198479,0
13413,0.9501953573979747,0
13414,0.6367222355261772,1
13415,0.9471731532812493,0
13416,0.9109904730111835,1
13417,0.9052754659632312,0
13418,0.6948279068683024,0
13419,0.981277159450681,0
13420,0.9281550889320213,0
13421,0.9925645553240898,0
13422,0.9931709642926646,0
13423,0.9519022946405553,0
13424,0.9652920907743718,0
13425,0.625954528324637,0
13426,0.9704834553329944,0
13427,0.877629289759274,0
13428,0.9590396268148591,0
13429,0.9571616151076123,1
13430,0.8360505874423588,0
13431,0.9768285375430262,0
13432,0.5192929742505736,0
13433,0.7523052267497025,0
13434,0.9408439537349766,0
13435,0.9788364722118855,0
13436,0.9881305084768061,0
13437,0.9990667810040199,1
13438,0.9717619639889213,0
13439,0.5409309009007709,0
13440,0.7966320662868412,0
13441,0.9890151475892746,0
13442,0.9902729351907716,0
13443,0.780336826382418,0
13444,0.5689664530093105,1
13445,0.5533284808374141,0
13446,0.9943840851237504,0
13447,0.782026409545885,1
13448,0.9808604226397506,0
13449,0.9689312589046646,0
13450,0.9756907349227331,0
13451,0.9194113929151236,0
13452,0.7409731242778577,0
13453,0.6232184194799977,0
13454,0.9687590747362209,0
13455,0.9727905792635619,0
13456,0.9994288162416067,1
13457,0.9123422160253306,0
13458,0.9285747301761679,0
13459,0.990590841677246,0
13460,0.9999999898182014,1
13461,0.9985910481330507,1
13462,0.9999999999968989,1
13463,0.9697495160604782,0
13464,0.6294081874323826,0
13465,0.7980122980944361,0
13466,0.9826488480769492,0
13467,0.9520016241724915,0
13468,0.9175629897782377,1
13469,0.9814009967607175,0
13470,0.9806516049732796,1
13471,0.8356323317978948,0
13472,0.7493353512993535,1
13473,0.6059866693143351,1
13474,0.9089697447720553,0
13475,0.9391560909873864,1
13476,0.9186030449460642,0
13477,0.9641090293432254,0
13478,0.6889960174327544,1
13479,0.8547327693148447,0
13480,0.6965856829970389,0
13481,0.5097170813248348,1
13482,0.9626009113386161,0
13483,0.9550939773953782,0
13484,0.9925742649959891,0
13485,0.9862853065900291,1
13486,0.9838749982814788,0
13487,0.9315779069752117,0
13488,0.8020730519194942,0
13489,0.968949281619746,0
13490,0.9016996102659601,0
13491,0.9436561457010127,0
13492,0.9919206411437669,0
13493,0.655284667223342,0
13494,0.999994273242521,1
13495,0.9589225961397077,0
13496,0.9749460862940619,0
13497,0.9891705302621342,0
13498,0.5975100527643462,1
13499,0.7517769220475016,0
13500,0.9999913457435845,1
13501,0.9777534025885112,0
13502,0.9153814114486778,0
13503,0.9560581859818987,0
13504,0.7965175455145199,1
13505,0.9935887649141995,1
13506,0.9871072347928238,0
13507,0.9927955408689458,0
13508,0.939742159163351,1
13509,0.9908506899727799,0
13510,0.9097275010541639,0
13511,0.962591567705419,1
13512,0.7224546769767336,0
13513,0.6879600337572831,0
13514,0.9847670126658267,0
13515,0.8225657155719769,0
13516,0.9909932290717495,0
13517,0.966399615229347,0
13518,0.9242663505531323,1
13519,0.983273250215636,0
13520,0.7114630615338112,0
13521,0.9989686310193339,1
13522,0.9906605785321014,1
13523,0.7102060833149092,0
13524,0.8854533033915519,0
13525,0.9312045314125807,0
13526,0.8382273746306599,0
13527,0.9903037061517198,0
13528,0.9766777186459364,0
13529,0.8287569232775237,0
13530,0.524744398894978,0
13531,0.9346832076903431,0
13532,0.987798486782236,1
13533,0.7208001691059811,1
13534,0.9775971803062432,0
13535,0.6918823999276997,0
13536,0.9483972664344426,0
13537,0.9915368597870198,0
13538,0.6482569197213764,1
13539,0.6504464931623472,0
13540,0.9111884303638643,0
13541,0.9852991136185149,0
13542,0.808677598813349,0
13543,0.9808080241831493,0
13544,0.9999999998258993,1
13545,0.981944099628515,0
13546,0.9865509860406455,0
13547,0.9816003996315067,0
13548,0.8282660484628446,0
13549,0.9829277436535044,0
13550,0.7455993851555808,0
13551,0.8742198672791218,0
13552,0.9541800844551741,0
13553,0.9603955214980305,0
13554,0.9999999405233977,1
13555,0.9855254660105324,0
13556,0.9814630524155732,0
13557,0.9760420919634444,0
13558,0.732695419682732,1
13559,1.0,1
13560,0.9904551475230192,0
13561,0.9712047360187979,1
13562,0.987783983843346,1
13563,0.9998224088085542,1
13564,0.954350287462027,0
13565,0.9283913755149055,0
13566,0.663686612477526,1
13567,0.8690016516268113,0
13568,0.9612281435815296,1
13569,0.8245309958767157,0
13570,0.6075680672447241,0
13571,0.999999995695031,1
13572,0.9882422891344624,0
13573,0.9933320852716162,0
13574,0.9919601072203734,0
13575,0.8514019011220221,0
13576,0.9922917814800735,0
13577,0.9837794441593012,0
13578,0.9742485280909983,0
13579,0.9541623922348214,0
13580,0.5236102936262872,0
13581,0.9920042200287564,0
13582,0.9901917703095492,0
13583,0.9793363704389502,1
13584,0.8326417188553997,0
13585,0.9382620520213947,0
13586,0.5577888884873058,1
13587,0.9796759089733831,0
13588,0.679410970130775,0
13589,0.9958385941601404,1
13590,0.9997680142454075,1
13591,0.8231919800919988,0
13592,0.9999973524130286,1
13593,0.747851541843626,0
13594,0.8521559836649435,0
13595,0.9942914102415176,0
13596,0.9328962867737051,0
13597,0.9880738552397172,0
13598,0.8468749907019911,0
13599,0.9796305038898282,0
13600,0.9999999999095843,1
13601,0.7906117085410583,1
13602,0.9999999998796296,1
13603,0.9920266291678353,0
13604,0.9323986785550058,0
13605,1.0,1
13606,0.9990947105002845,1
13607,0.9999999999967204,1
13608,0.6914832818078124,0
13609,0.9839598917463264,0
13610,0.9631776265808094,0
13611,0.98515761944364,0
13612,0.9801366897039253,0
13613,0.8313054788650206,1
13614,0.776615806931014,1
13615,0.9955232293115291,0
13616,0.9720402120630768,0
13617,0.9680976727802706,0
13618,0.9473333889581592,0
13619,0.8152108486023355,0
13620,0.9823047524828145,0
13621,0.9766102148910009,0
13622,0.9757136650041491,0
13623,0.9993400604714517,1
13624,0.9808034615671825,0
13625,0.7179906626966368,1
13626,0.9329167897720783,0
13627,0.9923875016300916,0
13628,0.9890201850800514,0
13629,0.9784397038551694,0
13630,0.9693971729398646,0
13631,0.9550138652623807,1
13632,0.7134572009400895,0
13633,0.9823611918139076,0
13634,0.6521955583704289,1
13635,0.6299028975050033,1
13636,0.9635128988556163,1
13637,0.9999939542401196,1
13638,0.9383925372661822,0
13639,0.9789222976620733,0
13640,0.9999999975807332,1
13641,0.8925873159312017,0
13642,0.8812573907817495,1
13643,0.9868337160428602,0
13644,0.8780621685393695,0
13645,0.9628977010732349,0
13646,0.9594967619332039,0
13647,0.9417832459959447,0
13648,0.9937741057082886,1
13649,0.6887496484826426,1
13650,0.9820181716909372,0
13651,0.9576527359324782,0
13652,0.8329962445520973,0
13653,0.9768473988373435,0
13654,0.8408096259195698,0
13655,0.8049305403705354,0
13656,0.8809752593409257,0
13657,0.9401318991575502,1
13658,1.0,1
13659,0.8963624699239414,0
13660,0.7913920003527725,0
13661,0.5755978477602808,1
13662,0.9892470416180432,0
13663,0.8449154388855115,1
13664,0.9316020453494508,0
13665,0.9870736136123184,0
13666,0.9999933659310101,1
13667,0.998911188128917,1
13668,0.7889164994759964,0
13669,0.9706893976702924,1
13670,0.9727157540117893,0
13671,0.9911421326737846,0
13672,0.8261972170487449,0
13673,0.9638563767781746,0
13674,0.9794726924834367,0
13675,0.699936180656972,0
13676,0.9999999999987415,1
13677,1.0,1
13678,0.9773537035644914,0
13679,0.9891641463392715,0
13680,0.9576479348701041,0
13681,0.9867875829795218,0
13682,0.7858832848462,0
13683,0.8889481894886883,0
13684,0.9423138071678417,0
13685,0.8499709165848023,1
13686,0.9942229281764176,0
13687,0.985965998945222,0
13688,0.9741691484206723,0
13689,0.7357652294941928,0
13690,0.7281021792444942,0
13691,0.6081249159765684,0
13692,0.9999964139056484,1
13693,0.943536572592921,0
13694,0.5724785655525105,0
13695,0.9896151933548345,0
13696,0.9005103833539547,0
13697,0.6131413043518207,1
13698,0.6877039318762806,0
13699,0.8095830958604047,0
13700,0.8221835022332397,0
13701,0.8815110483868449,0
13702,0.9359640444389618,0
13703,0.8358088915499252,0
13704,0.5345559125819043,0
13705,0.8296165008487499,1
13706,0.7326671882649213,0
13707,0.9062377932922758,1
13708,0.8281354087965658,0
13709,0.9592491607926575,0
13710,0.9049448468464806,1
13711,0.6628769711714304,1
13712,0.8532539625155545,1
13713,0.976927618288741,0
13714,0.8477768552177956,1
13715,0.9825468133078105,1
13716,0.9998977396891092,1
13717,0.9218712384374053,0
13718,0.9733827967554716,0
13719,0.9466869312623976,0
13720,0.963020335558946,1
13721,0.9710036115227202,0
13722,0.938006791271668,1
13723,0.5982936407881697,1
13724,0.9993112610239668,1
13725,0.5479212492104574,0
13726,0.6702014662511842,0
13727,0.9823454885635335,0
13728,0.9322634524033035,0
13729,0.9817814984505523,0
13730,0.9797693593442405,0
13731,0.7533386282281984,0
13732,0.9859936027370836,0
13733,0.9847979203647853,1
13734,0.9664239019755625,0
13735,0.9999999959433115,1
13736,0.9882722171427701,0
13737,0.8645278596007394,1
13738,0.9999999999359213,1
13739,0.9483043461276104,0
13740,0.6937210941799827,0
13741,0.8777482487317569,0
13742,0.9853137196536024,0
13743,0.9884139721136523,0
13744,0.8975672789585195,0
13745,0.9926598908121,0
13746,0.8607146579154801,1
13747,0.7059765139705386,1
13748,0.7899492365064414,0
13749,0.9875250958493237,0
13750,0.9723635051456188,0
13751,0.991804686637774,0
13752,0.6852305745053519,1
13753,0.9836973717716196,0
13754,0.9999999999636426,1
13755,0.7551341712235471,0
13756,0.6872970017353329,0
13757,0.9311587226332574,0
13758,0.5047567307572692,0
13759,0.9130343598296572,0
13760,0.9819821831568373,0
13761,0.8593182177201609,0
13762,0.9961240328889466,1
13763,0.7452423703000284,0
13764,0.782276559495195,0
13765,0.8588355454706292,0
13766,0.9738382955295504,0
13767,0.9994586452163088,1
13768,0.9434136363564173,0
13769,0.9633136167442886,0
13770,0.7187980675293343,1
13771,0.9632344069559242,0
13772,0.8380297198208658,0
13773,0.8079829095366529,0
13774,0.9765523604148664,0
13775,0.9838749982814788,0
13776,0.9907488348596613,0
13777,0.9840576253025709,1
13778,0.9082023266536944,0
13779,0.9858900714618695,0
13780,0.9827279070205955,0
13781,0.9343002362950246,0
13782,0.9718465068585702,0
13783,0.9698364096218266,0
13784,0.9772008564361478,0
13785,0.6985667259637435,0
13786,0.8883757340243631,0
13787,0.9915851704499021,0
13788,0.9999999999988889,1
13789,0.9531585461618005,0
13790,0.9784838597842714,0
13791,0.982419318767131,0
13792,0.9030900813038116,0
13793,0.896475812761987,1
13794,0.8034579344857684,0
13795,0.9642770346805509,0
13796,0.9824442590898427,0
13797,0.983128225652062,0
13798,0.9809583665528091,0
13799,0.7896304838797046,0
13800,0.9801127583678454,0
13801,0.9784643626472143,0
13802,0.7428188402548428,0
13803,0.9903963018250591,0
13804,0.5392995195847283,1
13805,0.9900702586684728,0
13806,0.9904712331142346,0
13807,0.9702204915564312,0
13808,0.9153467550269442,1
13809,0.9605092952902303,0
13810,0.8334901729141071,0
13811,0.9124923556647863,0
13812,0.9855785319716551,0
13813,0.6584221211408557,0
13814,0.9731011412186326,0
13815,0.9960507423639433,1
13816,0.9828277036751277,0
13817,0.8764190831965937,0
13818,0.9999983307890492,1
13819,0.9707938017397738,0
13820,0.7700286358276028,0
13821,0.956645258007601,0
13822,0.9489705846213168,1
13823,1.0,1
13824,0.9777647421551547,0
13825,0.9890329209057007,0
13826,0.980078909765722,0
13827,0.9896669179889813,1
13828,0.9808063175097936,0
13829,0.9876788636126068,0
13830,0.9622351359797144,0
13831,0.8139776337826399,0
13832,0.9755443638768263,0
13833,0.9668611180846702,0
13834,0.6583813673556032,0
13835,0.9856114859081878,0
13836,0.9896067212620776,1
13837,0.9904374478256281,0
13838,0.5679533696083123,0
13839,0.8257757926259625,1
13840,0.7367633423416583,0
13841,0.9681034556915692,0
13842,0.9652526045299358,0
13843,0.9899593512171239,0
13844,0.9979310306515967,1
13845,0.6714599195526244,1
13846,0.9862953075742913,0
13847,0.9480969610722091,1
13848,0.9995958390437992,1
13849,0.9300430003412323,0
13850,0.8916952749158549,0
13851,0.6510697102587134,1
13852,0.8575278574246067,0
13853,0.9931661582700855,0
13854,0.9919964190265388,0
13855,0.9902769369714847,0
13856,0.9818498627105124,0
13857,0.63194738604294,1
13858,0.8425374550538858,0
13859,0.9705816329941633,0
13860,0.7489704982415597,1
13861,0.9940116915783782,1
13862,0.9851182096615121,0
13863,0.8296224773219795,0
13864,0.9882661656356806,0
13865,0.9987558080876481,1
13866,0.5758845710156955,1
13867,0.8880416813188963,0
13868,0.954056571892431,0
13869,0.6535454888756286,1
13870,0.9146403869528799,0
13871,0.9913120402526269,0
13872,0.8994259628363926,0
13873,0.9998294873109635,1
13874,0.5008832310824481,1
13875,0.9999120011696798,1
13876,0.8425521251237378,0
13877,0.9733856180428616,0
13878,0.8820078903303096,0
13879,0.9612343287477242,0
13880,0.8277889078675832,0
13881,0.9636521677811409,0
13882,0.8677537633212814,0
13883,0.9999727572119191,1
13884,0.8540017789723278,1
13885,0.9925066202868006,0
13886,0.9911089373162607,0
13887,1.0,1
13888,0.720974655584645,0
13889,0.8818431268160258,1
13890,0.842341563233992,0
13891,0.8955207604961432,0
13892,0.9971792582933973,1
13893,0.9498444573616445,0
13894,0.5954912562350875,1
13895,0.9723299195995547,0
13896,0.9640417417980541,0
13897,0.9993135405374922,1
13898,0.8924918469710916,1
13899,0.9999379640568538,1
13900,0.9874105489176024,0
13901,0.9404265182333761,0
13902,0.9996935416150844,1
13903,0.5441588284336596,0
13904,0.5918079796149917,0
13905,0.9574623143568991,1
13906,0.5165411124050955,0
13907,0.5892690336716521,1
13908,0.9976642627017395,1
13909,0.7365338101875164,0
13910,0.9674899500908577,1
13911,0.9866546513982769,0
13912,0.8920496675048689,1
13913,0.8315871746654633,0
13914,0.990441128299071,0
13915,0.5549754926273068,1
13916,0.9999949146301117,1
13917,0.9872298399630057,0
13918,0.6893714151203134,1
13919,0.9862571119027344,0
13920,0.8223880366711094,0
13921,0.8710105921501735,0
13922,0.9877001318617044,0
13923,0.9695303075011635,0
13924,0.8235662872229618,0
13925,0.9421880856944402,0
13926,0.5746406396346738,1
13927,0.9243026511799489,0
13928,0.9727653131455724,0
13929,0.6553553494361406,1
13930,0.8692797234079702,0
13931,0.9585201675485191,0
13932,0.9962419737621725,1
13933,0.9939629568470306,0
13934,0.8159625379170261,0
13935,0.9952339642879268,1
13936,0.9622644541084342,1
13937,0.9865538671951302,0
13938,0.9925802053908152,0
13939,0.5496351181088558,0
13940,0.5431233679332506,0
13941,0.893045096886842,0
13942,0.9766191638848605,0
13943,0.9672220875392554,1
13944,0.9798945745551366,0
13945,0.5294118127106543,1
13946,0.8510766804980113,1
13947,0.8003063750059568,0
13948,0.9833519300814968,0
13949,0.9853624788112041,0
13950,0.9700706666300245,0
13951,0.9855467071608814,0
13952,0.6795581994068305,0
13953,0.9844321061434615,0
13954,0.9817466169305498,0
13955,0.9545402836495055,0
13956,0.720409280071548,1
13957,0.9999861618967953,1
13958,0.9692879010514918,1
13959,0.9938602177596982,1
13960,0.5669909506700288,0
13961,0.9758650777377179,1
13962,0.8184516741354407,1
13963,0.9913875294893475,0
13964,0.9770812182772881,0
13965,0.991641601410763,0
13966,0.9869180979813864,0
13967,0.9999999999999432,1
13968,0.9671839279092712,0
13969,0.981520219192317,0
13970,0.9922562838454287,0
13971,0.9276477448801286,0
13972,0.9997653611173208,1
13973,0.9635218000028372,0
13974,0.8580405948720772,0
13975,0.7899373843435893,1
13976,0.9588762774918325,1
13977,0.9410124816712759,0
13978,0.8923351934662401,0
13979,0.5645290232387334,0
13980,0.9738885275805602,0
13981,0.976849415174583,0
13982,0.9909546442560826,0
13983,0.9929702836943581,1
13984,0.9821501842875336,0
13985,0.9335787115490184,0
13986,0.9225494987910312,0
13987,0.5254787280218526,0
13988,0.9725590383693635,1
13989,0.9883535821851863,0
13990,0.9994919369110353,1
13991,0.9999999996447086,1
13992,0.5103753119466035,1
13993,0.9863918585147863,0
13994,0.9852468066318897,0
13995,0.8861534745076,0
13996,0.887297900936776,0
13997,0.9666379283945514,0
13998,0.5572484927703031,0
13999,0.7504921613755129,0
14000,0.8412512333207045,1
14001,0.9993802673977129,1
14002,0.9543782398218619,0
14003,0.9999193433660813,1
14004,0.5335833501919963,0
14005,0.9969450498134899,1
14006,0.9278721122413999,0
14007,0.9921852586225791,1
14008,0.9919804521559962,0
14009,0.5897610649706962,1
14010,0.99927546968531,1
14011,0.9909630041630267,1
14012,0.9608690348381038,0
14013,0.6028399962212694,1
14014,0.7538017716184667,0
14015,0.9247351776868872,0
14016,0.99999999917516,1
14017,0.9999999644588359,1
14018,0.9856406074104966,0
14019,0.9987012243353804,1
14020,0.9750486487372182,1
14021,0.8711430735854327,1
14022,0.7653279338014741,0
14023,0.9949895878426527,1
14024,0.8223769233584767,1
14025,0.9864059991434814,0
14026,0.907922272524649,0
14027,0.9734359768430821,0
14028,0.9999980796795738,1
14029,0.8517147747406235,0
14030,0.991804686637774,0
14031,0.6910160188489116,1
14032,0.9875691240978561,0
14033,0.6025646990494224,0
14034,0.9269699100014315,0
14035,0.6791214816796401,0
14036,1.0,1
14037,0.8958952728576333,1
14038,0.9999924679860875,1
14039,0.8571220312264132,0
14040,0.5630320714123795,1
14041,0.9487262718261968,0
14042,0.9881319126217509,0
14043,0.9789822773345399,0
14044,0.986949640276567,0
14045,0.9907238881739692,0
14046,0.9839012854625516,1
14047,0.9999227157022483,1
14048,0.8948276239864642,0
14049,0.8481853839166059,0
14050,0.8803235980630635,0
14051,0.7434032140143246,0
14052,0.8343305352980219,0
14053,0.9207959283609791,0
14054,0.7180133863629026,0
14055,0.9755123094007503,0
14056,0.9999106436302408,1
14057,0.9428938825331415,0
14058,0.5395202224071038,0
14059,0.8196523571943389,0
14060,0.9815777233161651,1
14061,0.9908610790059568,0
14062,0.990454095974628,0
14063,0.9947129187154524,1
14064,0.9841000592245316,0
14065,0.6822546585415303,0
14066,0.9536059248066244,1
14067,0.9177458240642343,0
14068,0.999999523329821,1
14069,0.9919168777823242,0
14070,0.968895716697754,0
14071,0.9987147606343711,1
14072,0.9958042220889205,1
14073,0.6955339781416141,0
14074,0.6117664493830733,0
14075,0.9913875294893475,0
14076,0.9957990488533456,1
14077,0.9995647376329603,1
14078,0.9455863371390038,1
14079,0.8803544437656935,1
14080,0.8356827200848179,1
14081,0.7824851806879132,0
14082,0.854409275474689,0
14083,0.7192016984777693,1
14084,0.9858689523033489,0
14085,0.9996354655399682,1
14086,0.9847698280777691,0
14087,0.7762474424395196,0
14088,0.9853087209472321,0
14089,0.8653936658469846,0
14090,0.5528583368831297,0
14091,0.9731052620277545,0
14092,0.8930585552550033,0
14093,0.999533516687461,1
14094,0.9684138882014725,0
14095,0.9928690188534556,0
14096,0.9854651830452529,0
14097,0.6859042082608985,0
14098,0.9219928570313295,0
14099,0.6983903598052481,0
14100,0.5754039931815802,1
14101,0.6076546819807312,0
14102,0.9833317703980672,0
14103,0.986503446616113,0
14104,1.0,1
14105,0.9987138987642991,1
14106,0.9407425836588643,0
14107,0.9678423245952587,0
14108,0.6336542963958628,1
14109,0.9942589914531172,0
14110,1.0,1
14111,0.7197455831673706,0
14112,0.9941384274410078,0
14113,0.9993510607769333,1
14114,0.9448220154201232,0
14115,0.8348294806042378,0
14116,0.8735072847630768,0
14117,0.9541924630562556,0
14118,0.7033422947477134,0
14119,0.9521986308882726,0
14120,0.9918078117511205,0
14121,0.9545765741181991,0
14122,0.9900069946698465,0
14123,0.9976375061721692,1
14124,0.737353720818438,0
14125,0.9999754428902432,1
14126,0.8369861556300789,1
14127,0.8804134563291259,0
14128,0.9812098220569798,0
14129,0.9054241194613871,0
14130,0.9950255356431881,1
14131,0.6230057015111826,0
14132,1.0,1
14133,0.934993717504277,0
14134,0.9642254323358184,0
14135,0.976049834699813,0
14136,0.9983564130671387,1
14137,0.9475084277681168,0
14138,0.626214740536217,0
14139,0.9228449902256324,0
14140,0.9151763783710598,1
14141,0.97618814164343,1
14142,0.9329781169709703,0
14143,0.8472897243982459,0
14144,0.9203478575998373,0
14145,0.836537040726533,1
14146,0.6956797918742846,0
14147,0.9923214827280857,0
14148,0.9871917078876258,0
14149,0.999987123202015,1
14150,0.7738825876116746,0
14151,0.9495218058369022,0
14152,0.9999999999999998,1
14153,0.9788258420677963,0
14154,0.8102687803270296,0
14155,0.8697971804455269,0
14156,0.9063081792051093,0
14157,0.9196466353807785,0
14158,0.9798092501211049,0
14159,0.9773286962098974,0
14160,0.9428710705776902,0
14161,0.9999438107695569,1
14162,0.5427542999624917,1
14163,0.982304270602741,0
14164,0.7609409820807012,0
14165,0.7546244883297399,0
14166,0.9718314838942574,0
14167,0.9999999999160778,1
14168,0.9135213676193565,0
14169,0.6706121563966351,1
14170,0.9996159138549656,1
14171,0.9999999999731317,1
14172,0.9999999999991065,1
14173,0.8999279272630024,0
14174,0.9643747168692522,0
14175,0.8712871471913876,0
14176,0.874229946415166,0
14177,0.8474742952307132,0
14178,0.5625947176761128,1
14179,0.8407765225703918,1
14180,0.8886351115921325,0
14181,0.7209440181295056,0
14182,0.7521206492443616,0
14183,0.6508181091553051,1
14184,0.9853290773334444,0
14185,0.9104062778899487,0
14186,0.9106324599435446,0
14187,0.9874942480813075,0
14188,0.7945106443816429,0
14189,0.830656192625954,0
14190,0.9333525079984675,0
14191,0.719035462213418,0
14192,0.996895139044989,1
14193,0.9919351876028659,0
14194,0.9971384770643315,1
14195,0.9811523138011607,0
14196,0.5656035009495501,0
14197,0.7256140760813095,0
14198,0.686151382520707,0
14199,0.9999999999950906,1
14200,0.989078697265097,0
14201,0.627796215490245,0
14202,0.8781155935748977,0
14203,0.9867493899555363,0
14204,0.7481712457135706,0
14205,0.9232074005393459,0
14206,0.8971797570983513,0
14207,0.9190319100540395,0
14208,0.8596426182450178,0
14209,0.9998762154788562,1
14210,0.5382458200836492,1
14211,0.9529772062490331,0
14212,0.9673165102152008,0
14213,0.7715886652744626,0
14214,0.9724564592030296,0
14215,0.8225270505980831,0
14216,0.8629696721717299,1
14217,0.7687252634544386,1
14218,0.7440821125144299,0
14219,0.9496378708061496,0
14220,0.9890054362165225,0
14221,0.7106228303937155,1
14222,0.8071880895206924,1
14223,0.9892993434023838,0
14224,0.9894738484422014,0
14225,0.9890481737434949,0
14226,0.9916013474870321,0
14227,0.8339810024848012,0
14228,0.9758377285321506,0
14229,0.9619736584067271,0
14230,0.9856453966723732,0
14231,0.945272310193931,0
14232,0.9060935375009289,0
14233,0.9890254231326905,0
14234,0.5720993402633624,0
14235,0.9855070373206807,0
14236,0.9890545955424762,0
14237,0.8785875495555587,0
14238,0.8503776524923811,1
14239,0.93273552977328,1
14240,0.9999999319434446,1
14241,0.8988892913660299,0
14242,0.9998445585020513,1
14243,0.6351052768091551,0
14244,0.9839120883153168,0
14245,0.9933648703525615,0
14246,0.9887018948789442,0
14247,0.9820224391573458,0
14248,0.815184402779125,0
14249,0.9898845783729372,1
14250,0.7806452854650963,0
14251,0.675743434961798,0
14252,1.0,1
14253,0.9155434482506779,1
14254,0.9554830815061555,0
14255,0.9999999999999356,1
14256,0.9844918680661406,0
14257,0.89722908654154,1
14258,0.5785573116281661,0
14259,0.9731327021124777,0
14260,0.9930609775651128,0
14261,0.7694718194048272,0
14262,0.9533438224356672,0
14263,0.9999999999944744,1
14264,0.9986319043644889,1
14265,0.9244461758558394,0
14266,0.79379478997791,0
14267,0.9793924089814874,0
14268,0.8789306975650957,0
14269,0.9997877051530902,1
14270,0.9488566798788831,0
14271,0.6240113828210102,0
14272,0.6299250926969499,0
14273,0.9510733603510795,0
14274,0.9866593103976593,0
14275,0.9746605819103339,0
14276,0.9812001797255933,1
14277,0.9183711154987759,0
14278,0.9587396754226205,0
14279,0.6202384314425995,1
14280,0.8852569275703939,0
14281,0.7524529221775392,0
14282,0.9913130738059379,0
14283,1.0,1
14284,0.9893363751922166,0
14285,0.8375767364202507,0
14286,0.9922562838454287,0
14287,0.9830334845013938,0
14288,0.8399083960484821,0
14289,0.9870736136123184,0
14290,0.8967406890626237,0
14291,0.9985924713608486,1
14292,0.9999737864280449,1
14293,0.9880070133186982,0
14294,0.9804005014710775,0
14295,0.664345438534223,0
14296,0.9996749803285987,1
14297,0.9499391140742425,0
14298,0.9535678693607738,0
14299,0.9862068151228289,0
14300,0.9400111601830445,0
14301,0.9798234179024815,0
14302,0.9551775647712478,0
14303,0.9927001809697452,0
14304,0.6410467257552014,0
14305,0.9765161846511284,0
14306,0.8904299764938816,0
14307,0.9997950487797145,1
14308,0.6455383814542728,0
14309,0.9861827623717754,0
14310,0.9984773179669391,1
14311,0.98518316475054,0
14312,0.9830319780842491,0
14313,0.8242624946324493,1
14314,0.9916492700988093,1
14315,0.8993160822303948,0
14316,0.9827441853607981,0
14317,0.9906546899810982,0
14318,0.9678542528486567,0
14319,0.9149470535937398,0
14320,0.9923833306183149,0
14321,0.9883461751672341,0
14322,0.7049468917442293,1
14323,0.806036624557916,0
14324,0.5151482604913336,1
14325,1.0,1
14326,0.5316948639224861,0
14327,0.9999997386631837,1
14328,0.9079392520926791,0
14329,0.9066687385654971,1
14330,0.9138333022911184,0
14331,0.7739448166990263,0
14332,0.977879929816252,0
14333,0.7965484580055106,1
14334,0.9999735359381179,1
14335,0.9768972972575102,0
14336,0.9885406492456994,0
14337,0.950720813404725,0
14338,0.8611756267085331,0
14339,0.7986331653082424,0
14340,0.9771862002128221,0
14341,0.9993528050299,1
14342,0.9595329260793618,1
14343,0.999999982102337,1
14344,0.9018825690955751,1
14345,0.9122835731440159,0
14346,0.9899737471167195,0
14347,0.9800624128850498,0
14348,0.8492202746965689,1
14349,0.9999771177757739,1
14350,0.9605985539479903,0
14351,0.9999951309763189,1
14352,0.6884597097587617,0
14353,0.9302299548392288,0
14354,0.8814944874786746,0
14355,0.9788783890138316,0
14356,0.9893168540984574,0
14357,0.9776595598511253,0
14358,0.9874709111046561,0
14359,0.8538771990922598,0
14360,0.8678927647571918,1
14361,0.5671349819990722,1
14362,0.9574308392740503,0
14363,1.0,1
14364,0.8124060622918801,0
14365,0.9779153727042129,0
14366,0.9571805618423463,0
14367,0.9197836491869374,0
14368,0.837666133649435,0
14369,0.9895931031581238,0
14370,0.9864117475067755,0
14371,0.5971427961692113,1
14372,0.799986898133831,0
14373,0.8942460826385709,0
14374,0.8905560136422285,0
14375,0.9997957103893137,1
14376,0.6666228314713956,1
14377,0.9705607684094218,0
14378,0.8053886269448449,1
14379,0.9998185082942103,1
14380,0.9234895629441906,1
14381,0.9393919045163004,0
14382,0.5367793669898592,1
14383,0.9033478510330735,0
14384,0.9914396265631904,0
14385,0.9875482765789068,0
14386,0.9911388252329576,0
14387,0.9528870601299005,1
14388,0.9995648216107591,1
14389,0.8882928302417761,0
14390,0.9411128534773144,0
14391,0.9820560467532472,0
14392,0.9999992402425799,1
14393,0.8871599745303487,0
14394,0.9844785257761001,0
14395,0.9599894158516473,0
14396,0.9764079329449137,0
14397,0.9999951173687295,1
14398,0.9999723291978291,1
14399,0.9745145724501555,0
14400,0.9516701956437411,0
14401,0.5924186346370168,0
14402,0.9645114214112314,0
14403,0.9565183957733027,1
14404,0.9819452345605504,0
14405,0.9877964101867883,0
14406,0.891242565078089,0
14407,0.9999999995514259,1
14408,0.6004259101949988,1
14409,0.6837871812549892,1
14410,0.9901966877663283,0
14411,0.9906249968374248,0
14412,0.9905132663960411,0
14413,0.9662243054361099,0
14414,0.5481465045212935,1
14415,0.9114880516408315,0
14416,0.9991354667979151,1
14417,0.9999999874750839,1
14418,0.991537824937628,0
14419,0.9872130404426968,0
14420,0.5343245483817797,1
14421,0.9451044098806594,0
14422,0.9115630422221918,1
14423,0.7197240590149574,0
14424,0.935061902559498,1
14425,0.7732596371900579,1
14426,0.9769124614915512,0
14427,0.7094242895237097,0
14428,1.0,1
14429,0.9970878162465817,1
14430,0.9720442576718602,1
14431,0.7619224030372266,0
14432,0.5850940024236467,1
14433,0.8530658174029555,1
14434,0.5837581012780907,0
14435,0.9897298566933971,0
14436,0.8622497610567653,0
14437,0.7216813084127696,0
14438,0.8677862508653548,0
14439,0.805471313534397,0
14440,0.9999999999905063,1
14441,0.8965680720788605,0
14442,0.999997586669588,1
14443,0.802875268384933,1
14444,0.5709350478968084,0
14445,0.9992294365248355,1
14446,0.9848192828088522,0
14447,0.979900550482727,1
14448,0.8894950131904249,1
14449,0.9901477258028415,0
14450,0.9365528846886593,0
14451,0.8925463815751282,0
14452,0.7093304735099489,0
14453,0.5846507505196046,0
14454,0.9060001027967158,0
14455,0.9817492615646727,0
14456,0.9985416694920577,1
14457,0.9854620382604158,0
14458,0.6588422324449938,0
14459,0.8067636797080677,0
14460,0.9356670093202164,0
14461,0.9325465991165807,0
14462,0.9999999992811206,1
14463,0.990376833766331,1
14464,0.5208172085959479,0
14465,0.9999999999999991,1
14466,0.9840675450146241,0
14467,0.9882768734973758,1
14468,0.9985934188968736,1
14469,0.8792103684087638,0
14470,0.9999999999999925,1
14471,0.8584654712388642,0
14472,0.9831032606521442,0
14473,0.8962952160777365,1
14474,0.9808206190119785,0
14475,0.6686410779355617,1
14476,0.7738468483716984,0
14477,0.5758994200141283,0
14478,0.9999999999443947,1
14479,0.9872359145378761,0
14480,0.9669184453381146,0
14481,0.6176026109612597,1
14482,0.907958882358727,1
14483,0.9808246502714796,0
14484,0.9681025769892408,0
14485,0.9497890572837191,0
14486,0.9901743625113523,0
14487,0.9643076841581334,0
14488,0.9921855944116817,0
14489,0.9516659381133488,0
14490,0.9743469098107145,0
14491,0.9227184143197223,0
14492,0.9999996861681142,1
14493,0.9999998645467877,1
14494,0.9613416628650645,0
14495,0.9668853347531249,0
14496,0.9596565821831371,1
14497,0.5395865993473281,1
14498,0.9999999932511603,1
14499,0.9896570601833523,0
14500,0.80693256829257,0
14501,0.5212804490733841,0
14502,0.9881234489800661,0
14503,0.971496120448223,0
14504,0.662300945874152,1
14505,0.6791941825538749,0
14506,0.527526980908585,0
14507,0.990205238112898,0
14508,0.9999999999934688,1
14509,0.5999261943941548,0
14510,0.9759043690026862,0
14511,0.9921374857490876,0
14512,0.9999999996732432,1
14513,0.9867540899751543,0
14514,0.9955232293115291,0
14515,0.9421506749370436,0
14516,0.5013826235477181,0
14517,0.7925612900435861,0
14518,0.6884575025188753,0
14519,0.9881012931927917,0
14520,0.9999993308847939,1
14521,0.5680625548843192,1
14522,0.9934452931004736,0
14523,0.8942174850058027,0
14524,0.9052580505615359,0
14525,0.9999996629299903,1
14526,0.9999999999999993,1
14527,0.5979020610260408,0
14528,0.8396126287121705,0
14529,0.9536773265357305,0
14530,0.7351902612943175,0
14531,0.9782592784978733,0
14532,0.9999999168246009,1
14533,0.9919552065632347,1
14534,0.9041072834156624,0
14535,0.8446634243629891,0
14536,0.9486286597266185,0
14537,0.9922153768707301,0
14538,0.9663164641470378,0
14539,0.9999844458934117,1
14540,0.9933197260689376,1
14541,0.9713104677493853,0
14542,0.9996720574252045,1
14543,0.9070524781867519,1
14544,0.9206039176681493,0
14545,0.9118864123473995,0
14546,0.8076938118251152,1
14547,0.9067570491782089,1
14548,0.7988068120923547,1
14549,0.9574281287308625,0
14550,0.5509192267634506,1
14551,0.9742026453735145,0
14552,0.5087103450735759,1
14553,0.9860441388802624,0
14554,1.0,1
14555,0.988342286380561,0
14556,0.9624715433298252,0
14557,0.9340791513260999,0
14558,0.7054118493138134,0
14559,0.7111795444620547,1
14560,0.9736097360032874,0
14561,0.9989988826128658,1
14562,0.9914712783526197,0
14563,0.9028625813789232,0
14564,0.9411308891404621,1
14565,0.7876803182185481,0
14566,0.9794731608131961,0
14567,0.9449814346595008,0
14568,0.9999877734442614,1
14569,0.9921720935506124,0
14570,0.9725323511377981,0
14571,0.9476423890784504,0
14572,0.9998059846417298,1
14573,0.9969637300789191,1
14574,0.9921874127902702,0
14575,0.9999637898834335,1
14576,0.9531960585233265,0
14577,0.9913225861299276,0
14578,0.9152921923338334,1
14579,0.9826570766608127,0
14580,0.9332950993647883,0
14581,0.955182500287557,0
14582,0.9926442255857291,0
14583,0.9811966570038871,0
14584,0.9920914036515327,0
14585,0.9894323827531237,0
14586,0.9991844184250529,1
14587,0.7155163478099176,1
14588,0.8624135830915929,0
14589,0.9718766004439381,0
14590,0.9753758670988802,0
14591,0.9525237963630101,0
14592,0.9998467274539322,1
14593,0.9859624632882414,1
14594,0.962146176974217,0
14595,0.9999985753146664,1
14596,0.9889153335738192,1
14597,0.9999999054421345,1
14598,0.5921637777155163,0
14599,0.9565510960632603,0
14600,0.8135083702146536,0
14601,0.6535095112054694,1
14602,0.8230260700459135,1
14603,0.8261947388338657,0
14604,0.986298522815399,1
14605,0.9423934223360164,1
14606,0.8997633669753053,1
14607,0.9952986423320687,1
14608,0.9651769153009858,0
14609,0.9188504718027029,0
14610,0.529240052102974,1
14611,0.8171475216595178,0
14612,0.868962505495154,0
14613,0.9999355572971165,1
14614,0.9999762770235587,1
14615,0.9996685819324175,1
14616,0.9999462565067345,1
14617,0.6474844916072799,1
14618,0.7492812223677499,0
14619,0.7026854649305136,1
14620,0.9117018386600292,1
14621,0.7728791339121073,1
14622,0.8868597956501535,0
14623,0.9999999999963096,1
14624,0.6980581296219565,0
14625,0.8235689095967745,1
14626,0.7782514072085042,0
14627,0.9731718633962121,0
14628,0.6896269422877856,0
14629,0.9445729664966904,0
14630,0.976052625299906,1
14631,0.5174793882333943,0
14632,0.874388907622557,0
14633,0.9721555390109741,0
14634,0.9895973894265704,0
14635,0.9761461973714486,0
14636,0.9260704580260192,0
14637,0.9928690188534556,0
14638,0.8925460715100947,0
14639,0.9743125594962501,0
14640,0.8103852452506448,0
14641,0.9508497423963167,0
14642,0.8465319577697343,0
14643,0.905240736548191,0
14644,0.8600285466096038,1
14645,0.8246011439033248,0
14646,0.9652811320599588,1
14647,0.8376606315410414,1
14648,0.9633110202116683,0
14649,0.9999999849874087,1
14650,0.9919032022795292,0
14651,0.9583792622056706,0
14652,0.8935467241271446,0
14653,0.9477546384363991,0
14654,0.6822166802537553,0
14655,0.9273218542896442,0
14656,0.7342634015596612,0
14657,0.6743401210380778,1
14658,0.5672900783684791,1
14659,0.9318196085020862,0
14660,0.9200584182622591,0
14661,0.7999249783403353,0
14662,0.9889763173182686,0
14663,0.991958763047538,0
14664,0.9916081696311654,0
14665,0.9280846903072615,0
14666,0.9770348194390461,0
14667,0.9791390801833363,0
14668,0.7589087147209814,1
14669,0.9615922607842854,0
14670,0.5395071733895765,1
14671,0.7465989519195922,1
14672,0.6051096068058954,1
14673,0.9799675664576156,0
14674,0.8864366395461856,0
14675,0.9924518329024118,1
14676,0.9998843011347379,1
14677,0.9832471125022725,0
14678,0.6521563835548326,0
14679,0.972171706610806,0
14680,0.9910560415971149,0
14681,0.9853589442008127,0
14682,0.971050707913739,0
14683,0.8965724193147383,0
14684,0.926609576560626,1
14685,0.9773199648933836,0
14686,0.9797490375544632,0
14687,0.9856626373290479,0
14688,0.9978233699669495,1
14689,0.9670023937755085,0
14690,0.6217745191903821,0
14691,0.9738707199696255,0
14692,0.938235378316873,0
14693,0.6231009268388167,0
14694,0.9011288553893062,0
14695,0.9999999999729994,1
14696,0.9869666906672414,0
14697,0.9925745898124386,0
14698,0.9867533920110046,0
14699,0.9563583315217253,0
14700,0.961574517594157,0
14701,0.9996644647456245,1
14702,0.952871414354458,1
14703,0.9792108758615808,0
14704,0.963840294991645,0
14705,0.6502093370114286,1
14706,0.9820140530409593,0
14707,0.939908122198591,0
14708,0.9803028690184533,0
14709,0.9999985330900903,1
14710,0.9921465371437844,0
14711,0.9446220377725721,0
14712,0.984999745733704,0
14713,0.971976598669668,0
14714,0.9870489965962053,0
14715,0.974543042807969,0
14716,0.8842966033829237,1
14717,0.9740564856677276,0
14718,0.5038666116299448,0
14719,0.9996061117923771,1
14720,0.9999989702243934,1
14721,0.9874817706767436,0
14722,0.54398718327684,0
14723,0.9804582428912176,0
14724,0.9194053110418728,0
14725,0.9999999815524332,1
14726,0.9151184571064364,0
14727,0.958231356752398,0
14728,0.8622610003761895,0
14729,0.9763195920150762,0
14730,0.8530617136596702,0
14731,0.8818497133504138,0
14732,0.972868968402507,0
14733,0.9882114746831786,0
14734,0.9716799373367586,0
14735,0.9604394384745167,0
14736,0.9874432784476038,0
14737,0.8692842882625584,1
14738,0.9606483256015845,1
14739,0.9926994986263655,0
14740,0.9406781335871479,0
14741,0.9829080490835268,0
14742,0.9307909391824494,0
14743,0.9999815910103038,1
14744,0.7080563804399278,1
14745,0.9421768070218307,0
14746,0.8778402849840965,0
14747,0.8436441445747765,0
14748,0.9775001442631944,0
14749,0.8430491262082882,0
14750,0.9152951539925251,0
14751,0.9996529750374135,1
14752,0.6156201157704924,0
14753,0.985288306246301,0
14754,0.9894969282240037,0
14755,0.912497361357703,0
14756,0.9796394601313431,0
14757,0.9502081744541204,1
14758,0.9366173101979318,0
14759,0.9999876807608541,1
14760,0.9873313326912815,0
14761,0.9648374151536001,0
14762,0.9996287379963593,1
14763,0.953366048354672,0
14764,0.6691431016923921,1
14765,0.9998824662509328,1
14766,0.999998677507617,1
14767,0.8051208870668373,0
14768,0.9987256000810103,1
14769,0.76112372685926,0
14770,0.9883726480417248,0
14771,0.9817512464312841,0
14772,0.9279351524483982,1
14773,0.9473409206878114,0
14774,0.9820888316505894,0
14775,0.9999999993743436,1
14776,0.882738067552409,0
14777,0.9943020324418498,0
14778,0.9942895306229171,0
14779,0.9713076844911644,0
14780,0.982711421039184,0
14781,0.9127686746355894,0
14782,0.9213997327478411,0
14783,0.9821355672574916,0
14784,0.9376106814267164,1
14785,0.9983069807254137,1
14786,0.9938651909729391,0
14787,0.999999999776328,1
14788,0.8645302474567949,0
14789,0.6328403811184303,1
14790,0.9905266541702682,0
14791,0.9902716354469843,0
14792,0.5855430654321585,1
14793,0.8430874486297223,1
14794,0.9909553009100471,1
14795,0.9824949859307914,0
14796,0.9108164799706661,0
14797,0.8841560452066004,0
14798,0.9513763892169128,1
14799,0.9875354721116844,0
14800,0.990966299117093,0
14801,0.9585624208980305,0
14802,0.9657150134099968,0
14803,0.5854362428764409,0
14804,0.9607383224773216,0
14805,0.9835792188913153,1
14806,0.8598922006443076,1
14807,0.9319992745872588,0
14808,0.9876047859587637,0
14809,0.7091801630854453,1
14810,0.9919206411437669,0
14811,0.5006182921726761,0
14812,0.9400326927123805,1
14813,0.7732337357718433,0
14814,0.991792131662904,0
14815,0.9965131540662627,1
14816,0.9661688550493999,1
14817,0.9796155844842093,1
14818,0.9921078344703883,0
14819,0.9999972807877877,1
14820,0.9999914736714952,1
14821,0.5501430512161379,0
14822,0.9776686496743157,0
14823,0.9815623702257593,0
14824,0.7534311938499225,1
14825,0.9997525850717045,1
14826,0.9661708120390364,0
14827,0.7299717753029161,1
14828,0.7010234325343484,0
14829,0.9598338005159511,0
14830,0.9914854041878111,0
14831,0.9913584104996422,0
14832,0.6847420287973742,0
14833,0.9734709522730434,0
14834,0.9925360887334325,0
14835,0.9496374021389459,0
14836,0.9688915178130321,0
14837,0.9653422766394248,0
14838,0.9774608842754732,0
14839,0.6153187560192894,1
14840,0.9184024497317551,0
14841,0.7622061481390868,1
14842,0.9999999992579358,1
14843,0.9993456430911809,1
14844,0.9522463172729524,0
14845,0.9979545894489563,1
14846,0.9962362849631201,1
14847,0.9803802379018842,0
14848,0.9391344904859334,0
14849,0.9890744293072404,0
14850,0.9730412469758889,0
14851,0.8101016669069397,0
14852,0.5927240877676839,0
14853,0.9222012305897473,0
14854,0.9478245936519439,0
14855,0.6724248864515441,0
14856,0.9858404889484021,0
14857,0.9212743605244559,0
14858,0.9793477877767358,0
14859,0.7507818635685349,0
14860,0.6430271987336247,0
14861,0.7904143794413256,0
14862,0.914822732398423,0
14863,0.9885709843643498,0
14864,0.9916423271510589,0
14865,0.9702705649023283,0
14866,1.0,1
14867,0.7267629566668006,0
14868,0.9147243816082542,0
14869,0.5618476808271982,0
14870,0.7436128379584906,0
14871,0.5371593479361542,0
14872,0.9710247695417537,0
14873,0.9999928174615876,1
14874,0.767139125187545,1
14875,0.9332269799052717,0
14876,0.9616273465156145,1
14877,0.9691444680288611,0
14878,0.6359155553438333,0
14879,0.8908232225469649,1
14880,0.9400629849012304,1
14881,0.5460959248838136,1
14882,0.6960766857688951,0
14883,0.9955232293115291,0
14884,0.5471264765352399,0
14885,0.7064315996165,1
14886,0.9490324665004551,1
14887,0.9999998802183588,1
14888,0.9826211067574921,0
14889,0.9676695195758814,0
14890,0.5052575537940026,1
14891,0.9756654289137661,0
14892,0.7179193293867295,0
14893,0.9998699128800965,1
14894,0.990307802218164,0
14895,0.984532692847149,0
14896,0.5064956659046121,0
14897,0.7534303117823953,0
14898,0.9475267048244672,0
14899,0.9761404217416635,1
14900,0.8880016348578385,0
14901,0.7721572633475585,1
14902,0.9452450379105201,1
14903,0.6989542078135741,0
14904,0.9797133111643667,0
14905,0.5726859335849681,0
14906,0.933938655494309,0
14907,0.7669439426084729,0
14908,0.8878672734048305,0
14909,0.9855756639991713,0
14910,0.9964896289868247,1
14911,0.8040282649511956,0
14912,0.7765261922987232,0
14913,0.9561852326699228,1
14914,0.9833371537078821,0
14915,0.9977421915123185,1
14916,0.836031307188644,1
14917,0.9875114621411973,1
14918,0.7530542009689838,1
14919,0.9873104852520873,0
14920,0.9830589956481772,0
14921,0.944481434097768,0
14922,0.9874963013226254,0
14923,0.8812965762698775,0
14924,0.9884420256210761,0
14925,0.841033090669881,0
14926,0.9955232293115291,0
14927,0.9771721782258213,0
14928,0.9931661582700855,0
14929,0.9362680470308417,0
14930,0.9443621520527087,1
14931,0.7791562040225039,0
14932,0.9993046759419231,1
14933,0.5019041996497858,1
14934,0.9923321599205169,0
14935,0.9999999999999867,1
14936,0.9483815131675711,0
14937,0.9899396973707448,0
14938,0.9048812669279037,0
14939,0.9889135878928158,0
14940,0.9094062566201357,0
14941,0.9661627453998487,0
14942,0.6955472284955792,1
14943,0.9893192746830615,1
14944,0.897949703698413,1
14945,0.9578064008045954,1
14946,0.9465383533457716,0
14947,0.9511136954705636,0
14948,0.9816293967452301,0
14949,0.9509273364009804,0
14950,0.7804765365547264,0
14951,0.9862600960674428,0
14952,0.9867596329655305,0
14953,0.8072216920837634,0
14954,0.920688852967539,0
14955,0.9039502728979559,0
14956,0.9840656411201882,0
14957,0.5243144063190873,1
14958,0.991601359722566,0
14959,0.9902868500190692,0
14960,0.9760872171881662,0
14961,0.7487169198905294,1
14962,0.8557712051434144,1
14963,0.8580608232586642,1
14964,0.7580387495629153,0
14965,0.979193820872549,0
14966,0.945590678334436,0
14967,0.8850626325775485,0
14968,0.9346017100150861,0
14969,0.85742604555622,0
14970,0.8141569220579452,0
14971,0.9999691335858825,1
14972,0.9858221641781308,0
14973,0.9928007213793234,0
14974,0.9999999999999991,1
14975,0.9803384380007935,0
14976,0.7962502791055895,0
14977,0.9327282165802956,0
14978,0.9596834789662751,0
14979,0.9749399340450181,0
14980,0.9166282264434511,0
14981,0.9814376118663524,0
14982,0.529765593624719,1
14983,0.974820777121205,0
14984,0.8612272625788733,0
14985,0.9740247004145245,1
14986,0.9999999999593159,1
14987,0.9547978365028272,0
14988,0.8882139463739571,0
14989,0.9567586804569062,0
14990,0.8193383921161167,0
14991,0.9439399137027006,1
14992,0.691934423019533,0
14993,0.9999999068589757,1
14994,0.9661172789911485,0
14995,0.9799944951933861,0
14996,0.9780827787417458,1
14997,0.982997902457087,0
14998,0.9756815089924221,0
14999,0.7799458394586113,0
15000,0.9652824330792886,0
15001,0.9519529817920389,1
15002,0.9999016141587689,1
15003,0.9885908945090921,0
15004,0.9023705911115868,0
15005,0.9270985848222777,0
15006,0.9608507783292669,1
15007,0.9858924778396997,0
15008,0.7949987809466736,0
15009,0.9569009390781411,0
15010,0.9586017966145407,0
15011,0.9322275300220922,0
15012,0.9934428025967202,0
15013,0.8914145746162608,1
15014,0.9276134500589676,1
15015,0.7116642611625716,1
15016,0.9795793868557863,0
15017,0.9257633102721792,0
15018,0.9806177096793433,0
15019,0.9999999999617872,1
15020,0.8630437137618577,0
15021,0.9715301561675166,0
15022,0.9912379116162009,0
15023,0.9928133722352557,1
15024,0.9928597855102242,0
15025,0.9848443130440357,0
15026,0.9829923202235594,0
15027,0.9912148067448896,0
15028,0.9769528275892332,0
15029,0.987125621022983,0
15030,0.9694827188901175,1
15031,0.8639445610155858,0
15032,0.9892861059932931,0
15033,0.9637411569807548,0
15034,0.7127081749225335,1
15035,0.8398166151475283,0
15036,0.9840281129862787,0
15037,0.9984288174273032,1
15038,0.6184393740674805,1
15039,0.9188987994111727,0
15040,0.9158431368226402,0
15041,0.6710104377432146,1
15042,0.9999999993289999,1
15043,0.9751962996294389,0
15044,0.9888051742075562,0
15045,0.8981810274548964,0
15046,0.9657434700350697,0
15047,0.9759178546790755,0
15048,0.5855430654321585,1
15049,0.5421173614768258,1
15050,0.5352709153412648,0
15051,0.9999934629952951,1
15052,0.972899943116279,0
15053,0.9773276893063653,0
15054,0.980113431548831,0
15055,0.9918887311184491,0
15056,0.9705360468802753,0
15057,0.9211424326701672,0
15058,0.9625047954728708,0
15059,0.8825799996746516,0
15060,0.5495655621936153,0
15061,0.9654362339929244,0
15062,0.5731834392152422,1
15063,0.9789045436588559,0
15064,0.8776315132443736,0
15065,0.8627333283212124,0
15066,0.9974947572096752,1
15067,0.8768249744738378,0
15068,0.6491835616195952,1
15069,0.8380567926483458,0
15070,0.9911388252329576,0
15071,0.8739540010479158,0
15072,0.566137380968684,0
15073,0.9411643309099229,0
15074,0.9789740991118011,1
15075,0.978893091501138,0
15076,0.9905242829536262,0
15077,0.83312376874882,0
15078,0.9999999996347748,1
15079,0.9999998505250863,1
15080,0.985504686555649,0
15081,0.9854766873162657,0
15082,0.9278723828102684,0
15083,0.9523680260735021,0
15084,0.8289968548087844,1
15085,0.587635714678561,1
15086,0.8985354296945508,0
15087,0.9998717028192193,1
15088,0.9908969669168428,0
15089,0.8287889387880542,0
15090,0.9384120845820864,1
15091,0.8954078685106469,0
15092,0.9918334075676296,0
15093,0.9888939496230459,0
15094,0.7249703238537236,1
15095,0.9125015045460342,1
15096,0.8463435854306156,0
15097,0.978350148196461,0
15098,0.9995357937745477,1
15099,0.9884832024889307,0
15100,0.98360138730615,0
15101,0.9999995637228275,1
15102,0.9866536731381113,0
15103,0.9828514539313828,0
15104,0.5673842983333285,0
15105,0.9921381464516785,0
15106,0.940122639053307,1
15107,0.9999999982243635,1
15108,0.99981662228747,1
15109,0.5476591729352364,0
15110,0.9999999942421431,1
15111,0.9686285752152864,1
15112,0.8858770054929519,0
15113,0.59310887089124,0
15114,0.9901031547781397,0
15115,0.9876744073050319,0
15116,0.9860057254240389,0
15117,0.8767351733859662,0
15118,0.8843197091701556,0
15119,0.9999767400405193,1
15120,0.9858614313063008,0
15121,0.9702154314878403,0
15122,0.9873734463591185,0
15123,0.5688492495643632,0
15124,0.9878341837556129,0
15125,0.9821469662982693,0
15126,0.9768262868661489,0
15127,0.9125784209265243,1
15128,0.9273085751795141,1
15129,0.9762463698035404,0
15130,0.9436359776075134,0
15131,0.7878202543801944,0
15132,0.7291854050106368,0
15133,0.6965450008046381,0
15134,0.8968873080979397,1
15135,0.758399819343895,1
15136,0.7581298390574934,1
15137,0.6773999017319975,1
15138,0.9558814323449021,0
15139,0.9858838041498345,0
15140,0.6769250700923213,1
15141,0.8133353493239467,0
15142,0.9920931471897633,0
15143,0.8337897993346799,0
15144,0.989267373801969,0
15145,0.9402404519712555,0
15146,0.8680479362004667,0
15147,0.978879713673839,1
15148,0.8705197922748127,0
15149,0.9333208660466626,0
15150,0.9744805292110968,0
15151,0.9812279014836348,0
15152,0.9919835164682398,0
15153,0.9991357366077782,1
15154,0.8793308940572206,0
15155,0.9651308205249441,0
15156,0.6964104387831571,1
15157,0.9643881672820477,1
15158,0.8487169504717738,1
15159,0.9432394313271569,1
15160,0.985146097676136,0
15161,0.8312417456462493,0
15162,0.8953184591470749,0
15163,0.9999999999999889,1
15164,0.9999125176884165,1
15165,0.9120851085543817,0
15166,0.9999047656190513,1
15167,0.9999999779740576,1
15168,0.8876515093825339,0
15169,0.9880828878733552,0
15170,1.0,1
15171,0.9202344107473678,0
15172,0.8719435444557019,0
15173,0.9999370164717444,1
15174,0.9813496767593404,1
15175,0.9687550654812849,0
15176,0.9645379854560933,0
15177,0.830992356023273,1
15178,0.9999715475011637,1
15179,0.9286579908841868,0
15180,0.9981929304683682,1
15181,0.9999999951828769,1
15182,0.5428759792356226,1
15183,0.8915010364057901,0
15184,0.9066162090900258,0
15185,0.8821747101735377,0
15186,0.7638886449408584,0
15187,0.9689258048216872,0
15188,0.7496119436641445,0
15189,0.9810227044000277,0
15190,0.8652140865442504,0
15191,0.9801527872355839,0
15192,0.9249546900389957,0
15193,0.9846650171460891,0
15194,0.9959032388204209,1
15195,0.5393613056820377,1
15196,0.8892094765514391,0
15197,0.8939922493549431,0
15198,0.5967162911310515,0
15199,0.9786024365653095,0
15200,0.9487655492917776,0
15201,0.5343600034174203,1
15202,0.6149608217034347,1
15203,0.7348315487184819,0
15204,0.777427561027788,0
15205,0.9459214641164037,0
15206,0.9963779916949834,1
15207,1.0,1
15208,0.9993020107983699,1
15209,0.9993988498334447,1
15210,0.9837271889267435,0
15211,0.9827588665554149,0
15212,0.982806560703463,0
15213,0.839914434454065,0
15214,0.8234813807351726,1
15215,0.8727863899353008,0
15216,0.9032077706422239,1
15217,0.9867561806848261,0
15218,0.9807563242668041,0
15219,0.9902248805033611,0
15220,0.9893086874825304,0
15221,0.6631401321583335,1
15222,0.981304890505959,0
15223,0.9825579384175094,0
15224,0.9846092923554569,0
15225,0.9907036649273533,1
15226,0.9999857179147429,1
15227,0.9983563704575256,1
15228,0.9713313133467758,0
15229,0.9514906662691974,0
15230,0.9794091532067121,0
15231,0.53118001438106,1
15232,0.8109434070279554,0
15233,0.9705642647949684,0
15234,0.7305886575895598,0
15235,0.5245463324019813,1
15236,0.9940567812060253,0
15237,0.8140606951265362,0
15238,0.9999845785190818,1
15239,1.0,1
15240,0.9902323633674405,0
15241,0.9962060363791723,1
15242,0.9734214614691252,1
15243,0.9299212219627371,0
15244,0.9822616815880616,0
15245,0.8562107653421096,0
15246,0.8572726907566062,0
15247,0.9719123910435561,0
15248,0.7318483100555273,0
15249,0.989226599919549,0
15250,0.9764114383947591,1
15251,0.9397528125251403,0
15252,0.9688790699982219,0
15253,0.8130529910776532,0
15254,0.511870286764518,1
15255,0.999999700416677,1
15256,0.9730050423653583,0
15257,0.9689397730682807,0
15258,0.9909169653405739,0
15259,0.941696360943723,0
15260,0.7477677387225569,0
15261,0.983588231630764,0
15262,0.860353082279661,0
15263,0.9999999999480906,1
15264,0.952257193240347,0
15265,0.8388641050815664,0
15266,0.9712379393969442,0
15267,0.9255062505464018,0
15268,0.9611443843526056,1
15269,0.9813890381332381,0
15270,0.727472955678946,1
15271,0.930100715611657,1
15272,0.8908045162671591,0
15273,0.9367878795766604,0
15274,0.8954115125731648,1
15275,0.9878668403400523,0
15276,0.6230129490620694,1
15277,0.9409490478043855,0
15278,0.9582886637821026,0
15279,0.9860364718863593,0
15280,0.9735949218711106,0
15281,0.8608055273878644,0
15282,0.9890539111663852,1
15283,0.9879034513576732,0
15284,0.99021240318419,1
15285,0.9999999957399437,1
15286,0.8687014700361306,1
15287,0.9971422522131258,1
15288,0.989567156953222,0
15289,0.9082444370260095,0
15290,0.9906456339365488,0
15291,0.9403253360980449,0
15292,0.9641564595186636,0
15293,0.9713342943151038,0
15294,0.682212393039216,0
15295,0.9989775720336139,1
15296,0.5031005772831314,1
15297,0.9917616041314394,0
15298,0.9769800543172721,0
15299,0.7798434631309785,0
15300,0.8906729535039223,0
15301,0.5302975898152499,0
15302,0.9998896355869328,1
15303,0.9919210891825436,0
15304,0.5174813571255945,1
15305,0.9996436556852603,1
15306,0.5547860491665239,0
15307,0.990474474899038,0
15308,0.9999999999954012,1
15309,0.9911266724477938,0
15310,0.9999886594410313,1
15311,0.9207398061732438,1
15312,0.9905174149925964,1
15313,0.9302367228769667,1
15314,0.9858542261393145,0
15315,0.938960910264846,0
15316,0.567023737907029,1
15317,0.9949566254178093,1
15318,0.8923701880279381,0
15319,0.8967346022954553,0
15320,0.9553503066895414,0
15321,0.8041236457862762,0
15322,0.999970629945031,1
15323,0.6370804298520453,1
15324,0.9879498153688686,0
15325,0.9915429903415635,0
15326,0.9893023019987529,0
15327,0.8409777042631964,1
15328,0.9797691462485444,1
15329,0.7945554325454958,0
15330,0.9837948359492961,1
15331,0.9802683830654956,0
15332,0.9984427891101844,1
15333,0.9220098282891063,0
15334,0.5817774993731525,0
15335,0.9921409929291447,0
15336,0.9882410812646188,0
15337,0.9654513366587283,1
15338,0.9853851936599918,0
15339,0.8187657983008509,0
15340,0.8990369195047452,1
15341,0.9481952021695489,0
15342,0.5580246235095119,0
15343,0.961970816667837,1
15344,0.6149358975957391,0
15345,0.9900272026196995,0
15346,0.9975450067415838,1
15347,0.9521576202746813,0
15348,0.9437177431587225,0
15349,0.9990753893255867,1
15350,0.7151642879058147,0
15351,0.9522643154417157,0
15352,0.6312125347512777,1
15353,0.8769497241214634,0
15354,0.9143419524090689,0
15355,0.8372736028273695,0
15356,0.9762971633691634,0
15357,0.9834727286386605,0
15358,0.8582060805694208,0
15359,0.9837040621681266,0
15360,0.955955391310646,0
15361,0.9461853234469012,0
15362,0.9334799994965908,0
15363,0.9913114504471383,0
15364,0.9968170696525878,1
15365,0.9219722675927491,0
15366,0.9838449062548013,0
15367,1.0,1
15368,1.0,1
15369,0.946938489983859,0
15370,0.870451513459828,0
15371,0.851389752511519,0
15372,0.9977720351670736,1
15373,0.9946028378474487,1
15374,0.8537222873175522,1
15375,0.7829599672856247,0
15376,0.9710433965700837,0
15377,0.9768419151672084,0
15378,0.9999990620158206,1
15379,0.9240597102068066,0
15380,0.9901662335038847,1
15381,0.9758318194485093,0
15382,0.9994046921768063,1
15383,0.9842899543133449,0
15384,0.9999784572974371,1
15385,0.9308100764031302,1
15386,0.8764506730982675,0
15387,0.8238710601233981,0
15388,0.9999864021472031,1
15389,0.9887565307519027,0
15390,0.8603318987557219,0
15391,0.9882522104518481,0
15392,0.9338912959700684,0
15393,0.9875628168981477,0
15394,0.6177711345193002,1
15395,0.9821577284791305,1
15396,0.9901257606865334,0
15397,0.8809781474799216,0
15398,0.9902486494683419,1
15399,0.9953911987761782,1
15400,0.8046225085288234,1
15401,0.9955371502185938,1
15402,0.9891720209685152,0
15403,0.9908876134613746,0
15404,0.8381858839680395,1
15405,0.9952165412164916,1
15406,0.9374639299871427,1
15407,0.9999999999999711,1
15408,0.76051744597134,1
15409,0.8351537015798828,0
15410,0.999998341874726,1
15411,0.9922562838454287,0
15412,0.9716575469017859,0
15413,0.9474183430297666,0
15414,0.6797588872634335,1
15415,0.9261562605801276,0
15416,0.8903984949432413,0
15417,0.999303414167021,1
15418,0.8800032848537628,0
15419,0.9924464535311152,0
15420,0.94154501939132,0
15421,0.9113754411958609,0
15422,0.9901858946414366,0
15423,0.969745348086096,0
15424,0.9470574251740582,0
15425,0.5117215666547655,1
15426,0.9380085672477607,0
15427,0.9844041117871883,0
15428,0.9527390226441915,0
15429,0.9999974455836514,1
15430,0.7123474941845178,0
15431,0.8331721814282538,0
15432,0.8124972597263732,0
15433,0.937223051928015,0
15434,0.9687869640949164,0
15435,0.9859407000142579,0
15436,0.9843193177440299,0
15437,0.9059904534781351,0
15438,0.9528873500444286,0
15439,0.7884036181925869,0
15440,0.9928754028480403,0
15441,0.9999876848827948,1
15442,0.9724224007814083,0
15443,0.9815810657652744,0
15444,0.9902135495688296,0
15445,0.5350855840196198,0
15446,0.8901133581883273,0
15447,0.9813734304403771,0
15448,0.9721470249294736,0
15449,0.9877212167761108,0
15450,0.9633988055836598,0
15451,0.9872039416840086,0
15452,0.9687996120855925,0
15453,0.955224850317703,0
15454,0.9744651175164013,0
15455,0.9958033502158903,1
15456,0.9286991616553129,0
15457,0.9844820468831705,0
15458,0.969600136743541,0
15459,0.881671433196973,0
15460,0.9778034879154193,0
15461,0.9369310486673957,0
15462,1.0,1
15463,0.9556468008880092,0
15464,0.9988998903916322,1
15465,0.9999999999999751,1
15466,0.9999143893065052,1
15467,0.9535326245456731,0
15468,0.9757737905676495,0
15469,0.7871293729356367,0
15470,0.9744531802738902,1
15471,0.9614528373175879,0
15472,0.9740160048019301,0
15473,0.9959718145037044,1
15474,0.8855436624450125,0
15475,0.9331769744301436,0
15476,0.8617020471491698,0
15477,0.6934472130799011,0
15478,0.9728880294724467,0
15479,0.9540197318219,1
15480,0.5944766739097815,0
15481,0.9817399247152885,0
15482,0.6139527805030623,1
15483,0.9788714817169292,0
15484,0.9695840014919492,0
15485,0.5956304962477601,0
15486,0.685714801412273,1
15487,0.9824110914060453,0
15488,0.9042722968452103,1
15489,0.9404927727976529,0
15490,0.9759548254002006,0
15491,0.5051909097631923,0
15492,0.9850401513588708,0
15493,0.9852927621448967,0
15494,0.9999694981368904,1
15495,0.5059084875865771,0
15496,0.7552409994339354,1
15497,0.8924167224775209,0
15498,0.5464575532139789,1
15499,0.9999982500478453,1
15500,0.8657629488077573,0
15501,0.8456396684026724,0
15502,0.9856703828944712,0
15503,0.5129725452493771,1
15504,0.9024772273455799,1
15505,0.9999999621549354,1
15506,0.9890911835110318,0
15507,0.9752645163168108,0
15508,0.8135179658694298,1
15509,0.9999999097135507,1
15510,0.8698431786713031,0
15511,0.5582911393363075,1
15512,0.9393848662344289,0
15513,0.9264392724064926,0
15514,0.5095437607405913,1
15515,0.9999998466538502,1
15516,0.5437984043254468,1
15517,0.9171894597362988,0
15518,1.0,1
15519,0.999200802849745,1
15520,0.9868037568240702,0
15521,0.8837748362434942,0
15522,0.9916312895734083,0
15523,0.913908044157226,0
15524,0.9915199057104006,0
15525,0.9189455234610904,0
15526,0.9888045468959102,0
15527,0.9556253223932996,1
15528,0.9998163386412172,1
15529,0.9575190964334376,0
15530,0.755718332540902,0
15531,0.9998702130734717,1
15532,0.9999999999999178,1
15533,0.9641918715179149,0
15534,0.8185713541445748,0
15535,0.991804686637774,0
15536,0.5015114676188488,0
15537,0.7126045800553541,0
15538,0.6228728317387592,1
15539,0.9999999997525029,1
15540,0.9886462468728098,0
15541,0.9933291292447635,1
15542,0.736414911261428,0
15543,0.5186359253501951,0
15544,0.8571610730831445,1
15545,1.0,1
15546,0.9999971878979492,1
15547,0.9721443814392653,0
15548,0.927301600853482,0
15549,0.9999999999998286,1
15550,0.9959875359683857,1
15551,0.9891721475980076,0
15552,0.9521748128343982,0
15553,0.9913121013811351,1
15554,0.9666203333743278,0
15555,0.9539326125743739,1
15556,0.8734914153219137,1
15557,0.9997786173277793,1
15558,0.6932950161356893,0
15559,0.8449439877544341,1
15560,0.5472146809168569,0
15561,0.843635958260156,0
15562,0.8282573236727774,1
15563,0.9042347042319065,1
15564,0.9799804204590009,0
15565,0.9191885094619716,0
15566,0.8156996514106549,0
15567,0.9793210500171701,0
15568,0.9992453667704505,1
15569,0.9715844741060712,1
15570,0.9918334075676296,0
15571,0.9917966332212946,0
15572,0.9973029505309671,1
15573,0.9453922604164037,0
15574,0.9892601406616802,0
15575,0.9688647835310771,0
15576,0.9999973361218376,1
15577,0.9777452575267487,1
15578,0.9919987600043567,1
15579,0.9850219930896582,0
15580,0.9891791633916455,0
15581,0.8849947313888364,1
15582,0.984661763548703,0
15583,0.5686476914605826,0
15584,0.8580767196015424,0
15585,0.9999882696024582,1
15586,0.9849403589849143,1
15587,0.9895473845386077,0
15588,0.904620007431849,0
15589,0.9209787727049226,0
15590,0.8341014321953658,0
15591,0.650811713792703,1
15592,0.9296754010603685,0
15593,0.8003250313394716,1
15594,0.846988250027379,0
15595,0.8592183726684991,0
15596,0.7808573765727557,0
15597,0.7109351314556063,0
15598,0.9203184834881047,0
15599,0.8853189907906369,0
15600,0.6689332761695831,0
15601,0.9814103255044946,0
15602,0.8032367552677511,0
15603,0.9818510669840775,0
15604,0.9831753395334216,0
15605,0.9720222974577454,0
15606,0.8426264263266817,0
15607,0.9319959291031511,0
15608,0.7146879669758167,0
15609,0.9297367814871921,0
15610,0.9904203644090493,0
15611,0.8839377076982011,0
15612,0.9876309218188223,0
15613,0.9515612626442126,0
15614,0.9818029534628864,0
15615,0.8910644415735552,0
15616,0.9888859484706247,0
15617,0.9998886616769194,1
15618,0.724580921259727,0
15619,0.9273646198085517,1
15620,0.8716353763867427,0
15621,0.9999999981870038,1
15622,0.9999994299554779,1
15623,0.9321374659157828,0
15624,0.9482983859547424,0
15625,0.9840699766639581,0
15626,0.9880243273375418,0
15627,0.6395468706180625,0
15628,0.9877877972571414,0
15629,0.967059039435934,0
15630,0.8246223089163108,1
15631,0.7802397325915744,0
15632,0.7783170144727324,0
15633,0.5070737157438225,1
15634,0.8839228954257362,0
15635,0.9999586219593164,1
15636,0.9920413439242283,0
15637,0.9700470419815792,0
15638,0.9245186043393749,0
15639,0.9892560511565605,0
15640,0.9999999999999871,1
15641,0.898699554686475,0
15642,0.9890634734460013,0
15643,0.9609458682444146,1
15644,0.7153079603334105,1
15645,0.9999999783435107,1
15646,0.9999944841701882,1
15647,0.951314106334259,0
15648,0.9919206411437669,0
15649,0.7148627363374137,0
15650,0.8640472216197639,0
15651,0.7705419438082202,0
15652,0.8291256632051732,0
15653,0.9886724872426123,0
15654,0.933901903048001,1
15655,0.9926902062556939,0
15656,0.982273993178519,0
15657,0.6828584488544988,0
15658,0.9544166651148618,0
15659,0.5159806999015153,0
15660,0.72750544811552,0
15661,0.9905694637638308,0
15662,0.9999945386832138,1
15663,0.9679620183688629,0
15664,0.8901374131200769,0
15665,0.9632573822045738,0
15666,0.9819585841649255,0
15667,0.9609063647183449,0
15668,0.5406473133658978,0
15669,0.9513450731271184,0
15670,0.9330820761617926,0
15671,0.8598148718190783,0
15672,0.5778420168322739,0
15673,0.988823966296223,0
15674,0.9882808164367113,0
15675,0.9707162879193314,1
15676,0.9814808912622489,0
15677,0.992400442675314,0
15678,0.9911125333655137,0
15679,0.9506639457514189,0
15680,0.9999999999999991,1
15681,0.9463535505745083,0
15682,0.5255891875604968,1
15683,0.9184876726705137,0
15684,0.8514226744451208,0
15685,0.9894731204476811,0
15686,0.9043371448493605,0
15687,0.9931374359846821,0
15688,0.9903629644595772,1
15689,0.9999427658576581,1
15690,0.991958610876626,0
15691,0.9497361093709357,0
15692,0.5368135769745361,0
15693,0.9807805739210322,1
15694,0.98196313155783,0
15695,0.9968047545832581,1
15696,0.9845237898563167,0
15697,0.9904810922578422,0
15698,0.9610801202898194,0
15699,0.9901879117831937,0
15700,0.9525212471991625,0
15701,0.7089211703900684,0
15702,0.9536945549472673,0
15703,0.9996806618143367,1
15704,0.9410026866501149,0
15705,0.9847158901161587,0
15706,0.9805732381594459,0
15707,0.9857218708728014,0
15708,0.9740262241262712,0
15709,0.9652735772422245,0
15710,0.9793161274678501,0
15711,0.5449518362992181,0
15712,0.9056756419389813,1
15713,0.760654416069134,0
15714,0.9221504199245055,0
15715,0.9616044820689561,0
15716,0.7568106735372535,0
15717,0.953000278745135,1
15718,0.548196531823084,1
15719,0.5836690169010401,0
15720,0.8966298844710494,0
15721,0.6192659159184234,0
15722,0.9676132300781652,0
15723,0.999762482724622,1
15724,0.9620906983491806,0
15725,0.8275089035787049,1
15726,0.53182137304324,0
15727,0.999999999969265,1
15728,0.9904269642806205,0
15729,0.5999340139979177,0
15730,0.7231795960810713,0
15731,0.9808543748264317,1
15732,0.9899145471238898,0
15733,0.6951317221947365,0
15734,0.7426192131951411,0
15735,0.7714270361342882,0
15736,0.9393974348962095,0
15737,0.9813150291260696,0
15738,0.9853297576701712,0
15739,0.6647901690525038,1
15740,0.8012106315153721,1
15741,0.9725298705512693,0
15742,0.9701643463885483,0
15743,0.9999880887016587,1
15744,0.8480199720992037,0
15745,0.9579683760144945,0
15746,0.936511726667477,0
15747,0.9176559211386174,0
15748,0.9903660928103877,1
15749,0.7868288694354938,0
15750,0.888620498350672,0
15751,0.9827283159515462,0
15752,0.9855737557423171,0
15753,0.882381980683001,0
15754,0.8149176944017232,0
15755,0.9555833921364253,0
15756,0.9357707192021597,0
15757,0.9870026663956152,0
15758,0.5061803827105125,1
15759,0.6801521385747644,1
15760,0.9999999604292522,1
15761,0.7772602662284147,0
15762,0.5138828680161638,0
15763,0.9738161089193286,0
15764,0.828153737855275,0
15765,0.988208978801444,0
15766,0.9724643351359251,0
15767,0.6537774269763017,0
15768,0.7169267997448338,0
15769,0.9749248564666004,0
15770,0.9619441533042992,1
15771,1.0,1
15772,0.9399564839668643,0
15773,0.6806542329822799,1
15774,0.5663187984519181,0
15775,0.9880738222362194,0
15776,0.9353897394685313,0
15777,0.9055752078267232,1
15778,0.8060247113101564,0
15779,0.963798285665039,0
15780,0.9619779439799737,0
15781,0.9999375032769051,1
15782,0.9624693862867056,0
15783,0.997814527757294,1
15784,0.8683836910401573,1
15785,0.9943804511236147,1
15786,0.9999773658246375,1
15787,0.9654932313189291,0
15788,0.9645611084598174,0
15789,0.8445466834925411,0
15790,0.9998980957752029,1
15791,0.9701959034826737,0
15792,0.9992157265557624,1
15793,0.6513958819131747,1
15794,0.9534766876054259,0
15795,0.8279189505862706,1
15796,0.9845325673864076,0
15797,0.9924469892082981,0
15798,0.9845188235107231,0
15799,0.9869744798435051,0
15800,0.999991434850567,1
15801,0.9086526812798893,0
15802,0.8341556857129746,1
15803,0.9852446947640144,0
15804,0.9350369563150094,0
15805,0.9907301589311514,0
15806,0.798424763724373,0
15807,0.9785909725493944,0
15808,0.9432274764797093,0
15809,0.9997194222436816,1
15810,0.959855820311743,0
15811,0.9955232293115291,0
15812,0.8243366838892646,1
15813,0.9477311660613229,0
15814,0.9927336311422327,0
15815,0.6092440275242965,0
15816,0.9999970409543703,1
15817,0.784567365413822,0
15818,0.5302533146280854,0
15819,0.9856824139539715,0
15820,0.9999999999994107,1
15821,0.5551397350347181,0
15822,0.990907804420865,0
15823,0.7491173611457003,1
15824,0.64410981287797,1
15825,0.8995649886932723,1
15826,0.9774939564228402,0
15827,0.979990891898636,0
15828,0.9886572327488228,0
15829,0.9567246734488213,0
15830,0.9993682790045086,1
15831,0.9913386142460074,0
15832,1.0,1
15833,0.967025415674171,0
15834,0.9594281855940359,0
15835,0.8405990009580299,1
15836,0.9548233011153431,0
15837,0.9140038934204607,0
15838,0.9546758582543435,0
15839,0.8732905634782707,1
15840,0.9204645724100584,0
15841,0.9740842665223369,0
15842,0.9921686169947929,0
15843,0.7476520625985834,0
15844,0.5272813065184109,0
15845,0.7141063448273095,0
15846,0.8885110018201309,0
15847,0.7903085590142969,1
15848,0.9060084931638761,0
15849,0.5256657681055285,0
15850,0.8048001739854513,0
15851,0.8047065859072793,1
15852,0.6946072104909622,0
15853,0.9957996826380912,1
15854,0.9179583413937071,0
15855,0.9410840067973705,0
15856,0.9229739286595933,0
15857,0.9710048910797084,0
15858,0.9386724562126353,0
15859,0.9999999676321011,1
15860,0.9618025835678748,0
15861,0.5178106359813905,0
15862,0.9876683690436936,0
15863,0.8263825532553711,0
15864,0.9001698089046319,0
15865,0.9973141022182556,1
15866,0.9767280034402441,0
15867,0.9996812684824385,1
15868,0.8597777433719467,0
15869,0.9885868404187413,0
15870,0.9938759814348935,0
15871,0.9005607942466524,0
15872,0.9791264472384003,0
15873,0.9419110318520956,0
15874,0.5799735064299967,1
15875,0.989270972760238,0
15876,0.7403362189258558,0
15877,0.980591328150987,0
15878,0.7613483955141583,0
15879,0.9720282458560744,0
15880,0.6735662540948901,0
15881,0.9976137127987114,1
15882,0.9903220516522533,0
15883,0.8968934683637,0
15884,0.9999798040936966,1
15885,0.8189512706307037,0
15886,0.7543872461006202,0
15887,0.8169847833593137,0
15888,0.9892953302103678,0
15889,0.9881786150075134,0
15890,0.9829596973928311,0
15891,0.7678215825335409,1
15892,0.5288635844113297,0
15893,0.8169938520670862,0
15894,0.9970555537888174,1
15895,0.989275804383174,1
15896,0.999999980144558,1
15897,0.9930407836774673,1
15898,0.9991635805419847,1
15899,0.7665585229073825,1
15900,0.9874124935710568,0
15901,0.907104263463239,0
15902,0.9906171307995637,0
15903,0.9985534636018201,1
15904,0.5208463541659282,1
15905,0.9813586460762628,0
15906,0.9787311013553311,0
15907,0.9748291528936387,0
15908,0.8430745736953899,1
15909,0.9176924481198466,0
15910,0.987195256875206,1
15911,0.9813611942282713,0
15912,0.9596295439053161,0
15913,0.946000374263582,0
15914,0.9999687617825292,1
15915,0.693259396100163,0
15916,0.7159254460156639,0
15917,0.8145742482575506,0
15918,0.6002069449657242,0
15919,0.9702710566789997,0
15920,0.9922201275377749,0
15921,0.9909623980425586,0
15922,0.9717145083509832,0
15923,1.0,1
15924,0.924609755092065,0
15925,0.8773367606113497,0
15926,0.8300469323134473,1
15927,0.9794787380267772,0
15928,0.6023877295055625,0
15929,0.8760602887902328,0
15930,0.9921792924968669,0
15931,0.9593527134755622,0
15932,0.5751291481152068,0
15933,0.9999999999999822,1
15934,0.9924441802211708,0
15935,0.9948817829045796,1
15936,0.992784524121739,1
15937,0.9967592375536503,1
15938,0.9999834961548155,1
15939,0.7566680917055612,1
15940,0.7152285313306901,1
15941,0.8446122693507484,0
15942,0.6671118610365675,0
15943,0.8148803152507859,1
15944,0.9999887309856028,1
15945,0.9621963178353471,0
15946,0.9985098780494516,1
15947,0.7524350843987971,0
15948,0.9772213404565847,0
15949,0.9943307561435364,1
15950,1.0,1
15951,0.9864763385307141,0
15952,0.991804686637774,0
15953,0.7498580383373237,1
15954,0.5846228077723191,0
15955,0.9805861355593191,0
15956,0.7413620164211155,0
15957,0.831720355449305,0
15958,0.9921312582056436,1
15959,0.5272628205645051,0
15960,0.7184894362547872,0
15961,0.9864612855936692,0
15962,0.9538272943334376,0
15963,0.9735029819745574,0
15964,0.8859894794716565,0
15965,1.0,1
15966,0.804846780336823,0
15967,0.7788526917223655,0
15968,0.7397757135961033,1
15969,0.5993634884810998,1
15970,0.7709729148590191,1
15971,0.9342259379587231,1
15972,0.8509712533286505,0
15973,0.9258489981084707,1
15974,0.7459143438969726,0
15975,0.6667817052782682,0
15976,0.8778753371733682,0
15977,0.9703549408577533,0
15978,0.9753654600798217,0
15979,0.5537129351653456,0
15980,0.9683737475219711,0
15981,0.9999999929632972,1
15982,0.9533433545552192,0
15983,0.9999141193404395,1
15984,0.7975270294796334,0
15985,0.9943020324418498,0
15986,0.9853567595990605,0
15987,0.8719853422785973,0
15988,0.9062767093746819,0
15989,0.9946647928038673,1
15990,0.7790892647360936,0
15991,0.8276062107432458,1
15992,0.8985507836602531,0
15993,0.9859453333601828,0
15994,0.9095604708786694,0
15995,0.8272038137351274,0
15996,0.9732669185077683,1
15997,0.9843751897802693,0
15998,0.9998873627854015,1
15999,0.7055190139569303,1
16000,0.761745321077119,0
16001,0.5579489976287554,1
16002,0.989175013669704,0
16003,0.6701454971433701,1
16004,0.9520487458274287,0
16005,0.9999897091152817,1
16006,0.6010597205815681,1
16007,0.9686126427679828,0
16008,0.9994674179505999,1
16009,0.9999999952853929,1
16010,0.9800404554375481,0
16011,1.0,1
16012,0.9964605137768482,1
16013,0.9393153607234909,0
16014,0.941211688964887,0
16015,0.7266067441662392,1
16016,0.8539056478430661,0
16017,0.8250101648600724,0
16018,0.9091737674374536,0
16019,0.8065507355812195,0
16020,0.9870515165775736,0
16021,0.9759660591759625,0
16022,0.9410026866501149,0
16023,0.981434163114848,0
16024,0.8401194351250477,0
16025,0.7990766368415194,0
16026,0.9840964913962041,0
16027,0.9999928621051867,1
16028,0.9867995925278016,0
16029,0.9917470007490811,0
16030,0.9995976028737507,1
16031,0.9863840538240163,1
16032,0.7379168067636476,0
16033,0.7944705643690246,1
16034,0.6862477365335139,1
16035,0.9999573381764347,1
16036,0.6530800436355259,0
16037,0.9855678762260138,0
16038,0.9785283823158463,0
16039,0.9088993643635861,1
16040,0.9709873687743478,0
16041,0.872326893294765,1
16042,0.9703883581097631,0
16043,0.8272692820285986,0
16044,0.9056457917358179,1
16045,0.9359788552694869,0
16046,0.9893515036826571,0
16047,0.8107202508398935,1
16048,0.9763351589786682,0
16049,0.6543743770587827,1
16050,0.6962708223223423,1
16051,0.9843054004365954,0
16052,0.7505077603281245,0
16053,0.9744234354781589,0
16054,0.6569573414485382,0
16055,0.9715201810729576,0
16056,0.9206082068010654,0
16057,0.9461668852608238,0
16058,0.9689957683864249,0
16059,0.6328756766072068,0
16060,0.7518768755211092,1
16061,0.9825447440605541,0
16062,0.999997854680671,1
16063,0.9405950864959527,1
16064,0.9855122810764926,0
16065,0.9999070945061099,1
16066,0.9636443008480845,0
16067,0.9983646630990902,1
16068,0.9999999997464428,1
16069,0.5663447296617551,0
16070,0.9929438968897155,0
16071,0.9826268506959958,0
16072,0.9857034050612649,0
16073,0.9999999979600223,1
16074,0.9235588595594254,0
16075,0.642279094009107,1
16076,0.8342955212383231,0
16077,0.9763766204498415,1
16078,0.9910369654646479,0
16079,0.9573532744391229,0
16080,0.9905505456558252,0
16081,0.8084950300004071,1
16082,0.9864556526071501,0
16083,0.9667444373824093,1
16084,0.9913245286191527,0
16085,0.9873590843176124,0
16086,0.6505862958292881,0
16087,0.7843644004297146,1
16088,0.6171146565097702,1
16089,0.9870607960933261,0
16090,0.9606114427489433,0
16091,0.9354408543022308,1
16092,0.9493497100977615,0
16093,0.9999999626761149,1
16094,0.9915221019728531,0
16095,0.7743778368475981,1
16096,0.6118264675213458,1
16097,0.98179341305674,0
16098,0.6212123368547687,1
16099,0.9820922562454216,0
16100,0.7949393214637351,0
16101,0.7390171362445176,0
16102,0.9810878354016068,0
16103,0.9877650897523756,0
16104,0.9858785618983574,0
16105,0.9258156093512128,0
16106,0.7996116756669346,0
16107,0.9999993031081361,1
16108,0.9893466718066384,0
16109,0.6034157147282696,0
16110,0.9144010034927152,0
16111,0.9985738886404513,1
16112,0.9820617123860681,0
16113,0.9789312177694144,0
16114,0.92558804392759,1
16115,0.9955232293115291,0
16116,0.791740787784782,1
16117,0.9854708341878404,0
16118,0.9915692074420029,0
16119,0.753192557002349,0
16120,0.9259375319125439,0
16121,0.6386077081763416,1
16122,0.6879711246735039,1
16123,0.9886518056786257,0
16124,0.9211864608937543,0
16125,0.8721345753588969,0
16126,0.9059948156206482,1
16127,0.5592989090169244,1
16128,0.8630614919273416,0
16129,0.7254211062082853,0
16130,0.9626243634825606,0
16131,0.9788455806978865,0
16132,0.9681762548678283,0
16133,0.7665142684334156,0
16134,0.9330175980093808,0
16135,0.9997957723779168,1
16136,0.9883726480417248,0
16137,0.999989568435911,1
16138,0.6589377086445356,0
16139,0.9863337647519179,0
16140,0.9424767810577677,0
16141,0.7336969012823702,0
16142,0.6701574634870385,0
16143,0.999999999957706,1
16144,0.9781591941624043,0
16145,0.5855430654321585,1
16146,0.7268332854741248,0
16147,0.9493285922986378,1
16148,0.9878580196174171,0
16149,0.8308501322433354,0
16150,0.9981274293240617,1
16151,0.814371902429014,0
16152,0.8719411539157625,1
16153,0.9662710333668354,0
16154,0.6908171250955116,1
16155,0.613631995721116,1
16156,0.9922917814800735,0
16157,0.9940988428265534,1
16158,0.9554258109817356,0
16159,0.9520136297548798,0
16160,0.9306079361271163,0
16161,0.9999999999411373,1
16162,0.8456125181903187,0
16163,0.7817183391156854,1
16164,0.9552169946956055,0
16165,0.9934585936927429,1
16166,0.9985119529557452,1
16167,0.6489138427459828,1
16168,0.990337417402761,0
16169,0.9913147011129801,0
16170,0.9999702039838659,1
16171,0.6709416391243124,0
16172,0.508668752056885,1
16173,0.8266331432581631,1
16174,0.8765132050859076,0
16175,0.9999999792744689,1
16176,0.941970912198725,0
16177,0.9999547805692135,1
16178,0.9918402150338728,0
16179,0.9999889116653752,1
16180,0.969693552361309,0
16181,0.999569956145201,1
16182,0.5968964399717239,1
16183,0.9814853790798197,1
16184,0.618043326595567,0
16185,0.9890624578387501,0
16186,0.9999995423881737,1
16187,0.9875564784878262,0
16188,0.8819932996845794,0
16189,0.9806640598481973,0
16190,0.8772107427392472,0
16191,0.6875633189320999,1
16192,0.9921374857490876,0
16193,0.9607301307291815,0
16194,0.9559599188272087,0
16195,0.9999935345497695,1
16196,0.7750179753256058,1
16197,0.8823078207215589,0
16198,0.9843290750313913,0
16199,0.9910269020836001,0
16200,0.9898358386730413,0
16201,0.9999999525675511,1
16202,0.9827892391809816,0
16203,0.6746368923244037,0
16204,0.8807277071652251,0
16205,0.878657986167568,0
16206,0.9851675650741003,0
16207,0.8047971333744324,0
16208,0.6362928035904817,1
16209,0.9858040536841205,0
16210,0.855392790172255,0
16211,0.888146354247351,0
16212,0.9508962499513535,0
16213,0.732167686762264,0
16214,0.9830345945621954,0
16215,0.99990562374154,1
16216,0.8817227754952748,0
16217,0.9744223666547625,0
16218,0.9254518433863427,0
16219,0.8080400309466327,1
16220,0.9780452036504037,0
16221,0.9885794319161375,0
16222,0.9910652004517219,0
16223,0.9694553070106895,1
16224,0.5817064510810177,0
16225,0.8685254898633457,0
16226,0.9239110113511197,0
16227,0.9407034602893118,1
16228,0.8999634059112729,0
16229,0.9877870499097787,1
16230,0.9526213029950844,0
16231,0.9690611610944364,0
16232,0.7111642182481719,1
16233,0.9998166580542163,1
16234,0.9661993299490121,1
16235,0.978076399985254,0
16236,0.8534637356012449,0
16237,0.9989354706367254,1
16238,0.9295337715525339,0
16239,0.9876336790278477,1
16240,0.836387641210458,0
16241,0.9856608105342165,0
16242,0.987205050546756,0
16243,0.9872297239327004,1
16244,0.9700061374799953,0
16245,0.9501492389936748,1
16246,0.9771798265892092,0
16247,0.9999405509140785,1
16248,0.9710286998067827,0
16249,0.988566052470579,0
16250,0.7673044700130741,1
16251,0.7806710467125842,1
16252,0.9822420628171943,0
16253,0.9822993087240253,0
16254,0.98200567154613,1
16255,0.9278159411116405,1
16256,0.9999999999970486,1
16257,0.9756644394635906,0
16258,0.9651377651435764,0
16259,0.9947069404413488,0
16260,0.9251960093934111,0
16261,0.9936235732659913,0
16262,0.8484086260931044,0
16263,0.6314256157210004,0
16264,0.975810476755897,0
16265,0.6975150719582709,0
16266,0.8343543755262874,0
16267,0.6744947552470847,0
16268,0.991216162105406,0
16269,0.9914438660440172,0
16270,0.5726874790400456,0
16271,0.9665864483473389,0
16272,0.9999708923616362,1
16273,0.9985647159321035,1
16274,0.9999849344084466,1
16275,0.9904023744004168,0
16276,0.9914867374996802,0
16277,0.8718866163564648,1
16278,0.7993671607028873,0
16279,0.9432472835419893,0
16280,0.8965241763719108,0
16281,0.5806046823988921,0
16282,0.8852558373359525,0
16283,0.9577634761244518,0
16284,0.8806630985013307,0
16285,0.6551734587855954,0
16286,0.9981615762059487,1
16287,0.9713671510381503,1
16288,0.6254563429025709,0
16289,0.9940535447476625,1
16290,0.9907513680769673,0
16291,0.993525838796868,0
16292,0.6681909453453928,0
16293,0.9999975689568839,1
16294,0.9844834140047173,1
16295,0.8501662039556126,1
16296,0.9552579162240201,0
16297,0.9565910201920933,1
16298,0.9985524107137693,1
16299,0.9984460036301469,1
16300,0.9999956141129411,1
16301,0.993215871199388,0
16302,0.6794807423656934,0
16303,0.954631776866819,0
16304,0.9857817525211425,0
16305,0.8802795946889229,0
16306,0.8578586738475987,0
16307,0.9742257810754783,0
16308,0.7268269242192203,0
16309,0.6583645194070517,1
16310,0.9900557417661123,0
16311,0.877497672616494,0
16312,0.9767026738085186,0
16313,0.6859402845309865,0
16314,0.9886444221503762,0
16315,0.9957294047257957,1
16316,0.9965390811702554,1
16317,0.9723531135785676,0
16318,0.9851277974750872,0
16319,0.9785503408844161,0
16320,0.9128783270534864,0
16321,0.9613078946058892,1
16322,0.9792958651204662,0
16323,0.9999602843858847,1
16324,0.9817900656838093,0
16325,0.9999043598065638,1
16326,0.9907445102553185,0
16327,0.9240610253012245,0
16328,0.7848567859313199,1
16329,0.9210407427330017,1
16330,0.9258500414698301,0
16331,0.558144522705915,1
16332,0.7793885570193839,0
16333,0.7746367875908244,1
16334,0.9995955798775639,1
16335,0.9818782787847287,0
16336,0.9775706823702589,0
16337,0.8563300847035284,0
16338,0.9114653594477915,0
16339,0.9602032574198343,1
16340,0.544111859814206,0
16341,0.9659693157929476,0
16342,0.9999335448290635,1
16343,0.6895456158104551,1
16344,0.9999597490362122,1
16345,0.9112977186196851,0
16346,0.9839767084991164,0
16347,0.9795535278402425,0
16348,0.9813516470723753,0
16349,0.5952322070889511,0
16350,0.9187868970778919,0
16351,0.9402013768071442,0
16352,0.961551150152773,0
16353,0.7796161406654305,0
16354,0.8583481274200694,0
16355,0.9993028406004019,1
16356,0.866366737819704,0
16357,0.9999936733235928,1
16358,0.9999589131669366,1
16359,0.9999992203696882,1
16360,0.6527335161795332,0
16361,0.9592030346148765,0
16362,0.5499628933035725,0
16363,0.9924150528045117,0
16364,0.9896261924432994,0
16365,0.9517518812305807,0
16366,0.6570631715684376,1
16367,0.9850093937821282,0
16368,0.7674822181355977,0
16369,0.9858973033215163,0
16370,0.9999999745011745,1
16371,0.8015426438215065,0
16372,0.9999881646063188,1
16373,0.9976626056240792,1
16374,0.9886200023900629,0
16375,0.9900097426409314,0
16376,0.9903647510349565,0
16377,0.7742495742622838,1
16378,0.9540968112121938,0
16379,0.8531093170343933,1
16380,0.9068697789442991,0
16381,0.9699213284146206,0
16382,0.9293206936898588,0
16383,0.9448676612698094,0
16384,0.761386496142853,0
16385,0.9991679856700142,1
16386,0.628472050396749,0
16387,0.984621354790737,0
16388,0.9728355621433143,0
16389,0.6242370579914132,0
16390,0.8458461713068657,1
16391,0.9948871703550063,1
16392,0.752876276852799,0
16393,0.6668879651844583,0
16394,0.8763401808274544,0
16395,0.9998411965088607,1
16396,0.8866380389453248,0
16397,0.9978641211730079,1
16398,0.9999999999935514,1
16399,0.9928811837904915,0
16400,0.9950177378391681,1
16401,0.8883119056203332,0
16402,0.7670147921365128,0
16403,0.8495031252705586,1
16404,0.5410929558926089,1
16405,0.9888717492442367,0
16406,0.9636308551940819,0
16407,0.9256858230379166,0
16408,0.9637441946733774,0
16409,0.9637243827092423,0
16410,0.9808748627123482,0
16411,0.752916044155246,1
16412,0.9621109719304956,1
16413,0.9492570939846192,1
16414,0.7634761563027643,0
16415,0.9893794614466633,0
16416,0.9921455538025398,0
16417,0.9949219839290424,1
16418,0.9901524731826792,0
16419,0.9534532708553035,0
16420,0.6242039946550731,0
16421,0.7740638472381367,1
16422,0.9982116544156678,1
16423,0.9892731377641446,1
16424,0.9827637227943543,0
16425,0.9777857464647158,0
16426,0.5308358875435146,1
16427,0.9872669200529822,0
16428,0.9144533464248058,0
16429,0.8161840965188353,1
16430,0.8107813772675027,0
16431,0.9999952025672937,1
16432,0.7947376713830896,1
16433,0.9296818782575532,0
16434,0.9037316810682724,0
16435,0.9955483432698535,1
16436,0.9449188692528818,1
16437,0.9368234439344658,0
16438,0.7871282179975903,0
16439,0.9051837132121636,1
16440,0.7382438497687978,0
16441,0.978039576917414,0
16442,0.9999998626276293,1
16443,0.9923833306183149,0
16444,0.9772692480056155,0
16445,0.9605076089107464,0
16446,0.986988836175882,0
16447,0.978408404073927,1
16448,0.9832908291550542,0
16449,0.9731420068167949,1
16450,0.846214823876567,0
16451,0.6910667661499237,0
16452,0.6119347271414181,1
16453,0.8623432916041922,1
16454,0.970437030349062,0
16455,0.9784534202245975,0
16456,0.9976924087224662,1
16457,0.6611190168265741,1
16458,0.9895931031581238,0
16459,0.7725802974472057,0
16460,0.9981849565780928,1
16461,0.9534133980689696,0
16462,0.9683906158590979,0
16463,0.9887868293653533,0
16464,0.9027217610528586,0
16465,0.8115106070797117,0
16466,0.523943120960093,0
16467,0.6524829474434272,1
16468,0.545026377751733,0
16469,0.9930855017503686,0
16470,0.9999999999576601,1
16471,0.9820164435993035,0
16472,0.999464403309234,1
16473,0.8810177590293471,0
16474,0.7866648884887735,1
16475,0.983694799932582,0
16476,0.9800036229746948,0
16477,0.9450760189808511,0
16478,0.9512479172650933,0
16479,0.6755451364005749,0
16480,0.8154006647336001,0
16481,0.6282310793180672,0
16482,0.9431174182185411,0
16483,0.9943512805383152,0
16484,0.9829353503640922,0
16485,0.5453486103247698,1
16486,0.8069573793947499,1
16487,0.9470622532408786,0
16488,0.9999999999999964,1
16489,0.9470371292635664,0
16490,0.9692368074283781,0
16491,0.9704525853119516,0
16492,0.9838963938027548,0
16493,0.9496922668537482,0
16494,0.9602872559773451,0
16495,0.9924506278451796,0
16496,0.9992948733022392,1
16497,0.9999959754600511,1
16498,0.9366953737899772,1
16499,0.9778892394254234,0
16500,0.8135969004207406,1
16501,0.986340162236614,1
16502,0.9760982888175771,0
16503,0.9899492214278245,0
16504,0.9999999836986132,1
16505,0.6684375475266102,1
16506,0.8486230119405541,0
16507,0.9739714118641175,0
16508,0.993750634803936,1
16509,0.8739465767495193,0
16510,0.997330374650519,1
16511,0.9920295650741138,0
16512,0.9753108681832037,0
16513,0.9920848652774629,0
16514,0.9466499943334351,1
16515,0.7471958690733074,0
16516,0.739642290468693,0
16517,0.7155884273499223,0
16518,0.5830370873790449,0
16519,0.9996959519412605,1
16520,0.8480166219057094,1
16521,0.9922028589381202,0
16522,0.5093594503499366,0
16523,0.9999999989041801,1
16524,0.5832131271427067,1
16525,0.9883125037438749,0
16526,0.9922028589381202,0
16527,0.9996979102829564,1
16528,0.9139807606384434,1
16529,0.9989545133239266,1
16530,0.9418802962492776,0
16531,0.9913767211110981,0
16532,0.9999999999985141,1
16533,0.9860980246900727,0
16534,0.9387796506287452,1
16535,0.9890861039522107,0
16536,0.8843001904312855,0
16537,0.9848339977767968,0
16538,0.9904026628599643,0
16539,0.9812892535683373,0
16540,0.9880845654384847,0
16541,0.7184786089633427,1
16542,0.6750543586798463,0
16543,0.9441656136083653,0
16544,0.9894771326305436,0
16545,0.6362659646690232,0
16546,0.974068102882401,0
16547,0.8073995517209942,1
16548,0.9743035627453999,0
16549,0.9858214330249757,0
16550,0.9007706149141375,0
16551,0.987187364772984,0
16552,0.9882018701848865,0
16553,0.8586342509594664,1
16554,0.929201994420318,0
16555,0.990791889921054,0
16556,0.9471885455352924,0
16557,0.9729627043371665,0
16558,0.8891808317846844,0
16559,0.9901877868451291,0
16560,0.9996970430284781,1
16561,0.9011210729471407,1
16562,0.9888737204439842,0
16563,0.9843867386517298,0
16564,0.9486502407896872,0
16565,0.650356880883437,0
16566,0.5578505835239828,0
16567,0.9849956925657551,1
16568,0.9924358116974618,0
16569,0.946323590218938,0
16570,0.724861884348498,0
16571,0.9874157145371563,0
16572,0.9875751593337683,0
16573,1.0,1
16574,0.9955232293115291,0
16575,0.8361733509573736,1
16576,0.9285560622822929,0
16577,0.9779512040108812,0
16578,0.9921792924968669,0
16579,0.9856526638905825,0
16580,0.7069998364343971,0
16581,0.9672684379615698,0
16582,0.792251743853189,0
16583,0.6971042559162383,0
16584,0.768420382226398,1
16585,0.9856316749361581,0
16586,0.9195576475338649,1
16587,0.991804686637774,0
16588,0.9897344017281959,0
16589,0.9999998677610709,1
16590,0.9605361815918365,1
16591,0.9690521914456991,1
16592,0.558126529260604,1
16593,1.0,1
16594,0.8865985586115097,1
16595,0.97611502884094,0
16596,0.9785151904909418,0
16597,0.9525521499283934,1
16598,0.9922444047866119,0
16599,0.9853781813444195,0
16600,0.815486434426807,0
16601,0.9946303985140026,0
16602,0.9909734722872408,0
16603,0.9928690188534556,0
16604,0.8849587745874056,0
16605,0.597768162002726,1
16606,0.9019108735018069,0
16607,0.6087045296056277,0
16608,0.9376568324876166,0
16609,0.9999971952413601,1
16610,0.7171274235995581,0
16611,0.9122004630604704,0
16612,0.9999999934083217,1
16613,0.8761859488588389,0
16614,0.5512086778530927,0
16615,0.9978975444233948,1
16616,0.5626947414549353,1
16617,0.6612193642175485,1
16618,0.9875319908259906,0
16619,0.603143911121525,1
16620,0.6393495232343666,0
16621,0.9762723934297513,0
16622,0.9519513358710681,0
16623,0.970725047955539,1
16624,0.5466317411235688,0
16625,0.7909489258070576,0
16626,0.9552934610708901,0
16627,0.5817118734532981,1
16628,0.5594475681895936,1
16629,0.8723701595882694,0
16630,0.891140639481711,0
16631,0.8418685118862317,0
16632,0.9544157154467274,0
16633,0.9793298008259226,0
16634,0.9062661483274259,0
16635,0.8711349211759849,0
16636,0.9886967275705223,0
16637,0.6563940853554081,0
16638,0.626748401821585,1
16639,0.7180192595637852,0
16640,1.0,1
16641,0.9471756583889527,0
16642,0.9999999999120999,1
16643,0.999892562974897,1
16644,0.9846851140135212,0
16645,0.5732173559659157,0
16646,0.8229949000179577,0
16647,0.9132254804962474,0
16648,0.9760231870502035,0
16649,0.8046556187012471,0
16650,0.6753612695362781,0
16651,0.8013193966059882,0
16652,0.9925364679273817,0
16653,0.986777908358505,0
16654,0.9833061958768963,0
16655,0.8693722755369645,0
16656,0.9758458740437654,0
16657,0.6435790084894443,0
16658,0.9834505806452504,0
16659,0.8741636842544697,0
16660,0.853808212955619,0
16661,0.6917447206489934,0
16662,0.8024934509951596,0
16663,0.8474235152042898,1
16664,0.9388922242464203,0
16665,0.9495196518478404,0
16666,0.7438013757036845,1
16667,0.580377637760546,1
16668,0.9892470416180432,0
16669,0.8436842607070114,0
16670,0.8523499143419064,0
16671,0.9928421698624895,0
16672,0.6597008344693603,1
16673,0.9760090523507376,0
16674,0.8705098081615391,0
16675,0.9109158553577762,0
16676,0.989068459319269,0
16677,0.5117873073301108,1
16678,0.94482809122973,0
16679,0.7782650827687158,0
16680,0.5485197072524445,0
16681,0.616232836088554,1
16682,0.971879073153469,1
16683,0.7516330469657346,1
16684,0.9821779030203633,1
16685,0.9712378973441144,0
16686,0.982744570078713,0
16687,0.5159754492342228,1
16688,0.9614768847450693,0
16689,0.9897835462627492,0
16690,0.8478426392662649,1
16691,0.7236734439240285,0
16692,0.8233207380494486,0
16693,0.9440618854640934,0
16694,0.9161593995675231,0
16695,0.9630799209019101,0
16696,0.780183075443806,0
16697,0.987177453827267,0
16698,0.7856799750269058,0
16699,0.5651124192933931,0
16700,0.8750066511251993,1
16701,0.9064282009079272,0
16702,0.9583817887388653,1
16703,0.9998928232502944,1
16704,0.7838122119620379,0
16705,0.9810773934457448,0
16706,0.835298569151036,1
16707,0.6155589349032525,0
16708,0.9822403805096172,0
16709,0.8801074660280085,0
16710,0.9999999999999365,1
16711,0.9782966948708383,0
16712,0.9998693839491359,1
16713,0.9522671304768665,0
16714,0.9863145284646244,0
16715,0.9727932194357068,0
16716,0.8987994967007066,1
16717,0.991689353244828,0
16718,0.989466001575758,1
16719,0.9847444423897721,0
16720,0.9900273563566171,0
16721,0.695352793628109,0
16722,0.9363456472599915,0
16723,0.8400745528270782,1
16724,0.9820184546656722,0
16725,0.9243593710328217,0
16726,0.5620373481146886,0
16727,0.9657786403526145,0
16728,0.9595834066280635,0
16729,0.6848735127676722,0
16730,0.9744177511469224,0
16731,0.9999644540481917,1
16732,0.9853951635251932,0
16733,0.9999999999711568,1
16734,0.9536808154954018,0
16735,0.9268024023956756,1
16736,0.5459726244194275,1
16737,0.5574564625894277,0
16738,0.8245590685837769,1
16739,0.9891340305752664,0
16740,0.9848820634938209,0
16741,0.9632343981689526,0
16742,0.9689575185999413,0
16743,0.999999355211107,1
16744,0.6442281539867232,1
16745,0.9988678775593516,1
16746,0.808009120617185,0
16747,0.9895028646316235,1
16748,0.9188764387881921,0
16749,0.978690514232763,0
16750,0.9552404870532248,0
16751,0.971990370034876,0
16752,0.7118123235375956,1
16753,0.6477237166598363,0
16754,0.8748799194607393,0
16755,0.6688920678052573,0
16756,0.9907046684585067,0
16757,0.6581682314628976,1
16758,0.9751206528252305,0
16759,0.9637654156408871,0
16760,0.9836820515426905,0
16761,0.6733993341891952,1
16762,0.9899526126340321,0
16763,0.9876979500575895,0
16764,0.9396502319279604,0
16765,0.9906754099829645,0
16766,0.9999896692276633,1
16767,0.940437526675706,0
16768,0.9999877529636234,1
16769,0.5919266003565743,0
16770,0.5980355625853209,1
16771,0.9543706975539893,0
16772,0.9855969229213497,0
16773,0.9803553580058205,0
16774,0.8158275963525354,0
16775,0.9849566164211796,0
16776,0.7153433778703453,1
16777,0.9885068618759786,0
16778,0.7929067358719406,0
16779,0.64549138705576,1
16780,0.9611578006537974,1
16781,0.9221411297283155,1
16782,0.5085671975823722,0
16783,0.9788263195591231,0
16784,0.992384322464,0
16785,1.0,1
16786,0.6194423403959141,0
16787,0.5701092810487589,1
16788,0.702422674157169,0
16789,0.8663752614118223,0
16790,0.9773266244522083,0
16791,0.9915806028316777,0
16792,0.8522956777399446,0
16793,0.999802237827574,1
16794,0.818374265732885,0
16795,0.9999938594687672,1
16796,0.9901337577237477,0
16797,0.9513120300632585,0
16798,0.9999999999998528,1
16799,0.9476266415816684,0
16800,0.6252860104075338,0
16801,0.9999169958334153,1
16802,0.8672664473302192,1
16803,0.7024821480938034,0
16804,0.9999997905086062,1
16805,0.9345390112218663,0
16806,0.9719278984265177,0
16807,0.8941293297548568,0
16808,0.9997971722156087,1
16809,0.9817513498982424,0
16810,0.9834113185941794,0
16811,0.5320510913755129,1
16812,0.943227755247243,0
16813,0.9873654526187994,0
16814,0.8834671464368904,0
16815,0.602853393893079,0
16816,0.9759938097327042,1
16817,0.9850042731308657,1
16818,0.9996612043749895,1
16819,0.9675844806038543,0
16820,0.9651267604501262,0
16821,0.9999999998065774,1
16822,0.983612731201841,0
16823,0.9997422691461543,1
16824,0.9999999999679909,1
16825,0.9292548529266176,0
16826,0.6488544942228569,1
16827,0.9400010679214793,0
16828,0.968892264931439,0
16829,0.9823028629315287,0
16830,0.8886979798570368,0
16831,0.9925051170567235,1
16832,0.9857255569903065,0
16833,0.6894199492156142,1
16834,0.9909145186959704,0
16835,0.9771990477449477,0
16836,0.9072027767682268,0
16837,0.9930337462541007,0
16838,0.9628584648655595,0
16839,0.6074712342527102,0
16840,0.7469945492876148,0
16841,0.9930721098314326,1
16842,0.9950473168942355,0
16843,0.9538736750470527,0
16844,0.9890057553327755,0
16845,0.7354592428396131,1
16846,0.9966582655611121,1
16847,0.9996439227143538,1
16848,0.9351425558411456,0
16849,0.9999999999997424,1
16850,0.5995332551356678,1
16851,0.8563861637756414,1
16852,0.9483667538707219,0
16853,0.7585485766654263,0
16854,0.7347697030710115,0
16855,0.9700275224302815,0
16856,0.9999463948126155,1
16857,0.9999872986558354,1
16858,0.9934441912776033,0
16859,0.6699816171209373,0
16860,0.724629928455931,0
16861,0.8969341415815808,0
16862,0.8065700884390531,0
16863,0.9344767547038698,0
16864,0.9748529420137617,0
16865,0.9880576283750832,0
16866,0.9999996474108332,1
16867,0.9288854417153386,0
16868,0.9450986266793319,0
16869,0.5428555013992205,1
16870,0.9562766177537767,0
16871,0.8338256571418655,0
16872,0.7283020280310111,1
16873,0.8650734992206046,0
16874,0.9786376917321659,0
16875,0.9943020324418498,0
16876,0.9998686047791063,1
16877,0.9881927897755776,0
16878,0.9374212324859903,0
16879,0.8668762857759412,0
16880,0.9767088803819028,0
16881,0.9382761796893992,0
16882,0.7834656402382528,0
16883,0.9798305891881288,0
16884,0.968113290874671,0
16885,0.9852553296085691,0
16886,0.6709166559818103,1
16887,0.9879247180248406,0
16888,0.9011856913754042,0
16889,0.9748813142645134,0
16890,0.9899253123982268,0
16891,0.9296009090096604,0
16892,0.9989926167499027,1
16893,0.9995396118501719,1
16894,0.538324846348286,0
16895,0.6033947026012262,1
16896,0.9813057396969883,0
16897,0.8315591717118708,0
16898,0.9283956590019071,0
16899,0.9642254340827515,1
16900,0.9918499675252465,0
16901,0.7762923419340778,0
16902,0.9925732209073606,0
16903,0.9670109453188932,0
16904,0.9830359830294101,0
16905,0.7299156689374419,0
16906,0.9742388281732244,1
16907,0.9240325007193212,0
16908,0.9524331271069132,1
16909,0.9921486098910758,0
16910,0.9547101064522207,0
16911,0.9704138459932842,1
16912,0.9655906762274604,0
16913,0.7648744658097524,1
16914,0.7660793204453992,1
16915,0.5731425062868541,1
16916,0.9997211543470002,1
16917,0.9849863007962548,0
16918,0.9756072087012854,0
16919,0.8133285266961937,0
16920,0.5250076496351923,0
16921,0.8569825038055272,0
16922,0.9280884000741061,1
16923,0.5237490668946485,1
16924,0.9810795286139248,0
16925,0.9511523466814511,0
16926,0.9771658604826835,0
16927,0.6429269316150432,0
16928,0.9999999999989058,1
16929,0.9791605008395795,0
16930,0.9584536964564603,0
16931,0.9999998335893802,1
16932,0.9850731573690955,0
16933,0.8246387371444303,0
16934,0.9882697652892738,0
16935,0.9997823924943722,1
16936,0.9533413398149272,0
16937,0.9538922561297879,1
16938,0.8785599789184103,0
16939,0.9899293905522453,0
16940,0.9461966255444909,0
16941,0.993997575534247,0
16942,0.5667926185516685,1
16943,1.0,1
16944,0.9921059488818008,0
16945,0.595165474029265,1
16946,0.9902863002185557,0
16947,0.9923929987742511,0
16948,0.9921855944116817,0
16949,0.9903772022683229,0
16950,0.9819269265841002,0
16951,0.9992904376719106,1
16952,0.9655590378765327,0
16953,0.9583549242905582,0
16954,0.6264393778235723,0
16955,0.7478370671489808,0
16956,0.9604240162503913,0
16957,0.9999999124322615,1
16958,0.941499582215886,0
16959,0.6713909964114002,1
16960,0.9514123531173589,0
16961,0.9727546784562485,0
16962,0.8533244857678719,0
16963,0.9849504120988968,0
16964,0.7733140646527263,0
16965,0.9855452954984889,0
16966,0.781640263608453,1
16967,0.9997321900202324,1
16968,0.807106596889931,1
16969,0.7678472169190482,0
16970,0.9891779024101875,0
16971,0.9995777786035053,1
16972,0.9711577255278098,0
16973,0.516974580509882,1
16974,0.5376873882994285,0
16975,0.5567850976504094,0
16976,0.6847671741511315,0
16977,0.991792131662904,0
16978,0.972777697915981,0
16979,0.9732300552572668,0
16980,0.9732955516325603,0
16981,0.7000967663006318,1
16982,0.9879937685832376,0
16983,0.9782560666982956,0
16984,0.9720993143518424,0
16985,0.9792014675628533,0
16986,0.9521943070771828,1
16987,0.9828820585200704,0
16988,0.9361903559850471,0
16989,0.9875391058864003,0
16990,0.6452740916979747,0
16991,0.9999565084239871,1
16992,0.9999999999999241,1
16993,0.997113845794302,1
16994,0.9537208374645952,0
16995,0.9939136705894113,1
16996,0.8678289285501288,1
16997,0.6455593494995775,0
16998,0.7987302367916795,1
16999,0.9999999194372376,1
17000,0.9827220533305747,0
17001,0.937088868904407,0
17002,0.9849004603918898,0
17003,0.9911235375328312,0
17004,0.9887565307519027,0
17005,0.9177876953614962,0
17006,0.5841683988284507,1
17007,0.6607024958292192,0
17008,0.8807201937101026,0
17009,0.9849741312891772,0
17010,0.9756761019637324,0
17011,0.9864841179640369,0
17012,0.9558354084642681,0
17013,0.7659245733978073,1
17014,0.931336316556363,1
17015,0.9866943791571008,0
17016,0.9999998083539331,1
17017,0.986797893878905,0
17018,0.9709703005140536,0
17019,0.5348520414630944,0
17020,0.9979988759987497,1
17021,0.9655858102234947,0
17022,0.9999983511710542,1
17023,0.9448227444155823,1
17024,0.9638311009006136,0
17025,0.6196250985725027,0
17026,0.9559598623416815,0
17027,0.9171006239854429,0
17028,0.999999999996618,1
17029,0.9807573405643383,0
17030,0.9132647168561633,0
17031,0.9670431178415446,0
17032,0.6505318352845336,0
17033,0.5688886442256746,1
17034,0.7789670399316518,0
17035,0.7742880257592226,0
17036,0.7504760967769912,0
17037,0.9890504154493447,0
17038,0.941662732069434,0
17039,0.9149892648784461,0
17040,0.8845436028420505,1
17041,0.9992249998656816,1
17042,0.9693362982587203,0
17043,0.9914712783526197,0
17044,0.9849394049143441,0
17045,0.7786535869377261,0
17046,0.9974098086049419,1
17047,0.8199623206720533,0
17048,0.9830984268684902,0
17049,0.8820709718439954,0
17050,0.9428705276212728,0
17051,0.9665382304744036,0
17052,0.9825701974531011,1
17053,0.9999999930718038,1
17054,0.9540244574829134,0
17055,0.9220182717894647,0
17056,0.9721063621192401,0
17057,0.9689770424250348,0
17058,0.9825431463215399,0
17059,0.9709045130579133,0
17060,0.9748385016787849,0
17061,0.9119968716600669,0
17062,0.8694541842812055,0
17063,0.9841683583535299,0
17064,0.9821941737835271,0
17065,0.9929438968897155,0
17066,0.9864371391695946,0
17067,0.9999999999633908,1
17068,0.9606800171573496,0
17069,0.9674909416971513,0
17070,0.9349955864130572,0
17071,0.8141044889691871,0
17072,0.9705290286592531,0
17073,0.9058290329196198,1
17074,0.8778103717826665,0
17075,0.9731487342835159,0
17076,0.9908305171843992,0
17077,0.9992464040798801,1
17078,0.8798569124439449,1
17079,0.8737178871846288,0
17080,0.7490029219345649,0
17081,0.9771935244007707,0
17082,0.6681170622358763,0
17083,0.8930191098556906,0
17084,0.9789976379178511,0
17085,0.9817581747679105,1
17086,0.7647392502993112,0
17087,0.9756634086655859,0
17088,0.9858914176153288,0
17089,0.9675788318721318,0
17090,0.9999943022699085,1
17091,0.9922562838454287,0
17092,0.6766995223014419,1
17093,0.9999994344721417,1
17094,0.9249561202752478,0
17095,0.989668840016677,0
17096,0.988133613729318,0
17097,0.9375866166371529,1
17098,0.909065384526823,1
17099,0.990731030997553,0
17100,0.9114159187868615,0
17101,0.9055224403389311,0
17102,0.8323513386965807,0
17103,0.9801109291947198,0
17104,0.9867916587164682,0
17105,0.9507672260683101,0
17106,0.992096554445612,0
17107,0.9882879268558523,0
17108,0.9800885262776846,1
17109,1.0,1
17110,0.8025243849387018,1
17111,0.978795588014063,0
17112,0.9440247672736644,0
17113,0.8955714935673462,0
17114,0.8302595583051712,0
17115,0.9202235160758283,0
17116,0.9955232293115291,0
17117,0.9947069404413488,0
17118,0.9999246423905915,1
17119,0.9412256912201611,0
17120,0.9999165060214791,1
17121,0.9969887515358301,1
17122,0.8729573939910041,0
17123,0.7968280866786838,0
17124,0.9711848609012506,0
17125,0.9763679217967258,0
17126,0.981119019101638,0
17127,0.9747204535836764,0
17128,0.952093212328689,0
17129,0.9533603513286505,0
17130,0.9890235799266164,0
17131,0.5960545924061537,0
17132,0.9493177468162143,0
17133,0.7486691189882011,0
17134,0.9434731911246272,0
17135,0.9757151030551389,0
17136,0.9479512947997137,0
17137,0.9913000003548862,0
17138,0.8560902424035104,0
17139,0.9731335381158814,0
17140,0.5837590986373207,1
17141,0.9007756085999319,1
17142,0.9608280179693526,0
17143,0.9352015697830552,0
17144,0.9967867517434975,1
17145,0.9013154329589457,1
17146,0.6717117901580824,1
17147,0.9998042327602931,1
17148,0.8263987743278509,0
17149,0.8423326465621663,0
17150,0.8410893824578136,0
17151,0.9180784666961959,0
17152,0.9978877962406237,1
17153,0.739092977190251,1
17154,0.9980817714821959,1
17155,0.8403686621663778,0
17156,0.8922475456543951,1
17157,0.8897921534784008,0
17158,0.8016280291626979,0
17159,0.8664082759033762,1
17160,0.9884337033958523,0
17161,0.9825625395189648,0
17162,0.9868130929420953,0
17163,0.8649060475627913,0
17164,0.7912346833737407,1
17165,0.9241678138705904,0
17166,0.5508857085488704,1
17167,0.9411877346009601,0
17168,0.9990269735514071,1
17169,0.7438013757036845,1
17170,0.8064991633710504,0
17171,0.6120478460983239,0
17172,0.981774982145543,0
17173,0.8055782276020367,1
17174,0.988548486250874,0
17175,0.969763711845704,0
17176,0.8845083457389442,0
17177,0.999148935585086,1
17178,0.9803647261482601,0
17179,0.9624843621267777,1
17180,0.9839618680551196,0
17181,0.989103155685667,1
17182,0.9361410001538962,0
17183,0.9178454900218092,1
17184,0.7267635990647494,1
17185,0.9631141259644408,1
17186,0.9440243845253481,0
17187,0.9824697077175998,0
17188,0.9873724626189635,0
17189,0.9532410152939746,0
17190,0.7679199317250839,0
17191,0.9987014125236958,1
17192,0.8837357509977564,1
17193,0.9760974074561464,0
17194,0.9891517776987451,0
17195,0.9884257795794217,0
17196,0.9928811837904915,0
17197,0.7171975100316065,0
17198,0.9794346740804233,0
17199,0.670833738925041,1
17200,0.8621961104770268,0
17201,0.9533149988645522,0
17202,0.9001831916709202,0
17203,0.9517109393087684,0
17204,0.9862586519604997,0
17205,0.8175993943134561,0
17206,0.9868414685869019,0
17207,0.9861079892570026,0
17208,0.9762440805074023,0
17209,0.9782204805593936,0
17210,0.9818096364963819,0
17211,0.9999999860074145,1
17212,0.9291374667210827,0
17213,0.9017566686241034,0
17214,0.9613446373762827,0
17215,0.8321717027421788,1
17216,0.6779364571629459,0
17217,0.982146202075697,0
17218,0.9874031796644812,0
17219,0.9949690125066976,1
17220,0.9626594031774907,1
17221,0.7601003128834892,0
17222,0.973394501024435,0
17223,0.5509128168917632,0
17224,0.9836631267119745,0
17225,0.9420238271381126,1
17226,0.9848601388189291,0
17227,0.7117638101600131,0
17228,0.9999579458788883,1
17229,0.7256085624095944,0
17230,0.9052462480655383,1
17231,0.9995877291331665,1
17232,0.849841217478295,0
17233,0.7873280011518571,0
17234,0.9909478749095574,0
17235,0.5276107470760132,0
17236,0.9657486130671419,0
17237,0.9552655769972688,0
17238,0.7437598007230111,0
17239,0.9584176377799191,0
17240,0.8771871401905736,0
17241,0.5978988806665709,1
17242,0.9918797398795156,0
17243,0.8303117563943403,0
17244,0.9863729003179548,0
17245,0.8363759941101057,0
17246,0.9549577243241335,0
17247,0.9810911309950222,0
17248,0.936341317484172,0
17249,0.9144420147712007,0
17250,0.8992817838886109,0
17251,0.9999999999912386,1
17252,0.9879019560613017,0
17253,0.9999987877301136,1
17254,0.8351140130259803,0
17255,0.9858837560873613,0
17256,0.9903951338774443,0
17257,0.7973534042190674,0
17258,0.9825903067601375,0
17259,0.9885006237151462,0
17260,0.9669410029052707,0
17261,0.9553177139561738,0
17262,0.8744939549453774,0
17263,0.9147821607689387,0
17264,1.0,1
17265,0.999999990317231,1
17266,1.0,1
17267,0.9534115169057105,0
17268,0.9740599801170658,0
17269,0.9878948511501507,0
17270,0.671745414641214,1
17271,0.6322547348703331,0
17272,0.978141839270081,0
17273,0.9501390430828391,0
17274,0.5686579000139548,1
17275,0.9959707888403573,1
17276,0.7350459642123762,1
17277,0.9663873873182013,0
17278,0.7728935870688988,0
17279,0.9955232293115291,0
17280,0.9973720928197024,1
17281,0.9696558048329229,0
17282,0.9446757723743587,0
17283,0.7374621807174386,0
17284,0.998422211310497,1
17285,0.8131741400890202,0
17286,0.9772097842041055,0
17287,0.9822958286518217,0
17288,0.9366726453843834,1
17289,0.5273294976827931,0
17290,0.9842928277721347,0
17291,0.9865803589900515,0
17292,0.9372262028592724,0
17293,0.897675444426633,0
17294,0.8898517102608927,0
17295,0.9549891021210724,0
17296,0.7583148582574962,0
17297,0.9744595670626008,0
17298,0.9866249339145114,0
17299,0.9854257860867299,1
17300,0.5761490468546013,1
17301,0.9689658683832431,0
17302,0.9720095685630291,0
17303,0.6965950512975276,0
17304,0.8592048562288473,1
17305,0.7264740225425723,0
17306,0.7946073822202498,0
17307,0.8813434601252431,0
17308,0.9872255893700136,1
17309,0.52213401664816,1
17310,0.9904240525390116,0
17311,0.9861289496726214,0
17312,0.9861080491187685,0
17313,0.9999999999897375,1
17314,0.9961071697547467,1
17315,0.9409433467787429,1
17316,0.9443643792899714,0
17317,0.9822068463471565,0
17318,0.9331949029632682,0
17319,0.9511788890918234,0
17320,0.9906808053324727,0
17321,0.592547993699257,0
17322,0.808017037662502,0
17323,0.9999855250860371,1
17324,0.9587374196240708,0
17325,0.6214175752947232,1
17326,0.8505163195525574,1
17327,0.9550592537823172,0
17328,0.9488144905399958,0
17329,0.6473136225848576,1
17330,0.9392230505264352,0
17331,0.9912323881099309,0
17332,0.9891116314861014,0
17333,0.9900585933320971,0
17334,0.9765698709855833,0
17335,0.5439623900017367,0
17336,0.9906715858577314,0
17337,0.9926678655696887,0
17338,0.8999406042548546,0
17339,0.9739874173922053,0
17340,0.9100531789861819,0
17341,0.9012476082097909,0
17342,0.5083875762683285,0
17343,0.9873848406166449,1
17344,0.9880195724290214,0
17345,0.9982474658138845,1
17346,0.9194253342540192,1
17347,0.9609780277579586,0
17348,0.9969721356140316,1
17349,0.9793633947880254,0
17350,0.8962459728028921,0
17351,0.9538430162636492,0
17352,0.9686901793025795,0
17353,0.9771228330672526,0
17354,0.8473369790592388,1
17355,0.8628086472997576,1
17356,0.9005769460610045,1
17357,0.9002038631381323,1
17358,0.9016868539398242,0
17359,0.921134969300001,0
17360,0.9084700509902851,0
17361,0.9978147760375472,1
17362,0.6761867629343624,1
17363,0.9950473168942355,0
17364,0.9957659577634067,1
17365,0.947550831078863,0
17366,0.9555021910802451,0
17367,0.5225448198656352,1
17368,0.7560147640179963,0
17369,0.975611190425502,0
17370,0.89969920404634,0
17371,0.9906876057101245,0
17372,0.6485330699788574,0
17373,0.991012663162681,0
17374,0.5132365770497119,1
17375,0.852959504593336,0
17376,0.9842888493384195,0
17377,0.9414478779444588,0
17378,0.9999761223469312,1
17379,0.5176887684742841,1
17380,0.8843607091840334,0
17381,0.960529172907499,0
17382,0.6235773850767293,1
17383,0.9796788663913261,0
17384,0.965957026419188,0
17385,0.8072990748121014,0
17386,0.9758642929675021,0
17387,0.9766117641549885,1
17388,0.5122046831499611,1
17389,0.9901055327046461,0
17390,0.9825508402799105,1
17391,0.9593538625422071,1
17392,0.9937535735342883,1
17393,0.5146592042586072,0
17394,0.8304722615568819,0
17395,0.9903806332207631,0
17396,0.9911265248139602,0
17397,0.9932456688206603,1
17398,0.8824184628504809,0
17399,0.7077044326799121,0
17400,0.6133353559960325,1
17401,0.8864703353320563,1
17402,0.6146807797653661,0
17403,0.983027586929702,0
17404,0.8195391728264675,1
17405,0.9713917146619745,0
17406,0.8329662407631939,0
17407,0.8856770516681063,0
17408,0.9818392655920919,0
17409,0.6032194589790677,1
17410,0.9549804529021992,0
17411,0.9737491681184725,0
17412,0.9288740770655366,0
17413,0.9449297010271617,0
17414,0.9837214385337848,0
17415,0.9893939512049322,0
17416,0.9583474600345148,0
17417,0.9847534031330312,1
17418,0.9358406712850197,1
17419,0.9999994777683603,1
17420,0.6841385197960828,0
17421,0.7472417627667943,0
17422,0.9765980528337672,0
17423,0.9998500255244556,1
17424,0.8979985539163489,0
17425,0.9566741703548056,0
17426,0.9784339183331618,1
17427,0.8666279306423654,0
17428,0.8004010901275137,1
17429,0.8875836720459819,0
17430,0.8129883102026069,1
17431,0.9863150570482471,0
17432,0.9918641847263322,0
17433,0.7931239619757636,0
17434,0.7702204113466508,1
17435,0.9886324792886775,0
17436,0.6859933342178244,0
17437,0.7788275649731762,0
17438,0.8584000026413323,0
17439,0.991153840337721,0
17440,0.9852078176981365,0
17441,0.9629152834986404,1
17442,0.9595961969129456,0
17443,0.9906758238444013,1
17444,0.9203531063400758,0
17445,0.9915587887939765,0
17446,0.999654725401831,1
17447,0.9309337139088825,0
17448,0.9718632810439243,0
17449,0.9849594115457807,1
17450,0.9828502497647225,0
17451,0.9991606300971472,1
17452,0.9943020324418498,0
17453,0.9999999999985216,1
17454,0.987936612559291,0
17455,0.9994394907799433,1
17456,0.8067470060349681,1
17457,0.9763510951589761,0
17458,0.9858811371015838,0
17459,0.7632194729492654,1
17460,0.9366345015141883,0
17461,0.7910230486861984,0
17462,0.7073068747468013,1
17463,0.9743581533185491,0
17464,0.9679658265194673,1
17465,0.9806352761382755,0
17466,0.9848017678188029,0
17467,0.8365935554988957,0
17468,0.9999999989928232,1
17469,0.9856983672618658,0
17470,0.8962835650106699,0
17471,1.0,1
17472,0.7428473896194002,0
17473,0.9407763416003515,0
17474,0.8946147829822159,0
17475,0.9880705833369842,0
17476,0.8744205878017394,0
17477,0.9098621198968898,0
17478,0.9798351875261798,0
17479,0.9780644962990483,0
17480,0.6097774827076764,0
17481,0.9271536737897453,0
17482,0.9298737594269643,0
17483,0.5029600968207071,1
17484,0.8566223231104274,1
17485,0.9828550378758107,0
17486,0.9897608435119716,0
17487,0.9653439525910544,1
17488,0.9857740756952915,0
17489,0.9867654526014386,0
17490,0.7731404720921652,1
17491,0.9824438264125497,0
17492,0.9101576418701574,1
17493,0.9547538219381112,0
17494,0.7942352868684671,0
17495,0.9204578848811786,0
17496,0.8048250772151464,1
17497,0.6261927181956429,0
17498,0.9336832015946424,0
17499,0.653835039243304,1
17500,0.9741398909439104,0
17501,0.9346557494699078,1
17502,0.9688912345600622,0
17503,0.982927147580519,0
17504,0.8378016972231648,0
17505,0.8931619595104217,0
17506,0.9922917814800735,0
17507,0.9983901235967749,1
17508,1.0,1
17509,0.9583564934631152,0
17510,0.5463984707912832,1
17511,0.8033019119338713,0
17512,0.9851801166163194,0
17513,0.848644234715875,0
17514,0.9591695776483415,0
17515,0.9777734581872907,0
17516,0.7770411431146845,0
17517,0.9873069658776117,0
17518,0.8906994308029319,0
17519,0.9398739206854589,1
17520,0.9429891578722601,0
17521,0.6752859979660947,0
17522,0.9898342459366117,0
17523,0.9870406805019264,0
17524,0.8508182511597209,0
17525,0.8643717073713615,0
17526,0.9878487727079239,0
17527,0.791139694395825,0
17528,0.9769014558119571,0
17529,0.525329630791119,0
17530,0.5857982679049242,0
17531,0.9922562838454287,0
17532,0.968644298093042,0
17533,0.9570182689558224,0
17534,0.911419622650216,0
17535,0.9998651522230098,1
17536,0.8529445298223078,1
17537,0.9860095665192405,0
17538,0.9729903753335775,0
17539,0.5308309577540741,1
17540,0.9995290406634503,1
17541,0.9918641847263322,0
17542,0.9672417507054822,0
17543,0.8782280311659966,0
17544,0.9829609749351471,0
17545,0.9809673898494533,0
17546,0.9978718911256838,1
17547,0.9958253586070183,1
17548,0.990120083319073,0
17549,0.76070673899128,0
17550,0.8799188325171087,0
17551,0.9806264816266136,1
17552,0.9999943026407142,1
17553,0.8810516170943864,0
17554,0.9995796233004162,1
17555,0.9742618957558463,0
17556,0.9890509097927319,1
17557,0.9250473082793272,0
17558,0.9969761160096154,1
17559,0.941147637060824,1
17560,0.7527872648802638,0
17561,0.9685707902668615,1
17562,0.9640660471306441,0
17563,0.9430153213933833,0
17564,0.923290814833342,1
17565,0.9862565527236112,0
17566,0.991804686637774,0
17567,0.5432033295819011,1
17568,0.5796293114054064,0
17569,0.9891563621468092,0
17570,0.823428956894031,0
17571,0.9720955588451207,0
17572,0.9489251002895372,0
17573,0.9823512087564878,0
17574,0.9676734640689597,0
17575,0.5034611396494921,0
17576,1.0,1
17577,0.7864379649913764,0
17578,0.9874636020730523,0
17579,0.9627167364498338,1
17580,0.9711964756620598,0
17581,0.855820020314769,0
17582,0.6744665371482687,1
17583,0.9898619026327297,0
17584,0.7113766987633326,1
17585,0.9999999997680686,1
17586,0.7482269992711311,1
17587,0.9181061385993143,0
17588,0.9842979423694088,0
17589,0.9661678819892918,0
17590,0.9696197787972419,0
17591,0.9432220162875624,0
17592,0.7524832277291766,1
17593,0.984156702864523,0
17594,0.9620382989102222,0
17595,0.9630508254394234,0
17596,1.0,1
17597,0.9908282121405321,0
17598,0.813501764054053,0
17599,0.9819219081713955,0
17600,0.6386689448521379,0
17601,0.7302915020315208,1
17602,0.978628670210712,0
17603,0.9864755275158719,0
17604,0.9346646666502779,0
17605,0.9758606576541016,0
17606,0.9640361317393822,0
17607,0.9535186062296129,0
17608,0.9687373701013259,0
17609,0.9889785309051974,0
17610,0.7097886505938102,0
17611,0.977565271193554,0
17612,0.6316884624518176,0
17613,0.5710485152559447,0
17614,0.9815552661336785,0
17615,0.9920310877430063,0
17616,0.9230819236670477,0
17617,0.9287347577164231,0
17618,0.724225864099218,1
17619,0.9227951445225212,0
17620,0.9281367252641374,0
17621,0.9107110126785387,0
17622,0.8068526186595985,0
17623,0.9913964727977705,0
17624,0.9924330673789027,0
17625,0.9999999999892979,1
17626,0.537237911962734,1
17627,0.5070991484727607,1
17628,0.8546101576713652,0
17629,0.9604435774702929,0
17630,0.6168166767809001,1
17631,0.85419085626928,0
17632,0.9710711528139934,0
17633,0.8046672382612919,0
17634,0.9751528988525924,0
17635,0.9999999999999891,1
17636,0.9556027814329676,0
17637,0.6995783540073838,0
17638,0.9877759087532314,0
17639,0.9667981869071237,1
17640,0.9999971390385378,1
17641,0.9999999972765603,1
17642,0.9174500018653604,0
17643,0.998857557982953,1
17644,0.9778902389864635,0
17645,0.9102351571797022,1
17646,0.8739950348674602,0
17647,0.9807150437063726,0
17648,0.5259939372316426,1
17649,0.9815462725814232,0
17650,0.9865438366382717,0
17651,0.9875093057465537,0
17652,0.6849295876389702,1
17653,0.99205473344944,0
17654,0.9801333517963581,0
17655,0.9503637423671416,0
17656,0.8577064504809471,1
17657,0.9922562838454287,0
17658,0.8590297866649681,1
17659,0.9874295241352208,0
17660,0.9980649516444815,1
17661,0.9913611058607334,0
17662,0.999999999999988,1
17663,0.9846818892593314,1
17664,0.8693483799487661,1
17665,0.8193921200761536,0
17666,0.9503156133117974,0
17667,0.9541335891322607,0
17668,0.8949074829324284,0
17669,0.8871271861890838,0
17670,0.6973229440783374,0
17671,0.9700538756125243,0
17672,0.9999999999999951,1
17673,0.6756435932067747,0
17674,0.9999998999186311,1
17675,0.985272174010561,0
17676,0.9874355242038609,0
17677,0.9791572427502644,0
17678,0.997740118886662,1
17679,0.8787880522425102,1
17680,0.9920519470444741,0
17681,0.8715614640700609,0
17682,0.9391460002530295,0
17683,0.9536702365989244,0
17684,0.9835512175808919,1
17685,0.6699289567547431,1
17686,0.755476578979072,1
17687,0.8916938060789883,0
17688,0.9169742897712978,0
17689,1.0,1
17690,0.9980405957253674,1
17691,0.7433157296789396,0
17692,0.9954759284380733,1
17693,0.9883257852471344,0
17694,0.713638712098429,0
17695,0.9710474663546319,0
17696,0.985700704081116,0
17697,0.9836895354977694,0
17698,0.9922917814800735,0
17699,0.8807510404627346,0
17700,0.9521538313523473,1
17701,0.7120980548670572,0
17702,0.9932818171149579,1
17703,0.9860970401948554,0
17704,0.9907349191829476,0
17705,0.8035777773129584,0
17706,0.7839187507921593,0
17707,0.9857757059316274,0
17708,0.5660680725287516,0
17709,0.8290140743615081,1
17710,0.9999999999994746,1
17711,0.9435662785503762,1
17712,0.9891029966841768,0
17713,0.8711100038252907,0
17714,0.986634013783364,0
17715,0.99967586829553,1
17716,0.986545489450322,0
17717,0.9578211895603201,0
17718,0.9814461373521115,0
17719,0.7735321083043846,1
17720,0.8836786161573482,1
17721,0.9832358645566998,0
17722,0.9163135932867232,0
17723,0.9057427820074535,1
17724,0.7098794703790305,1
17725,0.5488124213097777,1
17726,0.9997102643759499,1
17727,0.9997945562018968,1
17728,0.9453608558406946,0
17729,0.6768484250223337,1
17730,0.9923875016300916,0
17731,0.8272650686598803,0
17732,0.8635961005180762,1
17733,0.9857201284709346,0
17734,0.9450547993087474,1
17735,0.878868273652375,1
17736,0.9999996550225108,1
17737,0.9908485474133885,1
17738,0.941498664430315,0
17739,0.6899031858705232,0
17740,0.8803530850383392,0
17741,0.9652537372613234,0
17742,0.8548964156764021,0
17743,0.9999999968885058,1
17744,0.7935326790200318,0
17745,0.9767441952940938,0
17746,0.8795219438849095,0
17747,0.7972169458343852,1
17748,0.8483758103068889,1
17749,0.89688380109242,0
17750,0.9997894993748102,1
17751,0.8572908717782758,0
17752,0.9999993805532501,1
17753,0.9830049396058365,0
17754,0.6740813258646066,0
17755,0.7383646393662682,0
17756,0.7545152772383215,1
17757,0.5623333744670058,1
17758,0.999999999955921,1
17759,0.8008793491213838,1
17760,0.9905363764398663,0
17761,0.5435222255961152,0
17762,0.7305977336626448,0
17763,0.6689142909480223,1
17764,0.9449918942160846,0
17765,0.8812197829560839,0
17766,0.5435401776536722,1
17767,0.9796966560598044,0
17768,0.9192502604389493,0
17769,0.9465598804390691,1
17770,0.9371311280895019,0
17771,0.6505346707992097,0
17772,0.9999999999999838,1
17773,0.6566739230886333,0
17774,0.5128473542383293,1
17775,0.950192329505172,0
17776,0.894796206712204,0
17777,0.9894862025726855,0
17778,0.9999999999649241,1
17779,0.6603292626126883,0
17780,0.9464863836805774,0
17781,0.9412455792516181,1
17782,0.6702444448019084,1
17783,0.8072126167702984,0
17784,0.9976915296899541,1
17785,0.9002744401566077,1
17786,0.9941862595182148,1
17787,0.9068639814630179,0
17788,0.9695428963122018,0
17789,0.9910640477445501,0
17790,0.9816072121566113,0
17791,0.9028410309876039,0
17792,0.9818413252403353,0
17793,0.9489956686050581,0
17794,0.586874513204443,0
17795,0.5050126229203133,1
17796,0.9871566812564043,0
17797,0.9991972763439972,1
17798,0.9703844816964863,0
17799,0.9856637294072481,0
17800,0.9898588181610298,0
17801,0.7351532558680134,1
17802,0.9624006850601192,0
17803,0.9767989742133344,0
17804,0.8142764384433668,1
17805,0.8749501630443324,0
17806,0.9636396985947245,0
17807,0.9873724626189635,0
17808,0.9909145186959704,0
17809,0.9778092508966804,0
17810,0.9999373087547503,1
17811,0.6938739993917205,0
17812,0.9642319709852566,0
17813,0.9813425225227442,0
17814,0.9921374857490876,0
17815,0.699967449508928,1
17816,0.9686101447637392,0
17817,0.6570969755550006,0
17818,0.9518195556124636,0
17819,0.659369524795463,0
17820,0.9847197954492518,0
17821,0.9948492512528747,1
17822,0.9892278174104577,0
17823,0.971911774289751,0
17824,0.8894140738284221,0
17825,0.9872581380404901,1
17826,0.887969306652448,0
17827,0.8219920469073603,1
17828,0.9326087045426522,0
17829,0.5638228384839306,1
17830,0.6951410777342429,1
17831,0.9943977051898267,0
17832,0.9940831161132727,0
17833,0.5705835605433475,1
17834,0.9999925793329786,1
17835,0.9955232293115291,0
17836,0.9987684632681987,1
17837,0.9820967583238246,1
17838,0.5844001963569412,0
17839,0.5515972074683697,0
17840,0.9891536751576528,1
17841,0.8897911492109225,0
17842,0.9452840289450646,0
17843,0.7666780116675663,1
17844,0.5684490443336461,1
17845,0.9541323363849021,0
17846,0.9510748083305708,0
17847,0.6241620382903795,0
17848,0.9235336753431271,0
17849,0.86674566397361,0
17850,0.6963664219092348,0
17851,0.9863691038991278,0
17852,0.9782726973039588,1
17853,0.9999999999996314,1
17854,0.618379460412357,0
17855,0.986329840140393,1
17856,0.9346976254535375,0
17857,0.9899320008236355,0
17858,0.9872229757966645,0
17859,0.7265951480807592,0
17860,0.7996727625936423,0
17861,0.9999999999987867,1
17862,0.8757054356846378,1
17863,0.9337186900764585,0
17864,0.6803051100478665,0
17865,0.8638487301115368,0
17866,0.5703953672809944,0
17867,0.9918144733208833,1
17868,0.9826823757565536,0
17869,0.9694435612098942,0
17870,0.7197252730476232,0
17871,0.9767246503098344,0
17872,0.5325045564421116,0
17873,0.9629996957835267,0
17874,0.9031518710765691,0
17875,0.9999984512553628,1
17876,0.9999079156759055,1
17877,0.9658013185718807,1
17878,0.7156719657324999,0
17879,0.9921916462837213,1
17880,0.9904374478256281,0
17881,0.62370270186492,0
17882,0.7872942167379198,0
17883,0.8008544391776667,0
17884,0.9844710248970684,0
17885,0.9398711108143527,0
17886,0.8779074787645244,1
17887,0.9799960620649388,0
17888,0.8620096253381175,0
17889,0.7099455796116765,1
17890,0.9859470188564664,0
17891,0.826246086671976,0
17892,0.6254553042486494,0
17893,0.9470888427497248,1
17894,0.6249380944603209,1
17895,0.9344902870158426,0
17896,0.9790257189230381,0
17897,0.7216302326414926,0
17898,0.9353305271081683,0
17899,0.9999992677243299,1
17900,0.9921381464516785,0
17901,0.9902888115779693,0
17902,0.9999981970195926,1
17903,0.8437429880578119,1
17904,0.9833964164434168,0
17905,0.99017560050038,1
17906,0.935809926364524,0
17907,0.6530269365036547,0
17908,0.787434522488492,0
17909,0.8188415081231692,0
17910,0.5103549887173569,1
17911,0.9918033496278607,0
17912,0.9818967399932964,0
17913,0.9754497782484044,0
17914,0.9814511017350761,1
17915,0.8665634124645479,1
17916,0.8449554879751674,0
17917,0.9901048962432247,0
17918,0.9999976615029138,1
17919,0.893526608040911,0
17920,0.9919202988129483,0
17921,0.8602742358004083,0
17922,0.9851255354170546,0
17923,0.9894294083215498,0
17924,0.821123545614006,0
17925,0.9999999999256666,1
17926,0.8730501347458545,0
17927,0.9716447580149122,0
17928,0.8760505721768036,1
17929,0.9557277477691353,0
17930,0.9615039745732252,0
17931,0.677121689021636,1
17932,0.8905956919138962,0
17933,0.7603166619635897,1
17934,0.9602314721571525,1
17935,0.9699387737008068,0
17936,0.9701693015080249,0
17937,0.8201102548419926,1
17938,0.6489557948872458,1
17939,0.9991606277722513,1
17940,0.9851631845247356,0
17941,0.8231988964764675,0
17942,0.9803960408829542,0
17943,0.738936884301534,0
17944,0.9333458675191588,0
17945,0.9299203327180778,0
17946,0.9598152840219663,0
17947,0.999903520683594,1
17948,0.5420381526591677,1
17949,0.990074824393201,0
17950,0.6904614594141603,0
17951,0.9984064700283367,1
17952,0.7663494100996215,0
17953,0.7168491118783386,1
17954,0.9637040391034772,0
17955,0.925527974370862,0
17956,0.9967759529088323,1
17957,0.9282604324562326,0
17958,0.5919736750625565,0
17959,0.9106089790768801,0
17960,0.9885735092070078,0
17961,0.9977343799909559,1
17962,0.9745142333152047,0
17963,0.9651283823315452,0
17964,0.9228981002971766,0
17965,0.9872175373235428,0
17966,0.9852759007876085,1
17967,0.8706029806835186,0
17968,0.989800254437263,0
17969,1.0,1
17970,0.6848671129442362,0
17971,0.7677103530341636,1
17972,0.9919345412790362,0
17973,0.9568510943919887,0
17974,0.9999733051200766,1
17975,0.711466079336725,0
17976,0.844654961071151,0
17977,0.8698950345881331,1
17978,0.8742270786721055,0
17979,0.990452608762587,0
17980,0.9897812474965532,0
17981,0.9999999998449516,1
17982,0.9621113561170392,1
17983,0.6349082527078186,0
17984,0.9572002915594188,0
17985,0.9360683352301188,0
17986,0.6930036924869736,0
17987,0.9533489883285599,0
17988,0.9903855901652244,0
17989,0.9707126870780642,0
17990,0.9999453872273099,1
17991,0.9494419564062214,1
17992,0.963475594716293,1
17993,0.7958505282609215,1
17994,0.932166595495595,1
17995,0.7761325867584967,0
17996,0.9652891162922381,0
17997,0.9859189665994724,0
17998,0.627677597631377,1
17999,1.0,1
18000,0.999999539753712,1
18001,0.8638035543002646,0
18002,0.9928811837904915,0
18003,0.7790349408457272,1
18004,0.9767997688093759,0
18005,0.9422586953910815,0
18006,0.7199466641290659,0
18007,0.9867283751258703,0
18008,0.9999683659452947,1
18009,0.9519811949096939,0
18010,0.5744638848442254,0
18011,0.9588883071799977,0
18012,0.9744865690265586,0
18013,0.9794948219746836,0
18014,0.9865791375645253,0
18015,0.8519407258790584,0
18016,0.9200933691413163,0
18017,0.7385903386817974,0
18018,0.965513678634321,0
18019,0.7660072557672949,1
18020,0.9731486130548315,1
18021,0.5970581649254859,0
18022,0.7433021126128168,1
18023,0.9576300456869148,1
18024,0.9080541615970632,0
18025,0.52259922275428,1
18026,0.982195765681965,1
18027,0.9999999994160222,1
18028,0.9628346269644379,1
18029,0.6337998424573177,1
18030,0.9930034442913,0
18031,0.961474162999637,0
18032,0.9902042187204319,0
18033,0.9687010580258003,1
18034,0.987568322271414,0
18035,0.9318993918473483,0
18036,0.9882998747238252,0
18037,0.9116745114160003,0
18038,0.762284588377521,0
18039,0.9016895916209091,1
18040,0.9881087857725355,0
18041,0.814294237375595,1
18042,0.9518344521968911,0
18043,0.9865490212679272,0
18044,0.9947069404413488,0
18045,0.991061387494515,0
18046,0.7954553771014863,1
18047,0.8971668300294483,0
18048,0.9895340846343621,1
18049,0.9450173262422951,0
18050,0.886837158916499,0
18051,1.0,1
18052,0.9186152465062859,0
18053,0.9914140957822681,0
18054,0.9646282788117105,0
18055,0.9876408527052122,1
18056,0.8303422456611071,0
18057,0.9032902424685676,0
18058,0.7915880910652607,0
18059,0.9999542567348128,1
18060,0.8730221301317034,1
18061,0.9868480495799233,0
18062,0.9720714651705742,1
18063,0.6157072587034627,0
18064,0.9999999999999969,1
18065,0.8892064388641062,1
18066,0.94911588145494,1
18067,1.0,1
18068,0.990579658865299,0
18069,0.807733634088066,0
18070,0.738726920648498,1
18071,0.655922261353069,0
18072,0.9942001685707602,1
18073,0.9796050099022688,0
18074,0.9859189665994724,0
18075,0.9360817639985974,0
18076,0.7641459897549666,1
18077,0.7341746495779656,1
18078,0.9515695400885091,0
18079,0.953153675248122,0
18080,0.954414373135857,0
18081,0.959268544976605,0
18082,0.6495418628317369,0
18083,0.7417166787650805,0
18084,0.9772675373680934,0
18085,0.977159215204657,0
18086,0.9996928221889175,1
18087,0.9521127946606008,0
18088,0.9753112768999864,0
18089,0.9785169702065839,0
18090,0.8973713862686336,1
18091,0.7569995837025699,0
18092,0.5603457922584569,0
18093,0.8209067992951059,0
18094,0.8038650176487975,0
18095,0.8940654686701878,0
18096,0.7768947234941055,0
18097,0.9859709232772158,0
18098,0.9005471488011906,0
18099,0.9999999489245881,1
18100,0.9658627298674947,0
18101,0.9902643929255485,1
18102,0.5200288380970014,1
18103,0.9351342434839668,1
18104,0.9999999192128978,1
18105,0.9922917814800735,0
18106,0.9890521140637312,0
18107,0.8264541175985513,1
18108,0.552266224239907,1
18109,0.7916929919925931,0
18110,0.9960921943097084,1
18111,0.9542313165741396,0
18112,0.8653749541666625,0
18113,0.9999998463891444,1
18114,0.9571968000441026,0
18115,0.9993307146647197,1
18116,0.8940201095683779,0
18117,0.8161782285320492,0
18118,0.9843534722219069,0
18119,0.8714009744793847,0
18120,0.6267055437437253,0
18121,0.6731187431866146,0
18122,0.9900715309776816,0
18123,0.9760350940419709,0
18124,0.9822500997162849,0
18125,0.9836586091762001,0
18126,0.8151101506980319,0
18127,0.8658327323947518,0
18128,0.993348136535147,0
18129,0.8120006890673158,1
18130,0.9864193744859155,0
18131,0.8449190461624612,0
18132,0.6954595453583382,1
18133,0.9816038163161676,1
18134,0.9635589875751123,0
18135,0.9999999999999822,1
18136,0.5541056032293128,0
18137,0.9710829117729428,0
18138,0.9658061198893276,0
18139,0.7238934143956,1
18140,0.987864249453676,1
18141,0.7997663160479119,1
18142,0.9470822302200861,0
18143,0.9708178779423394,0
18144,0.9999876719830342,1
18145,0.9727633656363683,0
18146,0.7970252371169504,0
18147,0.9598243737991492,0
18148,0.9996522735529105,1
18149,0.997070276069573,1
18150,0.9219918627676023,0
18151,0.9764975441984001,0
18152,0.89444783152618,0
18153,0.9946887919414574,0
18154,0.959271329572634,0
18155,0.7609012828029634,1
18156,0.9907871066872195,0
18157,0.8825419692976275,0
18158,0.9834086446290613,0
18159,0.9796185239248765,0
18160,0.9662472551671141,0
18161,0.8820893984620984,0
18162,0.9991192679867745,1
18163,0.9875965784308094,0
18164,0.9857367600327965,0
18165,0.9725357994721047,0
18166,0.836769573729968,0
18167,0.9783746397768274,0
18168,0.992458116410691,0
18169,0.8637203546365665,0
18170,0.9725438343764211,0
18171,0.9558082142159886,0
18172,0.971049504227868,0
18173,0.9999998183617348,1
18174,0.9401722534096487,0
18175,1.0,1
18176,0.7886927442249755,0
18177,0.9934872076452416,1
18178,0.5176442347279201,1
18179,0.9930856503539143,0
18180,0.9485482710802261,0
18181,0.993997575534247,0
18182,0.9856557961648387,0
18183,0.9902695526373659,1
18184,0.9094635693731173,1
18185,0.9531282842140338,0
18186,0.9991350460375126,1
18187,0.9908190026647874,0
18188,0.9412793556457474,0
18189,0.9998570021663852,1
18190,0.82735586987458,0
18191,0.9999615175505271,1
18192,0.9338222963953036,1
18193,0.9999102621133852,1
18194,0.988409942526068,0
18195,0.997085261879012,1
18196,0.9044785899946299,0
18197,0.9691540485345034,0
18198,0.9999999999981064,1
18199,0.8500184238258495,0
18200,0.906100959114869,0
18201,0.5507051455832566,0
18202,0.926442720918619,0
18203,0.9818126165760621,0
18204,0.9624488605225405,0
18205,0.998595778622342,1
18206,0.5957311205847571,0
18207,0.9320957569222096,0
18208,0.9545408346977016,0
18209,0.614283085966901,0
18210,0.9682172827026142,0
18211,0.9781591941624043,0
18212,0.9871977259598274,0
18213,0.9864767924415796,0
18214,0.9865750123748204,0
18215,0.9897630075683219,0
18216,0.9864456837896004,0
18217,0.9844707833383666,0
18218,0.9641116458848273,0
18219,0.8150000258808963,0
18220,0.9972467627399142,1
18221,0.9999798946548197,1
18222,0.9802284236427264,0
18223,0.9897276226768633,0
18224,0.9999999999815383,1
18225,0.8775788100235835,1
18226,0.9998845038631925,1
18227,0.9999805579894392,1
18228,0.9368669278251959,0
18229,0.981038794257765,0
18230,0.7384400192088187,1
18231,0.9999987377130788,1
18232,0.7595203179477036,0
18233,1.0,1
18234,0.9999993506593964,1
18235,0.9742961251734477,0
18236,0.9785375432082815,0
18237,0.5593801236375212,0
18238,0.9800536870896734,0
18239,0.9999999998544615,1
18240,0.9112394127394852,0
18241,0.9422435637995482,1
18242,0.9852586952462797,1
18243,0.9994750592436479,1
18244,0.9877157752477486,0
18245,0.9498485952010575,0
18246,0.9441713887199151,0
18247,0.9887658940296065,0
18248,0.9860499489470932,0
18249,0.9432089491883325,0
18250,0.8140965338604569,0
18251,0.9803920504810147,0
18252,0.9999999999998042,1
18253,0.9847612669523993,0
18254,0.9784384343206557,0
18255,0.9524759495494147,0
18256,0.6545807023678426,0
18257,0.7060811657352863,1
18258,0.9866342697290709,0
18259,0.9921585981503107,0
18260,0.9761843795227818,0
18261,0.999616528240713,1
18262,0.9982098490900765,1
18263,0.8413593705603818,0
18264,0.8006075118899434,1
18265,0.9516011136488491,0
18266,0.9748495164425361,1
18267,0.9927539373144951,0
18268,0.8995985040535395,1
18269,0.7839728083685964,1
18270,0.5543646123191696,0
18271,0.6754841605617046,0
18272,0.9799214901874019,0
18273,0.9960362061637782,1
18274,0.5015015097617102,1
18275,0.9736130732825586,0
18276,0.9955809393695451,1
18277,0.9999999999981131,1
18278,0.8586152518638362,0
18279,0.9865946447155527,0
18280,0.9850779552709784,0
18281,0.8954289007913682,0
18282,0.9928413194513996,1
18283,0.9999984461744146,1
18284,0.9164788823004242,0
18285,0.999899502013596,1
18286,0.76683159587752,0
18287,0.8684368559195389,1
18288,0.6983029806174685,1
18289,0.7846768878313511,1
18290,0.8232283656601078,0
18291,0.9700340756779958,0
18292,0.9499327510658784,0
18293,0.8803582013429894,0
18294,0.9886877814262507,0
18295,0.9928690188534556,0
18296,0.6738508551199521,0
18297,0.9785761864572772,0
18298,0.9999957382631202,1
18299,0.6507177337080708,0
18300,0.9881793230211278,0
18301,0.6466321546306462,0
18302,0.9668146968597605,0
18303,0.9777862472487554,0
18304,0.5917921055281198,0
18305,0.7338019065187282,0
18306,0.9934251364906236,0
18307,0.5304050914263494,0
18308,0.9970268213271357,1
18309,0.9879448539211381,0
18310,0.92977948549868,0
18311,0.5412889198442862,0
18312,0.9879649023652235,0
18313,0.9868811001574144,1
18314,0.8972474227433226,0
18315,0.9241218423140354,0
18316,0.9906319749497945,0
18317,0.9382256037312338,0
18318,0.990319999485585,0
18319,0.9081959304118402,0
18320,0.9414939848326135,0
18321,0.9946485066088923,0
18322,0.9911667208716869,0
18323,0.9633274646575789,0
18324,0.9998320603528741,1
18325,0.9655990328301156,0
18326,0.75985852671521,0
18327,0.9977933483680024,1
18328,0.9801855267524494,0
18329,0.942561105518162,0
18330,0.9436584136535449,0
18331,0.9657447509084707,0
18332,0.9886518056786257,0
18333,0.989909938723399,0
18334,0.9859220737194885,0
18335,0.6182865678212983,0
18336,0.9998265222920864,1
18337,0.9769917056231961,0
18338,0.9904236811071303,0
18339,0.5964062944306101,0
18340,0.9865458472888504,1
18341,0.9999999999999996,1
18342,0.9918502015716294,0
18343,0.9998960142080328,1
18344,0.9915344236838669,0
18345,0.9240647907452764,0
18346,0.9824666641229104,0
18347,0.9856544049081534,1
18348,0.6435152093393689,0
18349,0.9904022901529393,0
18350,0.6914403336353282,1
18351,0.9371084605685744,0
18352,0.9890940487419894,0
18353,0.9217461645475795,0
18354,0.9585511335344694,0
18355,0.9862606546811469,0
18356,0.7016117755313992,0
18357,0.8343356538005581,1
18358,0.9858462005897698,0
18359,0.7803600640949784,1
18360,0.7959884352869464,1
18361,0.8280808553179977,0
18362,0.903067318586106,0
18363,0.926866563860602,0
18364,0.9876258052370296,0
18365,0.945903547772074,0
18366,0.6762476963313404,1
18367,0.9999999999999183,1
18368,0.9136997221153902,1
18369,0.9911785750291493,0
18370,0.9826726338580114,0
18371,0.98665046868026,0
18372,0.9901173665631755,0
18373,0.8160263533337941,0
18374,0.8128315251589479,0
18375,0.7750608418443572,0
18376,0.9827908004207283,0
18377,0.9070134319072047,0
18378,0.9898637704816282,0
18379,0.9871240141664709,0
18380,0.9999982763318429,1
18381,0.6378572425040265,1
18382,0.9258498359173228,0
18383,0.9677843122077474,1
18384,0.7872939693773262,1
18385,0.9872268832679314,0
18386,0.9527795650333033,1
18387,0.9999999784309788,1
18388,0.9452350397507786,0
18389,0.9887976951287714,0
18390,0.9999676046010479,1
18391,0.7993509221654462,0
18392,0.6798353344305972,0
18393,0.9868211353905525,0
18394,0.9327955059927384,0
18395,0.9916479178956082,0
18396,0.9927512437172322,0
18397,0.9696464575684921,0
18398,0.9359858801274775,0
18399,1.0,1
18400,0.9904684261522566,0
18401,0.9601508796474316,0
18402,0.8132525703121073,0
18403,0.5568805001696514,1
18404,0.9864326605128121,0
18405,0.9929438968897155,0
18406,0.6752132828715056,1
18407,0.9680629122086664,0
18408,0.9807089561837887,0
18409,0.9984291984201125,1
18410,0.8694105221464814,1
18411,0.9617128097224864,0
18412,0.6277608152493135,0
18413,0.9000875872882459,0
18414,0.5012621116611148,0
18415,0.8436763330552651,0
18416,0.5201222562505635,0
18417,0.5147677218431305,1
18418,0.9800161093840339,0
18419,0.9982853912326212,1
18420,0.9999999971185423,1
18421,0.9916602572327096,0
18422,0.9999997936151375,1
18423,0.5349606241411765,0
18424,0.969904485149488,0
18425,0.9941333061482088,1
18426,0.9999981893635895,1
18427,0.9670693574157229,1
18428,0.6070395154634534,0
18429,0.9786259229817619,0
18430,0.9555315892869896,0
18431,0.879219147955626,1
18432,0.7995514870755539,0
18433,0.8776996604485612,0
18434,0.9976425073251824,1
18435,0.9588689063998477,0
18436,0.9597041164315475,0
18437,0.9750028869391676,0
18438,0.956340669224468,0
18439,0.9437958339273222,0
18440,0.9790870654580934,0
18441,0.9999497892360185,1
18442,0.992902513329163,0
18443,0.9788456753311421,0
18444,0.7109107026999736,1
18445,0.9999999999096181,1
18446,0.8118499906612123,0
18447,0.9916906806753979,0
18448,0.9999277630126076,1
18449,0.5447637808816512,1
18450,0.5660361546082724,0
18451,0.8813241124701818,0
18452,0.932121413800837,0
18453,0.807086585110121,1
18454,0.9921792924968669,0
18455,0.9628485711928934,0
18456,0.7808898837426757,0
18457,0.8940447357510202,0
18458,0.6632497888742784,0
18459,0.7781802304256729,0
18460,0.9386183552946141,0
18461,0.97037791505467,1
18462,0.9843082127135346,0
18463,0.9884795252279615,0
18464,0.9999999999334128,1
18465,0.8761808602237108,0
18466,0.9149029346647143,0
18467,0.9997294291049276,1
18468,0.9729404086113214,0
18469,0.9891089910246056,0
18470,0.9887976951287714,0
18471,0.8441572262492131,0
18472,0.8852685605066082,1
18473,0.6439058842583681,1
18474,0.8674393496682183,0
18475,0.9736668461422637,0
18476,0.7771408608920346,0
18477,0.9488362144332265,0
18478,0.9891432371198251,0
18479,0.93752286431285,0
18480,0.9769479519105159,0
18481,0.9901122866445476,0
18482,0.7647478122735751,1
18483,0.9022631177072726,0
18484,0.9871435614653352,0
18485,0.9683556322028607,0
18486,0.8883426705690969,0
18487,0.7120255026387323,0
18488,0.9287968694972547,0
18489,1.0,1
18490,0.6520554691736755,0
18491,0.9663330932437747,0
18492,0.8077073324460311,0
18493,0.9974026842057114,1
18494,0.9876001640655706,0
18495,0.9657106165854936,0
18496,0.7016241343071039,1
18497,0.9244325265431186,0
18498,0.7177749442762957,0
18499,0.8713027745934943,0
18500,0.9923112582661991,0
18501,0.7875635980025532,0
18502,0.9994086270726991,1
18503,0.6223123620204878,1
18504,0.8585654937166343,0
18505,0.7028551541942155,0
18506,0.9679723029684157,0
18507,0.9284267174055825,0
18508,0.8588118545574541,0
18509,0.6399871360077147,1
18510,0.9518717301238258,0
18511,0.959024698093792,0
18512,0.844558428775307,0
18513,0.8436437267500682,0
18514,0.7973798249178913,1
18515,0.6881057281576005,0
18516,0.5463810738947342,0
18517,0.9992720704334419,1
18518,0.8715615541542465,0
18519,0.6946136940751998,1
18520,0.8135063132631893,0
18521,0.6827550841103712,0
18522,0.8466697085638633,1
18523,0.718310086956494,1
18524,0.9928123724277841,0
18525,0.9999995278993437,1
18526,0.9538282713297184,0
18527,0.9849294799435533,0
18528,0.9442434243258815,0
18529,0.9866474678756555,0
18530,0.8509256518985903,0
18531,0.6712353773991144,0
18532,0.8954010371636758,0
18533,0.6462071279657586,1
18534,0.9936498322198282,0
18535,0.9854066051388286,0
18536,0.992525152475352,0
18537,0.9502009224477884,0
18538,0.9887068003410232,0
18539,0.9816528928841161,0
18540,0.7418518636842844,0
18541,0.9578487754715089,0
18542,0.986557046789798,0
18543,0.9897690540481722,0
18544,0.9816625788770839,0
18545,0.5107586267525067,0
18546,0.9376515875664384,0
18547,0.7817356246151709,0
18548,0.6586356298185457,0
18549,0.9999997905765164,1
18550,0.9628707369012229,0
18551,0.9439551314141832,0
18552,0.9651470684564645,0
18553,0.7335427780791952,1
18554,0.9782529803420194,0
18555,0.9495159889846432,0
18556,0.9999944445949199,1
18557,0.9487229966670525,0
18558,0.9802752183133231,0
18559,0.984323157899824,0
18560,0.9869303669713868,0
18561,0.565981590512524,0
18562,0.9851420513483247,0
18563,0.9860003291741396,0
18564,0.8583639130326498,1
18565,0.9848074140078392,0
18566,0.522191991571892,0
18567,0.9019599740994757,0
18568,0.7242045287733384,0
18569,0.7372411014335856,0
18570,0.9735173962162343,0
18571,0.919561253874283,0
18572,0.856267417678042,0
18573,0.9621190553661435,0
18574,0.982206552743744,0
18575,0.9999999999999969,1
18576,0.8049480025996081,0
18577,0.939681608280301,0
18578,0.9663095799144917,0
18579,0.9601776269095714,0
18580,0.6191433433892141,0
18581,0.5408926699402814,1
18582,0.7080099251457974,1
18583,0.75659440232323,1
18584,0.826718335833214,0
18585,0.9785137073493354,0
18586,0.7819278723499044,1
18587,0.9687806669352748,0
18588,0.9874821827288414,1
18589,1.0,1
18590,0.9073459298839837,0
18591,0.9939352127093607,1
18592,0.5290439714201098,1
18593,0.9947157875680376,1
18594,0.5828609169990618,1
18595,0.8873379957062052,0
18596,0.8789844500173755,0
18597,0.7862621559544511,1
18598,0.9427005049222722,0
18599,0.7307983851800425,0
18600,0.9831203946750992,0
18601,0.9812840594077524,0
18602,0.966445107010078,0
18603,0.9867998642967142,0
18604,0.9870455694657478,0
18605,0.9575683626263983,0
18606,0.9703638322738898,0
18607,0.9984125700254469,1
18608,0.9517378120771619,0
18609,0.9485482710802261,0
18610,0.9242163178342022,0
18611,0.5023515727550347,1
18612,0.646967008044339,0
18613,0.5936554379593199,1
18614,0.8576861385371736,0
18615,0.9708566653665778,0
18616,0.9999876744783466,1
18617,0.9912336034129962,0
18618,0.7130847354708658,0
18619,0.9761125337126266,0
18620,0.9819105992175219,0
18621,0.9998998932152826,1
18622,0.8734180157467615,0
18623,0.9022233108173152,0
18624,0.9852656199897499,1
18625,0.9390863983948782,0
18626,0.9885794319161375,0
18627,0.9887695585406842,0
18628,0.9921792924968669,0
18629,0.9752890303856342,0
18630,0.7382303644114576,0
18631,0.9919315331265203,0
18632,0.9999607153042855,1
18633,0.9269063759134317,0
18634,0.9093713920352651,0
18635,0.9887584678264713,0
18636,0.9745652825471348,0
18637,0.9824670812389573,0
18638,0.8799632708034354,0
18639,0.997484591967929,1
18640,0.9999156766094613,1
18641,0.9821058427925883,0
18642,0.9303643927041552,0
18643,0.7497701514883314,0
18644,0.9999999999918432,1
18645,0.9074012567415971,1
18646,0.9625280543416298,0
18647,0.9366829833555285,0
18648,0.9406829143100601,0
18649,0.8655586799788221,1
18650,0.9683197876074359,0
18651,0.942159532550384,0
18652,0.5070101023302833,0
18653,0.9221038663633128,1
18654,0.9725014328582672,0
18655,0.9387653709894254,0
18656,0.8159130289852506,0
18657,0.956313181802901,0
18658,0.9795228779387739,0
18659,0.9139358037128859,0
18660,0.9476404125410519,0
18661,0.9999895170099771,1
18662,0.9620763418469436,0
18663,0.6636237526132843,1
18664,0.9166999791332726,0
18665,0.5895489452907869,1
18666,0.6738347751704299,0
18667,0.8991840980984398,1
18668,0.8611179431833653,0
18669,0.9715485553748936,0
18670,0.9567519997950681,0
18671,0.7339328075125178,1
18672,0.9434211273826165,0
18673,0.9576701732573043,0
18674,0.8127310419981502,0
18675,0.9129132921228658,0
18676,0.9493088627163841,0
18677,0.7959673282706715,0
18678,0.5026131325775971,1
18679,0.9343886352352653,0
18680,0.9999999966230877,1
18681,0.7578929072132757,0
18682,0.9368591852552196,1
18683,0.9878128165470758,0
18684,0.9942528402077118,0
18685,0.9314352870986193,0
18686,0.9906325255737671,0
18687,0.9828597447981083,0
18688,0.6719646790705227,0
18689,0.9733785412925193,0
18690,0.73623012381705,0
18691,0.9908397834591272,0
18692,0.9362258876716217,0
18693,0.9875212392953536,1
18694,0.957714123994995,0
18695,0.9976764729811803,1
18696,0.8527486313965634,0
18697,0.6351590455993588,1
18698,0.920662246510377,1
18699,0.9633959208387792,0
18700,0.9854070015687834,0
18701,0.9921686169947929,0
18702,0.9779658046477528,0
18703,0.9489436815017079,0
18704,0.947161115118856,0
18705,0.8233710455760127,1
18706,0.9626364622124427,0
18707,0.907757851488703,0
18708,0.9753937060307302,1
18709,0.8311956615588023,0
18710,0.9044521118994062,0
18711,0.8822427203010758,0
18712,0.5554742099099025,1
18713,0.7353038437909488,1
18714,0.6089710625756376,1
18715,0.9637382295106609,0
18716,0.9997972226702856,1
18717,0.9692877062273624,0
18718,0.9336999330981275,1
18719,0.936862147460398,1
18720,0.9884014685606908,0
18721,0.9905876964637068,0
18722,0.6947297449031691,1
18723,0.9999999999896294,1
18724,0.9143133093972864,1
18725,0.8813672621059656,0
18726,0.9599792672599675,0
18727,0.9999993172987519,1
18728,0.6319226900092787,0
18729,0.9176493143369066,0
18730,0.9792115978329329,1
18731,0.721590960748427,1
18732,0.9892571317986595,1
18733,0.9844107807317677,0
18734,0.9629106751649659,0
18735,0.6583356194865856,1
18736,0.5976493949301294,0
18737,0.9804951253431311,0
18738,0.9240237704553199,1
18739,0.9658250506658002,0
18740,0.9597026750539032,0
18741,0.9920802933840656,0
18742,0.9411184117796523,0
18743,0.9899001294249025,0
18744,0.5224386165291384,1
18745,0.9811738188873697,0
18746,0.6639069993139344,0
18747,0.993527924254874,0
18748,0.6857938866733903,0
18749,0.8467367402974076,0
18750,0.5210988105863843,0
18751,0.9487590320321793,0
18752,0.9751060644406045,0
18753,0.7434174190863517,0
18754,1.0,1
18755,0.8938239800450156,0
18756,0.9891594620326807,0
18757,0.9693605209376317,0
18758,0.977397274049037,0
18759,0.9007504549960192,0
18760,0.7738337467240388,0
18761,0.8396297013054427,0
18762,0.9965485415416947,1
18763,0.9943020324418498,0
18764,0.9683174876623908,0
18765,0.9988321302343304,1
18766,0.9717456025408561,1
18767,0.9286790198250444,0
18768,0.8426373675717018,1
18769,0.9841980360399717,0
18770,0.9821911254183194,0
18771,0.6150925812611657,0
18772,0.9816808011601462,0
18773,0.9905237193461983,1
18774,0.6850838059793184,1
18775,0.9873925174402092,0
18776,0.9699228896044063,0
18777,0.9973727764791894,1
18778,0.9949977249523495,1
18779,0.9830087184189624,1
18780,0.9803491581252607,0
18781,0.5722622642118415,0
18782,0.9604730813162815,0
18783,0.9814877285869691,0
18784,0.9905389539817656,0
18785,0.999998242795276,1
18786,0.8313664884668691,0
18787,0.9624719559022913,0
18788,0.793626616244169,1
18789,0.6610513446328755,1
18790,0.9780482232698667,1
18791,0.9652563425107067,0
18792,0.976610108523092,0
18793,0.975780111430615,0
18794,0.9343488979854103,0
18795,0.9825096699721237,0
18796,0.9985028422167874,1
18797,0.8731452203921789,0
18798,0.9366963836737445,0
18799,0.9818430093442235,0
18800,0.98143842826373,0
18801,1.0,1
18802,0.7659564977902185,1
18803,0.9999992372435098,1
18804,0.9569293323245804,0
18805,0.967337016068309,0
18806,0.9768669190238959,0
18807,0.9731829702218737,0
18808,0.8691417939294627,1
18809,0.8408384785458334,0
18810,0.9016096581270737,1
18811,0.9814887618699835,0
18812,0.5023345933023338,0
18813,0.9828749895567446,0
18814,0.9875826382398378,0
18815,0.9999469772468137,1
18816,0.8495002399983881,0
18817,0.9406599811204603,0
18818,0.5688952607655439,0
18819,0.990871981157177,0
18820,0.829466285482636,1
18821,0.9345122709024271,0
18822,0.9999966131402762,1
18823,0.9999999999651707,1
18824,0.9936242895630825,0
18825,0.9808655602610363,0
18826,0.9544921823238296,0
18827,0.9991548541446147,1
18828,0.9343096285531771,1
18829,0.9870004722866468,0
18830,0.884138929358287,1
18831,0.9823250779070778,0
18832,0.9976836874337595,1
18833,0.8174005761896715,1
18834,0.8397453227054268,0
18835,0.9448863557509602,0
18836,0.5274055138372549,0
18837,0.9766539110295086,0
18838,0.9607552049372261,0
18839,0.6890233393062609,1
18840,0.7281918780083881,0
18841,0.991761612166732,0
18842,0.9521305349782712,0
18843,0.7214030706072859,0
18844,0.9179935367778704,0
18845,0.9853615281729429,0
18846,0.9851651943137829,0
18847,0.8780866995947931,0
18848,0.9880676692062301,0
18849,0.5298697679424956,1
18850,0.9875283297556398,0
18851,0.9999597490362122,1
18852,0.7883458271283751,0
18853,0.70364665794882,0
18854,0.903795845792129,1
18855,0.9778563886769931,0
18856,0.9877884381986624,0
18857,0.9881678968377687,0
18858,0.5113089156497195,0
18859,0.9774344186107358,0
18860,0.6789969055732386,0
18861,0.8516448523637118,0
18862,0.998627615595639,1
18863,0.5346660151284188,1
18864,0.6756968142984004,0
18865,0.9955232293115291,0
18866,0.8665122120659989,0
18867,0.9729574758877503,0
18868,0.699368316034149,0
18869,0.9862523606303132,0
18870,0.6298293666248486,0
18871,0.9922562838454287,0
18872,0.6137643258393003,1
18873,0.9831181866620804,0
18874,0.9773719400961278,1
18875,0.9854391143167786,0
18876,0.8630245924937077,0
18877,0.6651177553817504,0
18878,0.6131908959181388,1
18879,0.9704368884183655,1
18880,0.9602919528176014,0
18881,0.9812434279795036,0
18882,0.9084549969954635,0
18883,0.9846466232409539,0
18884,0.9999981516175603,1
18885,0.9703724312176883,0
18886,0.8618768726904596,0
18887,0.9728699560837518,0
18888,0.9830052776912498,0
18889,0.714358735339567,0
18890,0.9489056945035906,0
18891,0.984177142472055,0
18892,0.9674466488925201,0
18893,0.9664747855499422,0
18894,0.9731815695638433,0
18895,0.786170540151051,1
18896,0.7361381246171464,1
18897,0.5080507535866193,0
18898,0.99005896617984,0
18899,0.9951598588216387,0
18900,0.9712071717187036,0
18901,0.9923408788580621,0
18902,0.9509175665622401,0
18903,0.9794570131697533,0
18904,0.9875564784878262,0
18905,0.9279177212424881,0
18906,0.8940226089302984,0
18907,0.9712846270571335,0
18908,0.9570337648681516,0
18909,0.5929423976633937,0
18910,0.9714532729045919,0
18911,0.8683321255012629,0
18912,0.9475615132889798,1
18913,0.6477415227090979,1
18914,0.9998262551611262,1
18915,0.8747815345951213,0
18916,0.9244967486324507,0
18917,0.8874371578310565,0
18918,0.9491550391917073,0
18919,0.9161768542597285,0
18920,0.9538549027902445,0
18921,0.7427161518714731,0
18922,0.9930634171494648,0
18923,0.8094154423347744,0
18924,0.6895143108055797,0
18925,0.993741285213027,1
18926,0.9976530053618445,1
18927,0.7962765477709531,0
18928,0.9862048102215538,1
18929,0.6399584984768123,0
18930,0.848335806921637,0
18931,0.9329627732918953,0
18932,0.9984163364464849,1
18933,0.963653553571202,0
18934,0.9994116282925718,1
18935,0.9648508587803816,0
18936,0.6407103253271818,1
18937,0.9999964664423477,1
18938,0.9647306774058936,0
18939,0.9413132733377361,0
18940,0.9531414316808257,0
18941,0.5670322047997681,1
18942,0.9845777146063133,0
18943,0.9752834118085222,0
18944,0.7138230622319709,0
18945,0.9544172111494972,0
18946,0.8329991753837153,1
18947,0.9999998556457708,1
18948,0.7656909417911107,0
18949,0.9994059279367589,1
18950,0.9072459917271839,1
18951,0.8893094992680596,0
18952,0.9922562838454287,0
18953,0.7989205395245164,0
18954,0.5129969382085183,1
18955,0.5776091148692919,0
18956,0.9962173868311455,1
18957,0.5334439715660169,1
18958,0.9988266948708351,1
18959,0.9951876500292454,1
18960,0.9269758437002051,0
18961,0.9895422434457413,0
18962,0.5245878523072884,0
18963,0.9117390913646725,1
18964,0.9767685357495915,0
18965,0.9999265662083109,1
18966,0.992982388480289,0
18967,0.7653080036528678,0
18968,0.9340031979118858,0
18969,0.8457799734254596,1
18970,0.9883092317910441,0
18971,0.7673832798808046,0
18972,0.8665598228029107,0
18973,0.8588953478940023,0
18974,0.8122251066727726,1
18975,0.6197554035559562,0
18976,0.9999999999999956,1
18977,0.6955195999436526,0
18978,0.9881773372349869,0
18979,0.8395728914643086,0
18980,0.9866164942396559,0
18981,0.9899700960336506,0
18982,0.7611080487136859,0
18983,0.9909799395421148,0
18984,0.9873640277848903,0
18985,0.977414408684275,0
18986,0.6819121224037802,0
18987,0.9999631808548393,1
18988,0.9687709153580288,0
18989,0.8422652852297201,0
18990,0.9973380614771008,1
18991,0.9724090444895157,0
18992,0.5205903900773359,1
18993,0.9263077507876958,0
18994,0.9808654251471888,1
18995,0.9907148189772088,1
18996,0.9757678065374885,0
18997,0.9284360881454699,1
18998,1.0,1
18999,0.9629174133128647,0
19000,0.9421039628706918,0
19001,0.9313068105433014,0
19002,0.8320464494724652,0
19003,0.9993825010267261,1
19004,0.610707731684444,1
19005,0.6582725538809606,1
19006,0.955138135160848,0
19007,0.69245574004043,0
19008,0.9659297700142654,0
19009,0.6252891963277615,0
19010,0.9518973260799579,0
19011,0.8614787572093877,0
19012,0.613951357770082,1
19013,0.9868614025796187,0
19014,0.7284095594356357,0
19015,0.988823966296223,0
19016,0.9740153894912854,0
19017,1.0,1
19018,0.9101693474956501,0
19019,0.9876448452816707,0
19020,0.8403434418273256,0
19021,0.8493474559245213,1
19022,0.9999999872358082,1
19023,0.9818009140519691,0
19024,0.9839995473390011,0
19025,0.9131877205178321,0
19026,0.9999495917732087,1
19027,0.9907515038808422,0
19028,0.9999999964220054,1
19029,0.6358869320255772,1
19030,0.9864907877518307,0
19031,0.9896225974004144,1
19032,0.9976827179364829,1
19033,0.999999989962967,1
19034,0.56202407696485,0
19035,0.992137865879994,1
19036,0.8156359454441588,0
19037,0.9764283125021236,0
19038,0.9927635877512214,0
19039,0.9371960871301619,0
19040,0.9035742264866873,1
19041,0.7827477500462627,0
19042,0.9954383485926056,1
19043,0.9838752611533373,0
19044,0.9999999639469344,1
19045,0.9353443637961683,0
19046,1.0,1
19047,0.9686538454186112,0
19048,0.6146562200314973,0
19049,0.9865435853835601,0
19050,0.9427348330445788,0
19051,1.0,1
19052,0.991071659797205,0
19053,0.9072817114656474,0
19054,0.9852553469660704,0
19055,0.9812998184752049,0
19056,0.6143549760597555,0
19057,0.9533247350239623,0
19058,0.9688621471949302,0
19059,0.8182494534342835,0
19060,0.9092274517423852,0
19061,0.7417434220872505,0
19062,0.9900334233645846,0
19063,0.9921720935506124,0
19064,0.8474904967822103,0
19065,0.6603344172559419,0
19066,0.9514627932843195,0
19067,0.70712583778237,0
19068,0.7747218349903491,1
19069,0.98663591097761,0
19070,0.989915783792831,0
19071,0.9591625854787319,0
19072,0.999985922542582,1
19073,0.9845623157923181,1
19074,0.9914822554226254,1
19075,0.9714219239235332,0
19076,0.9755450619170852,0
19077,0.9608858523007142,0
19078,0.9999999999999933,1
19079,0.9988975669532763,1
19080,0.8979039605428422,0
19081,0.8873114469786907,0
19082,0.9999992787152934,1
19083,0.9998187818995279,1
19084,0.9837968554017195,1
19085,0.7929689883643886,1
19086,0.9997485254260566,1
19087,0.9607532571579769,0
19088,0.9999703695206554,1
19089,0.7016355686605441,1
19090,0.9999964758564533,1
19091,0.8533534952892282,0
19092,0.9418879085891065,0
19093,0.9999999797437555,1
19094,0.8664474986703767,1
19095,0.98010632760837,0
19096,0.5970450745076125,0
19097,0.985655210725143,0
19098,0.9999997240521628,1
19099,0.9848887635904041,0
19100,0.9346409833348689,0
19101,0.7427620219430896,0
19102,0.8886193450017182,1
19103,0.9448926295192197,1
19104,0.9232198736032249,0
19105,0.9739922237081832,0
19106,0.9999999985042436,1
19107,0.9734949837945892,1
19108,0.9902773132078775,0
19109,0.991031110693508,0
19110,0.9721719057473911,0
19111,0.948645257553604,0
19112,0.7785003483177483,0
19113,0.9771682054120184,0
19114,0.9858446419908314,0
19115,0.9636076455718756,0
19116,0.9584318489568349,0
19117,0.987978149442621,0
19118,0.9661789147512814,1
19119,0.9012797794180084,0
19120,0.9052678572696337,0
19121,0.9737093468714617,0
19122,0.9999999999680131,1
19123,0.962331200662757,0
19124,0.9717876450726438,0
19125,0.9846746757354747,0
19126,0.7869331470521367,0
19127,0.9922879025594418,0
19128,0.987265144006246,0
19129,0.9820567861958172,0
19130,0.9878665504872146,0
19131,0.9998555186132119,1
19132,1.0,1
19133,0.999473841159453,1
19134,0.9999662117655412,1
19135,0.94187248662573,0
19136,0.9086875489926975,0
19137,0.9919168777823242,0
19138,0.9744253263131853,0
19139,0.9171944731727039,0
19140,0.9609689616072009,1
19141,0.9988726882247968,1
19142,0.9799653984234014,1
19143,0.9999997015536735,1
19144,0.590516367225699,0
19145,0.9901831765703755,0
19146,0.7162830573764177,0
19147,0.9596834396009966,0
19148,0.9661162829345727,0
19149,0.9999897855404026,1
19150,0.9737521762959167,0
19151,0.5661855030496705,0
19152,0.923616200069171,0
19153,0.9817174200669139,0
19154,0.9111767626966403,0
19155,0.9798535250669647,0
19156,0.999999999997359,1
19157,0.9886360532524422,0
19158,0.6002375012833805,1
19159,0.679509646172925,1
19160,0.9668781974693648,0
19161,0.7698860427265226,1
19162,0.9998700820639342,1
19163,0.9893243577945392,0
19164,0.9987203310483728,1
19165,0.7283005659278,0
19166,1.0,1
19167,0.8378398390974909,0
19168,0.6919067330380935,0
19169,0.9918547711744823,0
19170,0.9254164414395845,0
19171,0.7367227333070837,1
19172,0.955410934067217,0
19173,0.9422073656761621,0
19174,0.808393541018133,1
19175,0.9999999999989524,1
19176,0.6868834852435522,1
19177,0.6741545778446901,1
19178,0.9544010679470079,0
19179,0.9437119279097763,0
19180,0.5347578754773213,0
19181,0.9522919098792212,0
19182,0.9750080212948626,0
19183,0.9274998977668127,0
19184,0.7169966010286902,0
19185,0.7368057958042581,1
19186,0.9418086130620433,0
19187,0.8940471127131411,0
19188,0.9669858565588009,1
19189,0.7672717503205991,1
19190,0.9187675622147784,0
19191,0.8543031596286852,1
19192,0.9917742608637415,0
19193,0.9765397062487318,0
19194,0.9985475993911028,1
19195,0.8871626426757375,0
19196,0.9639957487389899,0
19197,0.999959336523969,1
19198,0.9446977566179269,0
19199,0.9879044776165526,0
19200,0.8324829745421065,0
19201,0.6293966300650159,1
19202,0.6953313678890939,1
19203,0.9306442693563534,0
19204,0.7532212333707828,0
19205,0.9602307245750061,0
19206,0.9480843975875143,1
19207,0.9934469590354857,0
19208,0.9999995156555874,1
19209,0.9867544671688048,1
19210,0.9250688299948344,1
19211,0.9287347577164231,0
19212,0.8924648544146323,0
19213,0.9999978581038277,1
19214,0.7782052580568236,0
19215,0.8874264002486784,1
19216,0.6643958987832287,1
19217,0.9724590217089933,0
19218,0.7956870952916802,0
19219,0.9099213215289151,0
19220,0.9904844478472281,0
19221,0.9439814293844611,0
19222,0.9185572869009652,1
19223,0.6481318730237737,0
19224,0.5454506248080374,0
19225,0.6523390620697166,0
19226,0.9804708691517968,1
19227,0.9755839695047364,0
19228,0.9477568808045145,0
19229,0.5354727978369913,0
19230,0.9883169959347791,0
19231,1.0,1
19232,0.9988106307177269,1
19233,0.6344217034983933,0
19234,0.8190145855701824,1
19235,0.985272174010561,0
19236,0.9272106119369237,0
19237,0.9974762418745681,1
19238,0.6069539409944955,0
19239,0.9913584104996422,0
19240,0.8223185702849698,0
19241,0.7616108719921841,0
19242,0.9147791534726505,1
19243,1.0,1
19244,0.7233315020667176,0
19245,0.8802753482356744,1
19246,0.9614031989468428,0
19247,0.9343963824055473,0
19248,0.9807247655649572,0
19249,0.8893722361702295,0
19250,0.9635282989965716,0
19251,0.8882771535053184,0
19252,0.9987460684005715,1
19253,0.9982378041307742,1
19254,0.849913892289555,0
19255,0.5721387930381258,1
19256,0.7979705441111061,0
19257,0.9462231105274417,0
19258,0.9407925052561433,0
19259,0.9761537887475991,0
19260,0.6350926584102754,0
19261,0.9995148838280224,1
19262,0.9598401703862162,1
19263,0.791527010301435,0
19264,0.9174707295711068,0
19265,0.9877567685398748,0
19266,0.9914999487741666,0
19267,0.8410745917491771,1
19268,0.9887132740413666,0
19269,0.9641016684948687,1
19270,0.9899316450938969,0
19271,0.9597818931383839,0
19272,0.8171116583578871,0
19273,0.6210783663539761,1
19274,0.7594393849942421,0
19275,0.6925903534359602,1
19276,0.8823733040283237,0
19277,0.8839322008700763,0
19278,0.6486901420101724,0
19279,0.9773716781980663,0
19280,0.910904666663254,0
19281,0.6116207116418884,1
19282,0.9694451040745242,1
19283,0.834399348494408,0
19284,0.7415686778435314,0
19285,0.9227517604054836,1
19286,0.9331307301522186,1
19287,0.947087731237884,0
19288,0.9121891621373458,0
19289,0.9495061025819236,0
19290,0.9597773684571248,0
19291,0.9634290994260812,0
19292,0.9936639558516395,0
19293,0.9255887921896155,1
19294,0.9885498586028603,0
19295,0.857404268739337,0
19296,0.7560579589004696,0
19297,0.7573296196113645,0
19298,0.7926213555588456,0
19299,0.8551725240071892,0
19300,0.9793148447800123,0
19301,0.6931394887271086,0
19302,0.8934793371497229,0
19303,0.9858569198798086,0
19304,0.9831267193364576,0
19305,0.9817304961078006,0
19306,0.7544364797612021,1
19307,0.9999992489364682,1
19308,0.9883272589539127,0
19309,0.982618247936467,0
19310,0.9637669577722529,0
19311,0.9637693724145363,0
19312,0.7618037960991076,0
19313,0.9974295924749143,1
19314,0.9670047009338076,0
19315,0.8763479815376757,0
19316,0.9999980138102488,1
19317,0.9998513562816264,1
19318,0.8052724470821738,1
19319,0.569703693560816,0
19320,0.9804012161413693,0
19321,0.7073274184445133,0
19322,0.9927021816227405,1
19323,0.9921374857490876,0
19324,0.9176559211386174,0
19325,0.9888941226423704,0
19326,0.9483800092220281,0
19327,0.987701733799542,0
19328,0.9838249210172995,0
19329,0.8700376916818963,0
19330,0.8914705498528841,0
19331,0.6426101523215482,1
19332,0.8617513907573553,0
19333,0.9641067546081384,1
19334,0.9346167448673286,0
19335,0.9194690514474695,0
19336,0.6413425683121539,0
19337,0.987930588486225,1
19338,0.9404191082284171,0
19339,0.9999999999857041,1
19340,0.9852172400341517,0
19341,0.9869415201855762,0
19342,0.9521268240602602,0
19343,0.7695352393145054,0
19344,0.9980697170880289,1
19345,0.9752243419700769,0
19346,0.9927776663624676,0
19347,0.9855569575294206,0
19348,0.972124948182312,0
19349,0.9327728131336318,1
19350,0.6154670554124427,0
19351,0.9979107357945327,1
19352,0.9810992921982771,0
19353,0.9884035718923773,0
19354,0.867891647534419,0
19355,0.988635906898033,1
19356,0.9999038840170267,1
19357,0.9796511690117616,0
19358,0.9767651430642571,0
19359,0.9871150770209323,0
19360,0.6201840207363075,1
19361,0.9999798469683729,1
19362,0.9763338768079861,0
19363,0.9607147110991365,0
19364,0.9813725710454826,0
19365,0.9290228326757325,0
19366,0.9990369680466954,1
19367,0.5871028105819869,0
19368,0.8336547717920372,1
19369,0.5858914575975765,0
19370,0.6341452262060597,0
19371,0.5770862103932063,0
19372,0.8071735609678852,0
19373,0.9773943665263969,0
19374,0.9515663266736567,0
19375,0.9889257869333065,0
19376,0.6946399136092168,0
19377,0.6658452722487924,1
19378,0.7003822543608924,1
19379,0.9998329494525642,1
19380,0.9873743609274638,0
19381,0.9031564384366167,0
19382,0.9485877904509381,0
19383,0.8572235577344035,0
19384,0.9558753069247969,1
19385,0.5345666460119056,0
19386,0.948110500884267,0
19387,0.9750952246416165,0
19388,0.9383152171570832,0
19389,0.9999709067089698,1
19390,0.7844709494836875,1
19391,0.9556115224207766,1
19392,0.5414207903779321,0
19393,0.7979701468644311,0
19394,0.8079181925419616,1
19395,1.0,1
19396,0.999967737797803,1
19397,0.984270533278446,0
19398,0.9848556561906562,0
19399,0.9341584672577921,0
19400,0.9647005675119285,0
19401,0.9734500919575241,0
19402,0.9756920409367253,0
19403,0.6727692276266545,0
19404,0.9801321476380304,0
19405,0.921107423293309,1
19406,0.7413845666064934,1
19407,0.9999692907585825,1
19408,0.9893886877146607,0
19409,0.8184875618802675,0
19410,0.9921374857490876,0
19411,0.7342904244893613,1
19412,0.9854475090303566,0
19413,0.9218411809845418,0
19414,0.9265154924901171,1
19415,0.9999990578894163,1
19416,0.9645726250861566,1
19417,0.9926066840162834,0
19418,0.9612578270275541,0
19419,0.9999984129130961,1
19420,0.5550690272768252,1
19421,0.7975270270832394,1
19422,0.9904379200785491,0
19423,1.0,1
19424,0.8065342632681589,1
19425,0.9289478417053721,0
19426,1.0,1
19427,0.9837207418282314,0
19428,0.9810602300749968,1
19429,0.9999805514008453,1
19430,0.9881508735887697,0
19431,0.9872234075288969,0
19432,0.9946636815950463,0
19433,0.8256143608928773,1
19434,0.9999999642403219,1
19435,0.8911006893989324,0
19436,0.5514843410831647,0
19437,0.9905627357915042,0
19438,0.5786053832985666,1
19439,0.9808439334373701,0
19440,0.9381982238292009,1
19441,0.9776109093663722,0
19442,0.9349085563851535,0
19443,0.9794814013136693,0
19444,0.9875006830520399,0
19445,0.8964844220523871,0
19446,0.9925742649959891,0
19447,0.95214173463756,0
19448,0.7473352667674027,0
19449,0.9866845796884638,0
19450,0.9442946566479177,1
19451,0.98817892485931,0
19452,0.8351749238502845,0
19453,0.9984385460904854,1
19454,0.9736982343687536,0
19455,0.9060081771413868,0
19456,0.5708071475629417,1
19457,0.5351723058915797,1
19458,0.9416249467116614,0
19459,0.9920395210966102,0
19460,0.9798280327934984,1
19461,0.8630001113627889,0
19462,0.9514018688973132,0
19463,0.9869601769075406,0
19464,0.8060951760722858,0
19465,0.9938677960738274,0
19466,0.983545780520531,0
19467,0.9884986850793804,0
19468,0.9059795274717407,0
19469,0.9569390618455772,1
19470,0.9999979401716916,1
19471,0.980499344857685,0
19472,0.9820394264327237,0
19473,0.9815665909077274,0
19474,0.9999999753959011,1
19475,0.967907369368651,1
19476,0.9356076795710578,0
19477,0.9724748213233727,0
19478,0.8255841755965526,0
19479,0.999999999999988,1
19480,0.7990367398896238,0
19481,0.9797384702743869,0
19482,0.9999381792776028,1
19483,0.9875757845544936,0
19484,0.9879149742282143,0
19485,0.8856809310653533,0
19486,0.9216019514010618,1
19487,0.8983358357827981,0
19488,0.8680631970173854,1
19489,0.9899764944494288,0
19490,0.9653643335690735,1
19491,0.726824886029451,1
19492,0.990838520347859,0
19493,0.946716814693142,0
19494,0.987325998912117,0
19495,0.9659543106650219,0
19496,0.522191991571892,0
19497,0.9293482366323874,0
19498,0.6933821816599155,0
19499,0.9868091770913917,0
19500,0.9585322437814007,0
19501,0.9899734295728797,0
19502,0.999938254262927,1
19503,0.9754320723004399,1
19504,0.9999948183074132,1
19505,0.9999882768319268,1
19506,0.9883832834165726,0
19507,0.9143279264054586,0
19508,0.9647051168802717,0
19509,0.9473035289643371,0
19510,0.850784231564796,1
19511,0.9698231502505156,0
19512,0.9967550419921211,1
19513,0.9833536429102403,0
19514,0.9955232293115291,0
19515,0.9633851231557041,0
19516,0.9101140851130348,0
19517,0.9603347626894491,0
19518,0.9408544907865314,0
19519,0.9453167407610944,0
19520,0.9545366092226778,0
19521,0.9889985343299829,0
19522,0.8365198354797105,0
19523,0.8960364846390056,0
19524,0.9868901043898184,0
19525,0.9999999999999991,1
19526,0.546769274046614,1
19527,0.5721507797717192,0
19528,0.7772338994222258,1
19529,0.9820014189238665,1
19530,0.9995341412935806,1
19531,0.92717594110797,0
19532,0.9796324524521836,0
19533,0.9457040761432501,0
19534,0.5951981240357374,0
19535,0.8662073043201867,1
19536,0.9549341973208817,0
19537,0.6360318175256915,0
19538,0.7298740397973101,1
19539,0.6226245200521451,1
19540,0.9497290782151667,0
19541,0.9883708401983256,0
19542,0.9843426469705362,0
19543,0.9685196183535498,1
19544,0.9999325480574383,1
19545,0.5172242217987612,0
19546,0.831916699043065,0
19547,0.9902562601953108,0
19548,0.9869785049911917,0
19549,0.849509415115472,0
19550,0.9895422932332951,0
19551,0.989791588901948,0
19552,0.9806321149955863,0
19553,0.8226820820205154,0
19554,0.9996134494782899,1
19555,0.9999999991593846,1
19556,0.8900297798484291,0
19557,0.9329628856625757,0
19558,0.9770741568657793,0
19559,0.9514322204546091,0
19560,0.9886621035915446,0
19561,0.9996006994215418,1
19562,0.989222259700016,0
19563,0.6453470290593938,0
19564,0.9732467732610776,0
19565,0.6723048394003543,0
19566,0.8109432019374274,0
19567,0.9665702627540007,0
19568,0.9526505600213933,0
19569,0.904388796572202,1
19570,0.9854499668229508,0
19571,0.9996212797353148,1
19572,0.9999999999947629,1
19573,0.9798492132432883,0
19574,0.9722286986662848,0
19575,0.9861402652387751,0
19576,0.9353246516910273,0
19577,0.7873659702952664,1
19578,0.9659095613015114,0
19579,0.9871150770209323,0
19580,0.8182955851756173,0
19581,0.9934415012645459,0
19582,0.9569200843463521,1
19583,0.9831612012577999,0
19584,0.6872562848573555,1
19585,0.7358767983227859,1
19586,0.9893794614466633,0
19587,0.9851945361426644,0
19588,0.9599322845185717,1
19589,0.9999998871521975,1
19590,0.9764927735039627,0
19591,0.9202695243160304,0
19592,0.7672569245019359,0
19593,0.965421208074902,1
19594,0.9883512513710786,0
19595,0.7616044464816778,1
19596,0.8749896206133873,0
19597,0.9093426505566091,0
19598,0.8828224655959747,1
19599,0.9670376856197798,0
19600,0.9760699598661885,1
19601,0.9827727257221988,0
19602,0.9617350460894222,0
19603,0.9179846008464152,1
19604,0.8151851542481136,0
19605,0.9979404516615418,1
19606,0.9903000704071554,0
19607,0.993527924254874,0
19608,1.0,1
19609,0.999912387578167,1
19610,0.9816393545871754,0
19611,0.8691512740024151,1
19612,0.8721169301188327,0
19613,0.9739053377185527,0
19614,0.5820697906835832,0
19615,0.5268379278710056,1
19616,0.9999999999944758,1
19617,0.9987933489438878,1
19618,0.985007508435983,0
19619,0.9652883554749632,0
19620,0.9857120876192689,0
19621,0.9999999964493274,1
19622,0.9999999999866493,1
19623,0.8221764652840065,0
19624,0.676389360324259,0
19625,0.9278795298896754,0
19626,0.9994501470561583,1
19627,0.6330359363328956,1
19628,0.9838342391443943,0
19629,0.9907108376018758,0
19630,0.8138055354991763,1
19631,0.9820171191950677,0
19632,0.9865810063664251,0
19633,0.9998953659294262,1
19634,0.9869998053187696,0
19635,0.6987418320112833,0
19636,0.9997440742588312,1
19637,0.9248178733468773,0
19638,0.5844077656653132,0
19639,0.99071631473127,0
19640,0.5200274334701227,1
19641,0.8863354423853567,0
19642,0.9245501677380717,0
19643,0.9846870066756829,0
19644,0.8886680656520859,0
19645,0.858697724585912,0
19646,0.9910208942054336,0
19647,0.9846402669081527,0
19648,0.8572902810094253,0
19649,0.7645737644175351,0
19650,0.8927839016575687,1
19651,0.6720006673828968,0
19652,0.991130342292817,0
19653,0.9999994730032309,1
19654,0.9297475644102243,0
19655,0.9694544716109685,0
19656,0.8391474719827692,1
19657,0.9906433562446607,0
19658,0.9882873794883932,0
19659,0.9754226519416916,0
19660,0.9636066192981946,0
19661,0.9999999999999991,1
19662,0.5385269875643174,0
19663,0.9366182644692368,0
19664,0.9930278462307156,0
19665,0.9778272681322301,0
19666,0.9831181487312652,0
19667,0.816066574975521,0
19668,0.749269195962303,0
19669,0.9306433828727567,1
19670,0.8869817508416941,0
19671,0.9737038714910488,0
19672,0.9257231621096048,0
19673,0.99071631473127,0
19674,0.9766828729572399,0
19675,0.9848220831708223,0
19676,0.9990974489825463,1
19677,0.6160798197632245,0
19678,0.7817436804457997,1
19679,0.996858684994792,1
19680,0.5740534877666207,1
19681,0.891024108600037,1
19682,0.9780740721909372,0
19683,0.9999999999997098,1
19684,0.875244086810376,0
19685,0.9247712483776893,0
19686,0.5988350925791041,0
19687,0.9999994927859662,1
19688,0.9999767188280375,1
19689,0.840074982771041,0
19690,0.8663459480924246,0
19691,0.9998448188445315,1
19692,0.9884059742985025,0
19693,0.958499613670352,1
19694,0.9775615553411757,0
19695,0.9697544961765401,0
19696,0.8690735713077292,0
19697,0.7462234237022923,1
19698,0.9890444351553154,0
19699,0.9885664147454291,1
19700,0.9394449042618757,0
19701,0.724424812639821,1
19702,0.9850426535062399,0
19703,0.753451874430446,0
19704,0.9354848769346409,0
19705,0.974047984681804,0
19706,0.9733178480762735,0
19707,0.9999999751817951,1
19708,0.974706907166388,0
19709,0.9933231903646713,1
19710,0.9593774007192588,0
19711,0.9563638016448841,0
19712,0.8820891374086446,0
19713,0.6365220042115963,0
19714,0.9935262706569467,1
19715,0.9999863892254722,1
19716,0.9903664524530863,0
19717,0.6645815326064203,0
19718,0.9999972463237607,1
19719,0.5632565977344123,1
19720,0.9871882168168427,0
19721,0.7137338762857747,1
19722,0.9599075193737567,0
19723,0.9864372101715381,0
19724,0.9806347129476414,0
19725,0.9851420219438962,0
19726,0.9446026365589467,0
19727,0.9063844374911182,0
19728,0.999585308029214,1
19729,0.9620623682123606,0
19730,0.9170440325809415,0
19731,0.9789863485832688,0
19732,0.8265394564021854,0
19733,0.9056998406721237,0
19734,0.9893275802969649,0
19735,0.7700998966735894,0
19736,0.7270564329864408,0
19737,0.685192685740724,0
19738,0.9999310540248575,1
19739,0.9422355944903839,1
19740,1.0,1
19741,0.9712822133864627,0
19742,0.8775083367072636,1
19743,0.887887307255475,0
19744,0.8895038261569113,1
19745,0.9999999996406685,1
19746,0.547656210076429,1
19747,0.9999999898721126,1
19748,0.9828608462112366,0
19749,0.9454939816996696,0
19750,0.7789432973254332,1
19751,0.9999863871427939,1
19752,0.9942879707647796,0
19753,0.9812779140713814,0
19754,0.9815883770631578,1
19755,0.9692545851262492,0
19756,0.9637433711218677,0
19757,0.9756407128511896,0
19758,0.8568332626776041,0
19759,0.9757564734116998,0
19760,0.8301967301796451,0
19761,0.6652685067835606,0
19762,0.9776685542508947,0
19763,0.8176930085633192,0
19764,0.9742250649274937,0
19765,0.8240338762470926,0
19766,0.975406053879753,0
19767,0.9815665909077274,0
19768,0.9986397785283607,1
19769,0.9506836230858654,0
19770,0.7382609629017743,0
19771,0.991909097929796,0
19772,0.9643392615434291,0
19773,0.9918962264881594,0
19774,0.8988982711517218,0
19775,0.7354592428396131,1
19776,0.9926635187354221,1
19777,0.5155793494960567,0
19778,0.9990462513067515,1
19779,0.9576219111555699,0
19780,0.9655309166832847,0
19781,0.9868337160428602,0
19782,0.9999961315689466,1
19783,0.988730660537897,0
19784,0.9999999999999969,1
19785,0.9986521602173046,1
19786,0.9878500156204507,0
19787,0.9541200392911624,0
19788,0.9622141362793427,0
19789,0.6400627103159275,1
19790,0.9999981430676791,1
19791,0.9907226732568307,0
19792,0.9668383615694279,0
19793,0.8634686852735378,1
19794,0.949030282966026,0
19795,0.8085509257872731,0
19796,0.6389931565542091,1
19797,0.9716741730257179,0
19798,0.9301883831168768,0
19799,0.9833224802631418,0
19800,0.8474563528273888,1
19801,0.9382834180647912,1
19802,0.9968460400210997,1
19803,0.9880412470106786,0
19804,0.9564679142640141,0
19805,0.5967399192685716,0
19806,0.9993284698766048,1
19807,0.9639326645284073,0
19808,0.9764476908260677,1
19809,0.9962944567275465,1
19810,0.8674204732074515,0
19811,0.9963090779406277,1
19812,0.8718409480728756,0
19813,0.9034535022402019,0
19814,0.9854201815946543,0
19815,0.5810742147653681,1
19816,0.9796555753438513,1
19817,0.9569613707033204,0
19818,0.9773622539114686,0
19819,0.9469109278265592,0
19820,0.969369305367993,0
19821,0.9251350875850237,0
19822,0.9836365130152758,1
19823,0.58140713891294,1
19824,0.5406338545576759,0
19825,0.9591625516731042,0
19826,0.9440697792957966,1
19827,0.9409069086906765,0
19828,0.9999960461542821,1
19829,0.9841219390317404,0
19830,0.7233472315910493,0
19831,0.7001273201839985,0
19832,0.9183534682131543,0
19833,0.9491089233997884,0
19834,0.9879515977917015,0
19835,0.9138417737339475,0
19836,0.754770207261083,1
19837,0.8718724876620743,0
19838,0.9887250856164684,1
19839,0.9434422301190449,0
19840,0.9917416951767483,0
19841,0.9510650629873172,0
19842,0.937171151398326,0
19843,0.6069486950549181,1
19844,0.9772335958895361,0
19845,0.9026234241662179,1
19846,0.8881217833664735,0
19847,0.9833929629670186,0
19848,0.6417323126451111,0
19849,0.9329435958816436,0
19850,0.9665383932657546,0
19851,0.9407345731388981,0
19852,0.9824067657382789,1
19853,0.8988249863571947,0
19854,0.9818270933565526,0
19855,0.9915228258965271,0
19856,0.7032820632954201,1
19857,0.9919432126078637,0
19858,0.9681420981239227,0
19859,0.8940352026837615,1
19860,0.9516440599838559,1
19861,0.9438958845197797,0
19862,0.9826930603730508,0
19863,1.0,1
19864,0.9885418305612363,0
19865,0.9879498153688686,0
19866,0.9726163949119361,0
19867,0.9762724755869424,0
19868,0.7724189060657428,1
19869,0.6483725334798122,1
19870,0.8808276405812229,1
19871,0.9999388920896993,1
19872,0.9999999999999991,1
19873,0.7274918100649088,0
19874,0.6182620955230247,1
19875,0.9514927702500913,0
19876,0.999999081175045,1
19877,0.9343604910435763,1
19878,0.9921552901311755,1
19879,0.9627777904381993,0
19880,0.9921587511162822,0
19881,0.9902024668913606,0
19882,0.9403171054823048,1
19883,0.9578951773082158,1
19884,0.9999997521705518,1
19885,0.9293427734746386,0
19886,0.979301335974966,0
19887,0.9689792848139667,1
19888,0.8982234143761378,0
19889,0.8871969613651147,0
19890,0.9827072222473413,0
19891,0.513285034457682,0
19892,0.9260209239688719,0
19893,0.8883014347598043,0
19894,0.8674639273100501,0
19895,0.9581189806709126,0
19896,0.8747467763241651,1
19897,0.9010185696001415,0
19898,0.9822268432763211,0
19899,0.9059945649006805,1
19900,0.7783179861829508,1
19901,0.7885837861984853,1
19902,0.9879882521289749,0
19903,0.9304538599494561,0
19904,0.9797132785973381,0
19905,0.9999999999999996,1
19906,0.9618621246342176,0
19907,0.7742428788652106,1
19908,0.9734335376400062,0
19909,0.9852735898022046,0
19910,0.973123234911411,0
19911,0.8569007574919054,0
19912,0.8479099481294256,0
19913,0.9638566523956849,0
19914,0.9797721746077284,0
19915,0.9336212329812842,0
19916,0.999605006093862,1
19917,0.6568326766933528,1
19918,0.9645060573126593,0
19919,0.9180878651320717,0
19920,0.9889927809809453,0
19921,0.9856479821994599,0
19922,0.8949049591072501,0
19923,0.9775499443956094,1
19924,0.6011457706386121,1
19925,0.9868741580773869,0
19926,0.7125742836684098,1
19927,0.6236466238314131,0
19928,0.9867043448301805,0
19929,0.608140226118294,0
19930,0.8056937395866224,0
19931,0.9753784276674916,0
19932,0.990012085742482,0
19933,0.9735541149964804,0
19934,0.9813862165412228,0
19935,0.8470717226571342,0
19936,0.9999349935542318,1
19937,0.6868300817242975,0
19938,0.5860715798427216,0
19939,0.9830814129974469,1
19940,0.8317383364926364,0
19941,0.7598354686288661,0
19942,0.9550624110051171,1
19943,0.5351826188507459,0
19944,0.9826930603730508,0
19945,0.94523681873963,0
19946,1.0,1
19947,0.9999999999997118,1
19948,0.6716822968174776,0
19949,0.9868627440757255,0
19950,0.5794352035368913,0
19951,0.8010096597129545,0
19952,0.9771639751547256,0
19953,0.9533840506982906,0
19954,0.9999160947765847,1
19955,0.5516078756560561,1
19956,0.9907096146058604,0
19957,0.9999999879764522,1
19958,0.8013902596010202,0
19959,0.9843242119924119,1
19960,0.9999999159882866,1
19961,0.9577530683580796,1
19962,0.9848893639209352,0
19963,0.9899784669016591,0
19964,0.9468737030319364,0
19965,0.9913643433740171,0
19966,0.6725772172832651,0
19967,0.7493587204706871,0
19968,0.8245201395763571,0
19969,0.9336293406330469,0
19970,0.9837445153434392,0
19971,0.9699599837817668,0
19972,0.8195192874690251,0
19973,0.9898637704816282,0
19974,0.8784430668656296,0
19975,0.7564372427446309,0
19976,0.5786261251694897,1
19977,0.9372702681234937,0
19978,0.9556580506860138,0
19979,0.9941511766706761,1
19980,0.9164853208395403,1
19981,0.9592178805408684,0
19982,0.8342011751183414,1
19983,0.9678928777568373,0
19984,0.8769554700462335,0
19985,0.7775125809722343,0
19986,0.949676960870558,0
19987,0.7701894765624707,0
19988,0.920852799901356,1
19989,0.9770357141106067,0
19990,0.8640120348902258,0
19991,0.9880921159335063,0
19992,0.8973171374762532,0
19993,0.5636496077736527,1
19994,0.9999999999999067,1
19995,0.9837639592231098,0
19996,0.9799718072944967,0
19997,0.9998104631811382,1
19998,0.969082012671759,0
19999,0.9814834543025862,0
20000,0.9848551694344359,0
20001,0.9361090300366328,0
20002,0.9980533598276804,1
20003,0.9883075439761015,0
20004,0.8948911275080452,0
20005,0.6121916081084279,1
20006,0.7314522332166931,0
20007,0.5587604168501826,1
20008,0.9824087909883303,0
20009,0.9689264585819479,1
20010,0.9999999950196454,1
20011,0.9847480064691801,0
20012,0.8798350295959234,0
20013,0.9178838216528313,0
20014,0.9701731639578709,0
20015,0.773260951304119,0
20016,0.9841334331815595,0
20017,0.99930298470319,1
20018,0.6739516159577611,0
20019,0.9713075348315614,0
20020,0.9758290915970317,0
20021,0.9922153768707301,0
20022,0.5441379152616811,1
20023,0.9524991066048825,0
20024,0.9504113716593304,0
20025,0.7799478256174286,0
20026,0.9541296359874429,0
20027,0.5138555045167527,1
20028,0.983061358481335,0
20029,0.9999964028548074,1
20030,0.9998337500007375,1
20031,0.9837237372913834,0
20032,0.6143183942336269,0
20033,0.8973165881024605,0
20034,0.984180497369,1
20035,0.9742510779137372,0
20036,0.9778130291488503,0
20037,0.7999784628056883,1
20038,0.7145337081153037,0
20039,0.9747027294803655,0
20040,0.887900837422181,0
20041,0.9999999999999658,1
20042,0.9999999911956152,1
20043,0.9832047857371018,0
20044,0.9490251066094288,0
20045,0.8465876803219459,1
20046,0.8630782396518278,0
20047,0.8647824652959303,1
20048,0.702443712882795,1
20049,0.9927925235657296,0
20050,0.9892931301714208,0
20051,0.812378035913204,0
20052,0.7863271271349965,0
20053,0.9753945163541528,0
20054,0.9242743648912511,0
20055,0.9781233534051557,0
20056,0.7554396133441097,0
20057,0.91027695620255,0
20058,0.9881238409610793,0
20059,0.8773502541251849,0
20060,0.6612852078918602,0
20061,0.9774802795652386,0
20062,0.935934152782246,1
20063,0.7852384131370898,1
20064,0.7231515133598513,1
20065,0.9894497855925289,0
20066,0.6783686296747862,0
20067,0.9983734661289555,1
20068,0.9392788634102603,0
20069,0.7160468994390976,0
20070,0.9848568493823461,0
20071,0.9910847935363268,0
20072,0.5638344873455947,0
20073,0.6219143887427918,1
20074,0.9677525973078335,0
20075,0.9598207004323961,0
20076,0.9508646366765372,0
20077,0.9781983786485238,0
20078,0.9723924466316363,0
20079,0.9795132439833779,0
20080,0.9912302116169435,0
20081,0.9232560970580916,0
20082,0.9284577851002472,0
20083,0.8963532418078903,0
20084,0.6064196477757087,1
20085,0.6971086921456128,1
20086,0.9768145116882095,0
20087,0.678288231591434,1
20088,0.8833080775518312,0
20089,0.9717873192730451,0
20090,0.9996895058596724,1
20091,0.9567615205686508,0
20092,0.9241317256304299,0
20093,0.934176122317947,0
20094,0.9816882802228402,0
20095,0.9768215094659156,0
20096,0.99187891020012,1
20097,0.9899522179719664,0
20098,0.9503492790117248,0
20099,0.9670633896241184,1
20100,0.9583156916641405,1
20101,0.8917003759099588,1
20102,0.9906268611044888,0
20103,0.8679936608161406,1
20104,0.8087006485276166,1
20105,0.6096506506523985,0
20106,0.9829836336274976,0
20107,0.9999999996448086,1
20108,0.8818448983146817,0
20109,0.9999998073230716,1
20110,0.9814257158498935,0
20111,0.9716351796842879,0
20112,0.5944995022238412,1
20113,0.9906699112776745,0
20114,0.987676293493193,0
20115,0.7129780152173995,1
20116,0.5193857325905059,0
20117,0.9471090771790664,0
20118,0.9796609187059806,0
20119,0.9448098679943204,0
20120,0.9785294966753882,1
20121,0.6334042856216852,1
20122,0.8490276668130945,1
20123,0.9927417217408993,0
20124,0.5097639168879985,0
20125,0.983785952971403,0
20126,0.6874588353658275,0
20127,0.9838606032457788,0
20128,0.9167398287787053,0
20129,0.9849598895014726,0
20130,0.9872335668577775,0
20131,0.6740318741340678,1
20132,0.5352575824891408,0
20133,0.9272461114933652,0
20134,0.9442409612623176,0
20135,1.0,1
20136,0.5673442095929359,1
20137,0.989760173749497,0
20138,0.9902658630680694,1
20139,0.6415627555793856,1
20140,0.7561889381451605,0
20141,0.8846375995202788,0
20142,0.9999923829926881,1
20143,0.6998042566124395,1
20144,0.9985441611614283,1
20145,0.9448761590902882,0
20146,0.7617698470064473,0
20147,0.6909758691750068,0
20148,0.7294453445159053,1
20149,0.9536046185741102,0
20150,0.9958010080214196,1
20151,0.9984139812081362,1
20152,0.9999961237549198,1
20153,0.9895686031645015,0
20154,0.974411957340624,0
20155,0.9688246881829359,0
20156,0.7964280671258998,1
20157,0.9981767034682469,1
20158,0.9499701276717284,0
20159,0.93284849253188,1
20160,0.9999994531034261,1
20161,0.9995636863079581,1
20162,0.7636331493840949,0
20163,0.9996223441721206,1
20164,0.9855715319791368,0
20165,0.9152215944644804,0
20166,0.9810538998104813,0
20167,0.9586771296671928,0
20168,0.7823970411337705,0
20169,0.9892943937338678,0
20170,0.8667317284160986,0
20171,0.9992946746959477,1
20172,0.9507244924204399,1
20173,0.9155703907857088,1
20174,0.8039806912381338,0
20175,0.9904140482071174,0
20176,0.9999998861883468,1
20177,0.9776121894497241,0
20178,0.5612696489732967,0
20179,0.5019576993592705,0
20180,0.9717122254700947,0
20181,0.9716734167662568,1
20182,0.64149943680723,1
20183,0.9792872260606929,0
20184,0.9273592064144902,0
20185,0.5459291274626423,0
20186,0.6259215732504511,1
20187,0.8681235863723606,0
20188,0.5439774241553347,0
20189,0.8540134259372962,0
20190,0.9412947981192364,0
20191,0.6261388714825319,1
20192,0.986924264732686,0
20193,0.9910567578900373,0
20194,0.9823658267633402,0
20195,0.9884017159591426,1
20196,0.9496329306311605,0
20197,0.9950101294568142,0
20198,0.6803937332644401,1
20199,0.9951425036947931,1
20200,0.9873870757409996,0
20201,0.9656736713083172,0
20202,0.7239805098785902,0
20203,0.9999310614835225,1
20204,0.9006062614375774,1
20205,0.9871020246944167,0
20206,0.5235200152290042,0
20207,0.9829740858490419,0
20208,0.8402821789679559,0
20209,0.9434558928200664,0
20210,1.0,1
20211,0.976686983153377,0
20212,0.504217020071564,0
20213,0.6082325567076599,0
20214,0.7369767898436543,0
20215,0.9905331276822047,0
20216,0.8828235320537325,1
20217,0.9394520105565315,0
20218,0.9342034755587695,0
20219,0.948831164182719,0
20220,0.9886550761945145,0
20221,0.9224886262334808,0
20222,0.6950695928093145,1
20223,0.9945360456925502,0
20224,1.0,1
20225,0.6723608820933363,0
20226,0.991061387494515,0
20227,0.9232737595558489,1
20228,0.9296498387083598,0
20229,0.9188344551959815,0
20230,0.9922562838454287,0
20231,0.9263523532751747,0
20232,0.9999968375284969,1
20233,0.9999999999999569,1
20234,0.8626484118821885,0
20235,0.9900562566397257,1
20236,0.9921487000167265,0
20237,0.6793422929786611,1
20238,0.8393053429743854,0
20239,0.8472810000127501,0
20240,0.8709375019465581,1
20241,0.5363003851711893,1
20242,0.9504959131816125,0
20243,0.9417596282155053,0
20244,0.804231687478057,0
20245,0.9929853819565011,1
20246,1.0,1
20247,0.9910770244714441,0
20248,0.9407490296551807,0
20249,0.9923833306183149,0
20250,0.9705423468995588,0
20251,0.9137309530594734,0
20252,0.999291831437197,1
20253,0.9899258890027696,0
20254,0.9999413380692747,1
20255,0.9882445929353326,0
20256,0.5347242870563409,0
20257,0.9999999999999747,1
20258,0.958492521000008,0
20259,0.9936052761811701,0
20260,0.9698724038372107,0
20261,0.9503739605518126,0
20262,0.9992006153195347,1
20263,0.5738647301321779,1
20264,0.9093752291235464,1
20265,0.9815978118502066,0
20266,0.9601543286683037,0
20267,0.9922331681834432,0
20268,0.85441034744744,0
20269,0.9536210681955675,0
20270,0.8806583930971952,0
20271,0.9766872301088004,0
20272,0.979319379658996,0
20273,0.9003745549560751,0
20274,0.8978118381488892,0
20275,0.9772471173479292,0
20276,0.9341481889667107,0
20277,0.9992141387350567,1
20278,0.9999999958670933,1
20279,0.706218384003293,0
20280,0.9039122609810205,1
20281,0.6085962228246824,1
20282,0.9756293706057236,0
20283,0.51850704862673,0
20284,0.6135140709967755,0
20285,0.9829727017939444,0
20286,0.7441853635445715,0
20287,1.0,1
20288,0.9891235336847721,0
20289,0.9536419722439531,1
20290,0.9998668807898572,1
20291,0.9966140941818065,1
20292,1.0,1
20293,0.9890523880586273,1
20294,0.6245678548646262,0
20295,0.8312027279909233,0
20296,1.0,1
20297,0.8996398512820559,0
20298,0.9747037963273948,0
20299,0.9000021345642607,0
20300,0.9784406079486863,1
20301,0.9999999999999263,1
20302,0.9728509062763989,0
20303,0.9999172576472587,1
20304,0.999997952859588,1
20305,0.9826791600820706,0
20306,0.9901032217512705,0
20307,0.8608857584944359,0
20308,0.9511542854269373,0
20309,0.5228215509242004,1
20310,0.9979786395758015,1
20311,0.9512489918034752,0
20312,0.9999406841990768,1
20313,0.9859568081399215,0
20314,0.9623158223761846,1
20315,0.9909824805003548,0
20316,0.9972671002136788,1
20317,0.800530651032906,1
20318,0.9209383741771405,0
20319,0.985739487081736,0
20320,0.5523020317332511,1
20321,0.7534970157488374,0
20322,0.888963228243764,0
20323,0.9999999282505593,1
20324,0.6735462531328222,0
20325,0.9753993649056171,0
20326,1.0,1
20327,0.7822806716984461,1
20328,0.5855430654321585,1
20329,0.9104665049434608,1
20330,0.9301140810866562,0
20331,0.9758915819290424,0
20332,0.8360751147486564,0
20333,0.9883548535400553,0
20334,0.9780550545285874,0
20335,0.7505788468343527,1
20336,0.9999999999999538,1
20337,0.9656506930703604,0
20338,0.9999999999931872,1
20339,0.6674125434186409,0
20340,0.8904299764938816,0
20341,0.9467497974208668,0
20342,0.9999999999892544,1
20343,0.9999225840451798,1
20344,0.9550142311287692,0
20345,0.9731521225322712,1
20346,0.8554609733052501,0
20347,0.6774636648776465,0
20348,0.7978021860008826,0
20349,0.9752832901350856,0
20350,0.9857274228494324,0
20351,0.9454330951787222,0
20352,0.9999999999701723,1
20353,0.67683005026068,0
20354,0.5145091102268454,0
20355,0.9324546018951594,0
20356,0.9259500901934591,1
20357,0.9999999611047411,1
20358,0.892531037802623,1
20359,0.9999061414009047,1
20360,0.8904844533165873,1
20361,0.9902308910451577,0
20362,0.7114777903745813,1
20363,0.9921456217618966,0
20364,0.8424700398560772,0
20365,0.9408595430962399,0
20366,0.5646310525508097,0
20367,0.8080269519196596,1
20368,0.9999470427871464,1
20369,0.7594114993862137,0
20370,0.9791725956453511,0
20371,0.9689499036864877,0
20372,0.8070651041938555,0
20373,0.9683794402457584,0
20374,0.9675418433467771,0
20375,0.9482054246432285,0
20376,0.9874599379050285,0
20377,0.9785922662440426,0
20378,0.8933928561958505,1
20379,0.9561744502923171,0
20380,0.8975381687888115,1
20381,0.9323855040631832,1
20382,0.9870587981840689,0
20383,0.9458445805821933,0
20384,0.9854009226783179,0
20385,0.9955232293115291,0
20386,0.7488294522653887,0
20387,0.5566579148811825,0
20388,0.9575938705851222,0
20389,0.979320092112354,0
20390,0.700473448579949,0
20391,0.5685828039226016,1
20392,0.578991621538375,0
20393,0.6067078554058097,1
20394,0.9516860579187348,1
20395,0.999999995528353,1
20396,0.890884764108775,0
20397,0.9879625132792332,0
20398,0.9841797456472473,1
20399,0.954922156780484,0
20400,0.9781179768442857,0
20401,0.8727508753347873,0
20402,0.8577927763990956,0
20403,0.9908998482357463,0
20404,0.5730362007295164,0
20405,0.9939709275840654,1
20406,0.9110172258869687,0
20407,0.6367267868375498,0
20408,0.6521807901869309,0
20409,0.9060195271524832,1
20410,0.6471568553213791,0
20411,0.9085573398380868,0
20412,0.997064575643087,1
20413,0.9891622663828494,1
20414,0.720673185770724,0
20415,0.9889758722190626,0
20416,0.9923345552729417,1
20417,0.9999545884507172,1
20418,0.7112433125240127,0
20419,0.9920289027358095,0
20420,0.9290653700675101,0
20421,0.9914206934144234,0
20422,0.8138798192367738,1
20423,0.9380010401166645,0
20424,0.7613815712188494,0
20425,0.8530495478739842,0
20426,0.9925091816527928,0
20427,0.9966255536917437,1
20428,0.9999999999649267,1
20429,0.9874124935710568,0
20430,0.9507733933611286,0
20431,0.6528935028053879,1
20432,0.5913138725745629,1
20433,0.9798509627595344,1
20434,0.9871193563848039,1
20435,0.906146031309967,0
20436,0.9878876982023964,0
20437,0.5071965031221499,1
20438,0.5577793805286372,0
20439,0.9779954069896147,0
20440,0.7699067188386358,1
20441,0.9907045648156478,0
20442,0.9902816184783748,0
20443,0.9811522634655466,0
20444,0.9879257124505422,0
20445,0.9464858867815129,0
20446,0.9862883095827573,0
20447,0.9756594457793083,0
20448,0.9328654424128273,0
20449,0.7521877321694996,0
20450,0.9793310788645382,0
20451,0.8630598166855359,0
20452,0.999999945961766,1
20453,0.9999999999999931,1
20454,0.5407745800757866,1
20455,0.8811587049799013,0
20456,0.6506015594389319,0
20457,0.6784614152396717,1
20458,0.9891740729090546,0
20459,0.9054435597233323,0
20460,1.0,1
20461,0.999668805364353,1
20462,0.9891000618359602,0
20463,0.7527087620679005,0
20464,0.9848819683955816,0
20465,0.9678874996245443,0
20466,0.9788016014921158,0
20467,0.8757876418863484,0
20468,0.9457720115588059,0
20469,0.9087103855458292,0
20470,0.9263056814800258,0
20471,0.9982121453614718,1
20472,0.5825082302462232,1
20473,0.9126823250339305,0
20474,0.6088254784981203,0
20475,0.8814330032245298,0
20476,0.9360950806441048,0
20477,0.9921820063542128,1
20478,0.5684582670388331,0
20479,0.965794156046437,0
20480,0.920592776878712,0
20481,0.6135509416770304,1
20482,0.9899234274300904,0
20483,0.9792794905820955,0
20484,0.9265926692159903,0
20485,0.9999883251915941,1
20486,0.9999999998323035,1
20487,0.7530102903691297,1
20488,0.976632722028956,0
20489,0.9915328077732003,0
20490,0.9943822195675917,0
20491,0.9187178777645442,0
20492,0.9992719098734336,1
20493,0.9828780449603055,0
20494,0.9744762963119513,0
20495,0.988298592586529,0
20496,0.9778276876821589,1
20497,0.9816497956461182,0
20498,0.963609498422244,0
20499,0.6933095065135182,0
20500,0.965893722683771,1
20501,0.980386626574989,0
20502,0.7362602461295413,1
20503,0.6580658373837474,0
20504,0.9998469464981019,1
20505,1.0,1
20506,0.9796852489221825,0
20507,0.9990493290415348,1
20508,0.8472799524525476,0
20509,0.9746432821145051,0
20510,0.7383322968756771,0
20511,0.9858202322852667,0
20512,0.9898650969806746,0
20513,0.9241579519464502,0
20514,0.6811865684049395,1
20515,0.9476474140825212,0
20516,0.9881773372349869,0
20517,0.8764868203065399,0
20518,0.9570050079667685,0
20519,0.9505124776102296,1
20520,0.9882572804421843,0
20521,0.8315991542168689,0
20522,0.9765983145589823,1
20523,0.8163898039694937,0
20524,0.8465558841920916,0
20525,0.6950374974194599,1
20526,0.9977016003097847,1
20527,0.9895359214641154,0
20528,0.9872845836881211,0
20529,0.8655590942315754,0
20530,0.9889288197893128,0
20531,0.9830064832547848,0
20532,0.9317043907696287,0
20533,0.9871570632029036,0
20534,0.9306064984306072,0
20535,0.9999992347223818,1
20536,0.5994723754463303,0
20537,0.9185204866211844,1
20538,0.9607038786864726,0
20539,0.8876358841540681,0
20540,0.9512162001208031,1
20541,0.9842570943141075,0
20542,0.9773711302683666,0
20543,0.875463476494372,1
20544,0.9128756848668051,0
20545,0.9503904261550902,0
20546,0.941120027122132,0
20547,0.9994009443182413,1
20548,0.9999888577306435,1
20549,0.9801769940369837,0
20550,0.8207277986678868,0
20551,0.5741887290059375,0
20552,0.9995583109647106,1
20553,0.9894217938371588,0
20554,0.9861620313895769,0
20555,0.9383999553729699,0
20556,0.9032100324843638,0
20557,0.999999997916242,1
20558,0.9354701314831589,0
20559,0.9821403030439123,0
20560,0.8746177377671492,0
20561,0.922084707038247,0
20562,0.9781182361692949,0
20563,0.6678530554713431,0
20564,1.0,1
20565,0.9743909359593746,1
20566,0.8346285571700232,0
20567,0.9993080703734957,1
20568,0.5008757572239608,0
20569,0.9999999997414646,1
20570,0.833125363873829,1
20571,0.9907979485090347,0
20572,0.9895252182375687,0
20573,0.9664743494623804,0
20574,0.8427155621368256,0
20575,0.5034193490955111,1
20576,0.8252829401902263,1
20577,0.9090862409141391,0
20578,0.8034397216712056,0
20579,0.9915833355380811,0
20580,0.9342767478543473,0
20581,0.9999999476140791,1
20582,1.0,1
20583,0.973570999310353,0
20584,0.9315703818893997,0
20585,0.9835807294271823,0
20586,0.9280398783987698,0
20587,0.9820940119933365,0
20588,0.9948150393910049,1
20589,0.9454193644440196,0
20590,0.9355890103437116,0
20591,0.975448005144826,1
20592,0.5051049152383593,1
20593,0.9627814850161194,0
20594,0.9838913391342904,0
20595,0.9430655855241704,1
20596,0.9873408661438634,0
20597,0.9717306651281283,1
20598,0.8184893956473949,0
20599,0.7648042410708206,0
20600,0.9693873469290215,1
20601,0.9767920037112222,0
20602,0.9964636659438157,1
20603,0.9737233723271227,0
20604,0.9500037128684748,0
20605,0.9997496086883007,1
20606,0.8794221958582578,0
20607,0.8660337963017649,0
20608,0.9892290117303766,0
20609,0.9928316516903891,0
20610,0.8910869448422929,0
20611,0.9712047360187979,1
20612,0.9902863002185557,0
20613,0.9870194024768995,0
20614,0.9725177485485693,0
20615,0.987083715968715,1
20616,0.9824751948919341,0
20617,0.5633792986751793,1
20618,0.989991652635757,0
20619,0.826246086671976,0
20620,0.83584170313214,0
20621,0.9468087941195988,0
20622,0.918865094673614,1
20623,0.8466052644608918,0
20624,0.98795858697194,0
20625,0.9900373397523277,0
20626,0.9783392511957311,0
20627,0.7570815996809374,0
20628,0.9821867567361398,0
20629,0.9312045314125807,0
20630,0.9311166291863697,0
20631,0.9856286134444678,0
20632,0.9420353364403181,1
20633,0.9643131243499583,0
20634,0.5408689988863434,1
20635,0.9857570514567724,0
20636,0.9499820404997777,0
20637,0.8393611710180883,0
20638,0.9344250520878024,0
20639,0.9586625259415433,1
20640,0.9904072801464502,0
20641,0.9762584505116557,0
20642,0.6942804786494112,1
20643,0.9559190478293151,0
20644,0.9884173004369309,0
20645,0.975486484057617,1
20646,0.9999600716635035,1
20647,0.8366459099045095,0
20648,0.9811456623610573,1
20649,0.6946461052951914,1
20650,0.9790818138614892,0
20651,0.8069751560420537,1
20652,0.9604864598751232,0
20653,0.8963553166858012,0
20654,0.9786529672725931,0
20655,0.9054341793948218,1
20656,0.9470449638303746,1
20657,0.9461870587225605,0
20658,0.9926957199570301,0
20659,0.8889932152699616,0
20660,0.810786367282816,0
20661,0.9752248812171791,0
20662,0.959630082016418,1
20663,0.5964250071589615,0
20664,0.6054592583568773,1
20665,0.900539253580767,1
20666,0.957356671083982,0
20667,0.9154393473808324,0
20668,0.9990766781408028,1
20669,0.6771925570617909,0
20670,0.970218111010222,0
20671,0.9076051993044971,0
20672,0.9873523247860625,0
20673,0.6610357410938864,0
20674,0.9782595332026136,0
20675,0.9893713015192316,0
20676,0.9999957035318113,1
20677,0.7919761981952887,0
20678,0.89913588956028,0
20679,0.9904053690124343,0
20680,0.9946887919414574,0
20681,0.9556098058165566,0
20682,0.9135680902216134,0
20683,0.9852712557938978,0
20684,0.9596166254433028,0
20685,0.7500676994787105,1
20686,0.9864856492914102,0
20687,0.9861087212855043,0
20688,0.8327659911284806,0
20689,0.6107519097874196,1
20690,0.9311019990038346,0
20691,0.9870696803905135,0
20692,0.8517806943292732,0
20693,0.9883312800178196,0
20694,0.9886773155745132,1
20695,0.9831501748772677,0
20696,0.6207522116017008,1
20697,0.9712566822820468,0
20698,0.820837007989347,0
20699,1.0,1
20700,0.9877685630308626,0
20701,0.9837767806414415,0
20702,0.9432660860527828,0
20703,0.9250843533273914,0
20704,0.9239012652666004,0
20705,0.9848065121690891,0
20706,0.9886113014841389,1
20707,0.7290707165456665,0
20708,0.6934699474568979,0
20709,0.9835802988936961,0
20710,0.9936271484446026,0
20711,0.856931107852863,0
20712,0.9674299263810684,0
20713,0.9620990530212794,1
20714,0.9789216478427912,0
20715,1.0,1
20716,0.7529492769723297,1
20717,0.8833658958341272,0
20718,0.9914844229641945,0
20719,0.937659141314402,0
20720,0.9658417705281415,0
20721,0.9433873812719771,0
20722,0.9996535243000593,1
20723,0.9974621150207914,1
20724,0.9840312243087265,0
20725,0.9255173070895818,0
20726,0.9066110820522101,1
20727,0.9911627758211902,0
20728,0.9387762249971433,0
20729,0.999580158850902,1
20730,0.9692107140910301,0
20731,0.9999024963575656,1
20732,0.985537760649685,0
20733,0.5855430654321585,1
20734,0.6705645997102149,0
20735,0.984768178528302,0
20736,0.9999999999999774,1
20737,0.9772268278232602,0
20738,0.6149968936708929,0
20739,0.9827720673168768,0
20740,0.8669001829042228,0
20741,0.999996721447792,1
20742,0.9637370689419701,0
20743,0.5454310835489616,0
20744,0.9693791910091804,0
20745,0.9845332221942047,0
20746,0.6527514345061398,1
20747,0.9081850534537452,1
20748,0.9399664035387851,0
20749,0.9735729253996105,0
20750,0.8676461049263576,1
20751,0.6486723980625246,0
20752,0.9777330175697186,0
20753,0.9708582958361401,0
20754,0.7919240540075358,0
20755,0.9994344534069368,1
20756,0.838477373037044,0
20757,0.9878965148228608,0
20758,0.7832961056498544,1
20759,0.9999999998278712,1
20760,0.8426667973448985,1
20761,0.869834491278096,0
20762,0.5349829138761414,1
20763,0.8673200799703152,0
20764,0.9873081843573894,0
20765,0.9999999661904339,1
20766,0.9879296825371833,1
20767,0.8218918175395719,0
20768,0.7527542866147962,1
20769,0.5068336959906907,1
20770,0.5416132176253398,1
20771,0.9869994761808358,0
20772,0.9729135197189434,0
20773,0.9874790196369483,0
20774,0.5029851465289287,0
20775,0.9878143930684602,0
20776,0.993527924254874,0
20777,0.9657502314729537,0
20778,0.7831097662880452,0
20779,0.9727190631638479,1
20780,0.9594018637514513,0
20781,0.990731919283612,0
20782,0.9734205248891422,0
20783,0.9976513179289829,1
20784,0.9900215648006493,0
20785,0.5192992472165922,1
20786,0.9998263663101737,1
20787,0.8300411885134599,0
20788,0.9686179343234518,0
20789,0.9727058663389623,0
20790,0.7878406624435266,0
20791,0.9750471884385723,0
20792,0.8037677300600818,0
20793,0.9637172932355597,0
20794,0.9841162565978132,1
20795,0.9920009962386269,0
20796,0.9881678968377687,0
20797,0.9838752905072811,0
20798,0.9777121525604688,0
20799,0.5448960824757985,1
20800,0.7509592513879643,0
20801,0.9922214620366182,0
20802,0.7485306313241145,0
20803,0.9999962533987282,1
20804,0.9755723508596098,0
20805,0.9861745826618429,0
20806,0.967610024198396,0
20807,0.9917862132426638,1
20808,0.8531994293413119,0
20809,0.9573691952669573,1
20810,0.5241099403376479,1
20811,0.9392462116602192,0
20812,0.9866172010185856,0
20813,0.8401980896489194,0
20814,0.6766800746181107,1
20815,0.8432451512484144,1
20816,0.9698426938035999,1
20817,0.6381236044868872,1
20818,0.9997516033271354,1
20819,0.9943020324418498,0
20820,0.9781890233548095,0
20821,0.5970109605381282,0
20822,0.5325011335431696,0
20823,0.8901226340722315,0
20824,0.952133017334249,0
20825,0.9778130291488503,0
20826,0.765299816781583,1
20827,0.9783267874966971,0
20828,0.6245871144646797,1
20829,0.990721402015382,0
20830,0.638883483539083,1
20831,0.896325886485205,0
20832,0.880095333647417,1
20833,0.7876136579321921,0
20834,0.9609886113468717,1
20835,0.9835682793463653,1
20836,0.9274090787806785,0
20837,0.8193113478984806,1
20838,0.9891544846540344,0
20839,0.8474587431514224,1
20840,0.971413053555535,0
20841,0.7558644733234479,0
20842,0.8457681163679083,1
20843,0.6423741849742228,1
20844,0.9908747493215012,1
20845,0.9178407457157532,1
20846,0.999303417824753,1
20847,0.908380678555116,0
20848,0.9999999924072996,1
20849,0.9842245116467263,0
20850,0.9337154703445082,1
20851,0.9143692117090125,0
20852,0.9633083022698802,0
20853,0.8162673957243615,0
20854,0.9090275864233064,0
20855,0.9980379471239754,1
20856,0.8681902095034507,0
20857,0.999868715781784,1
20858,0.9857057033504347,0
20859,0.9758028449100052,0
20860,0.9658338010141434,0
20861,0.9871747799031692,0
20862,0.9931994900797168,0
20863,0.6058560722826295,1
20864,0.9882375692562442,0
20865,0.9507904938313725,0
20866,0.8097923745629064,0
20867,0.7980271506320222,0
20868,0.9703896105624193,0
20869,0.9899764944494288,0
20870,0.9931709642926646,0
20871,0.6115722277673619,1
20872,0.9743454268191132,0
20873,0.9764685842292147,0
20874,0.8510560873109265,0
20875,0.9785571611384611,0
20876,0.9846002565352823,0
20877,0.572010807683913,0
20878,0.5166867568349904,1
20879,0.5992479858846662,1
20880,0.9897290147983913,1
20881,0.8061382300457529,0
20882,0.9803394692040117,0
20883,0.6367530504424777,1
20884,0.9744493728426082,0
20885,0.9445401174536413,1
20886,0.9572631494331388,0
20887,0.9746605819103339,0
20888,0.6772598635376025,1
20889,0.9687475030247655,1
20890,0.9220863181296494,0
20891,0.9999947796201543,1
20892,0.9788332984550004,0
20893,0.9992835501271478,1
20894,0.985152882540414,0
20895,0.858583212493167,0
20896,0.6422236706407495,0
20897,0.9600588237783922,0
20898,0.8269231971103056,1
20899,0.9413810193489764,0
20900,0.9617808391648631,0
20901,0.6667703080082944,1
20902,0.9499723488252698,0
20903,0.749263630091576,1
20904,0.9839184089091337,0
20905,0.8433153726225452,1
20906,0.9995855602379119,1
20907,0.5957377852189476,0
20908,0.9633945123500215,0
20909,0.9999999054948532,1
20910,0.9999979175555385,1
20911,0.5796295944023657,1
20912,0.9722076791927537,0
20913,0.9789268293165084,0
20914,0.9873654526187994,0
20915,0.9922934104653958,0
20916,0.7489767303155775,0
20917,0.964843889484391,0
20918,0.9940174009887978,1
20919,0.8892378500368493,0
20920,0.9999699213053888,1
20921,0.9715524309411804,0
20922,0.8758470143619903,0
20923,0.9999999999999187,1
20924,0.99993334471824,1
20925,0.7925856460906626,0
20926,0.9825553098324197,0
20927,0.9803206208018957,0
20928,0.9780942579295977,0
20929,0.5433059955672274,0
20930,0.9999653757232781,1
20931,0.8069993967374847,0
20932,0.9856631895719681,0
20933,0.950828923069381,0
20934,0.9641309556789478,0
20935,0.9861753412751291,0
20936,0.9900450109501114,0
20937,0.9619040477705962,0
20938,0.9688768158821276,0
20939,0.9366468449953658,1
20940,0.9777204999706411,1
20941,0.7651842308170047,0
20942,0.9895688385847962,0
20943,0.99238885489336,0
20944,0.9919545605137479,0
20945,0.9764680120863154,0
20946,0.5884927948035602,1
20947,0.9921720935506124,0
20948,0.9999993584051119,1
20949,0.999986724262412,1
20950,0.9810479659018937,0
20951,0.993924387600222,1
20952,0.9789621347165768,0
20953,0.99541432476084,1
20954,0.8690174520955276,1
20955,0.9845255169327625,0
20956,0.6765445761573696,0
20957,0.9880131236502847,0
20958,0.8970715677672619,0
20959,0.9887695585406842,0
20960,0.9427164792710421,0
20961,0.9782332475173308,0
20962,0.9693475438902824,0
20963,0.5124705350227974,0
20964,0.9526834697364658,0
20965,0.9919245420635219,0
20966,0.9937968857111678,1
20967,0.999995412760066,1
20968,0.9331102479677751,0
20969,0.97068076267407,0
20970,0.9684761186563923,0
20971,0.9724415920839776,0
20972,0.9343279664802087,0
20973,0.5051615789406909,0
20974,0.9357923437579294,0
20975,0.531162386049523,1
20976,0.9200638572604655,1
20977,0.9854089164401819,0
20978,0.9899919166674431,0
20979,0.9676524598687346,0
20980,0.8732896083323302,1
20981,0.9803192312696216,1
20982,0.8346388852386594,0
20983,0.7094949680799547,0
20984,0.5519486626658011,0
20985,0.6189195651037503,0
20986,0.7398043140320997,0
20987,0.8017547645120445,1
20988,0.9326957576505457,1
20989,0.9782701447888116,0
20990,0.5272210088214125,0
20991,0.9633222197390717,0
20992,0.9999999999871105,1
20993,0.9875051682059112,0
20994,0.6257882479416786,0
20995,0.9447808335808681,0
20996,0.5281290342871728,1
20997,0.991450034815744,0
20998,0.9999911604582159,1
20999,0.9796202233394419,0
21000,0.9262982597003289,0
21001,0.9967619516805284,1
21002,0.6082748593305035,0
21003,0.9948510578306743,0
21004,0.7263038161285815,1
21005,0.7261274016280176,1
21006,0.7207624570643271,1
21007,0.9806398844906002,0
21008,0.8831693932098852,0
21009,0.9944838163942293,0
21010,0.8595335946036153,1
21011,0.9562863719837451,0
21012,0.9552267372170261,0
21013,0.9910734956510159,0
21014,0.9997637871214985,1
21015,0.9362549486563463,0
21016,0.9631177351468801,0
21017,0.8847706754904326,0
21018,0.9913421850575068,0
21019,0.9599513707387943,0
21020,0.9864665148881033,0
21021,0.983490872284792,0
21022,0.8858667336749483,0
21023,0.9760293550116079,0
21024,0.9186690947800199,0
21025,0.541600477578093,1
21026,0.71815422928096,0
21027,0.9999098523355315,1
21028,0.8492476134361581,0
21029,0.7244430909575275,1
21030,0.5760985655649173,1
21031,0.9430880218041927,0
21032,0.98133965687745,0
21033,0.5258186451176093,1
21034,0.9545715422625234,0
21035,0.7770854930735929,1
21036,0.9190143374947494,0
21037,0.9335230576863633,0
21038,0.6550790020597311,1
21039,0.9751911132970928,0
21040,0.784366815831863,0
21041,0.8618645971095452,0
21042,0.9904566108546623,0
21043,0.991792131662904,0
21044,0.9990239474094889,1
21045,0.9643629138399429,0
21046,0.9927892200202685,1
21047,0.8490983398818075,1
21048,0.8654690250901387,0
21049,0.9702087936320144,0
21050,0.6540999029608485,0
21051,0.9908300815691234,0
21052,0.9662829543278778,0
21053,0.9859041935189942,0
21054,0.9858895435525381,0
21055,0.9940276369388351,0
21056,0.5806117086933293,0
21057,0.888902538435709,0
21058,0.9870696803905135,0
21059,0.9911193316819903,0
21060,0.5574349890243485,1
21061,0.9769320277483896,0
21062,0.8559094978314451,1
21063,0.9846265526448148,0
21064,0.7297749801410093,0
21065,0.955918193613549,0
21066,0.9536617110212694,0
21067,0.999999999990687,1
21068,0.583327165777257,1
21069,0.9915785142136806,1
21070,0.9661063747231959,0
21071,0.9823456257204941,0
21072,0.8812991568186237,1
21073,0.9733481378520331,0
21074,0.6245810250735957,1
21075,0.9734672807481844,0
21076,0.9979574803651488,1
21077,0.9475912683470135,0
21078,0.9793839570743105,0
21079,0.7962263300264533,0
21080,0.9719765524723596,0
21081,0.9630644140448748,0
21082,0.9922917814800735,0
21083,0.9765985976257069,0
21084,0.6432174247680102,0
21085,0.9931709642926646,0
21086,0.9234490473599213,0
21087,0.9522161420594982,0
21088,0.9920068268429312,0
21089,0.9278427899234113,0
21090,0.6172285037520766,0
21091,0.9259569466205791,1
21092,0.8477736559366795,0
21093,0.9967906392457194,1
21094,0.9917871021435436,0
21095,0.9717078147710663,0
21096,0.7464694588946799,1
21097,0.7013838699328162,0
21098,0.9917459078015642,0
21099,0.9962133086150474,1
21100,0.859832854849647,0
21101,0.9847856248447118,0
21102,0.9877152606866868,0
21103,0.9418974597080382,0
21104,0.9846972028104571,0
21105,0.9995794087165422,1
21106,0.9786972589918955,0
21107,0.9040186335643748,0
21108,0.9903530752806828,0
21109,0.9710575677726093,0
21110,0.977442831564474,0
21111,0.9999995536656662,1
21112,0.9338527503173538,1
21113,0.9506045291816798,0
21114,0.9841805197148684,0
21115,0.9622559195775603,0
21116,0.9492672494341138,0
21117,0.7392976776882196,0
21118,0.8635085524070767,0
21119,1.0,1
21120,0.9979397822813351,1
21121,0.9849261361162175,0
21122,0.7797876537236424,0
21123,0.9796852978807769,1
21124,0.9434541080619131,0
21125,0.7737076498987034,0
21126,0.9786700687146038,1
21127,0.8912832331200088,1
21128,0.9491787991465866,0
21129,0.9585915941493306,0
21130,0.9999999997846427,1
21131,0.9999999938766306,1
21132,0.9878233501012407,0
21133,0.738710421252175,1
21134,0.9998937094138813,1
21135,0.9980526212376966,1
21136,0.6548302502865192,0
21137,0.9885913681304405,0
21138,0.9665884396049905,0
21139,0.9882831833037248,0
21140,0.9362792007807587,0
21141,0.9802547257633877,1
21142,0.5290339540779655,1
21143,0.5963239669982234,0
21144,0.9557102365824004,0
21145,0.9400090334262182,0
21146,0.9929147495857692,0
21147,0.9902362191313471,0
21148,0.9504082857461726,0
21149,0.8863988038338044,0
21150,0.8835290941188768,0
21151,0.892007098628342,0
21152,0.8708788231563896,0
21153,0.9648728442627366,0
21154,0.9973940597101089,1
21155,0.96484283589101,0
21156,0.9244772016115462,0
21157,0.9928690188534556,0
21158,0.8239600208140915,0
21159,0.9925798144393158,0
21160,0.8632351456585864,0
21161,0.9424296939476653,0
21162,0.6844739161865808,0
21163,0.9402806309184122,1
21164,0.9698393648206076,0
21165,0.6673335812830606,0
21166,0.903731444769887,0
21167,0.9886518056786257,0
21168,0.9403858018062359,0
21169,0.9900409689044954,1
21170,0.574312938644129,1
21171,0.9789982585900653,0
21172,0.9776619299920927,0
21173,0.9318614493619262,0
21174,0.6814442026057609,0
21175,0.9460583551747499,0
21176,0.9999561426727113,1
21177,0.8007284513997822,0
21178,0.9503000013757,0
21179,0.9806245524449287,0
21180,0.9994716912639748,1
21181,0.955937763016382,0
21182,0.9999915332518015,1
21183,0.9888737204439842,0
21184,0.9848954779589713,0
21185,0.9706571680608864,0
21186,0.9999994277661294,1
21187,0.7777362818333854,1
21188,0.9544975680264237,0
21189,0.9856324906469639,0
21190,0.9939069975387238,0
21191,0.9999999817504882,1
21192,0.9804233082529805,0
21193,0.8264117140392351,0
21194,0.9979021050211254,1
21195,0.5881504839693761,1
21196,0.9300120995248283,1
21197,0.9765446385769523,0
21198,0.9231265171952654,1
21199,0.7546410814379968,0
21200,0.9813364819093183,0
21201,0.6310746328626992,1
21202,0.9875599705435298,0
21203,0.9990001092458897,1
21204,0.9999999994510418,1
21205,0.6601294076683007,0
21206,0.716489215680834,1
21207,0.9917159082302186,0
21208,0.9959717250091981,1
21209,0.9999999991087665,1
21210,0.9819916919681653,1
21211,0.6687693202605313,0
21212,0.9912156884368427,0
21213,0.9161664270089493,0
21214,0.9797271628906254,0
21215,0.9999979736707325,1
21216,0.9916192605232782,0
21217,0.9530988769846331,0
21218,0.9647220975986874,0
21219,0.9805466241365737,1
21220,0.8912318848041471,1
21221,0.9608491340632033,0
21222,0.9296845787623096,0
21223,0.9844894877803676,0
21224,0.9189131491218604,0
21225,0.5613748433191003,1
21226,0.9036315327898677,0
21227,0.9900467730389001,0
21228,0.9888416318175283,0
21229,0.9304462393123812,0
21230,0.7704043879158867,0
21231,0.9862540974762841,0
21232,0.9840281129862787,0
21233,0.612012763607503,0
21234,0.9845787746920931,0
21235,0.832443791767144,0
21236,0.9281413021519692,0
21237,0.5427887081736381,1
21238,0.5245159760253939,0
21239,0.6982674234590529,1
21240,0.9820075616547294,0
21241,0.9974229333660439,1
21242,0.6237326609080475,1
21243,0.5964780985924906,1
21244,0.8283678332495569,1
21245,0.9426274246519076,0
21246,0.9900373397523277,0
21247,0.9847303413644422,0
21248,1.0,1
21249,0.9999981926743783,1
21250,0.8552798871373443,1
21251,0.9083622966726161,0
21252,0.9999999997660678,1
21253,0.9897025970412555,0
21254,0.5458133163518999,0
21255,0.9599535694173597,0
21256,0.9999999999992788,1
21257,0.9630466282590233,0
21258,0.8848695942785356,0
21259,0.9572107546821388,0
21260,0.9317642192933226,1
21261,0.9999891335764289,1
21262,0.9998331790077671,1
21263,0.6582400840446524,1
21264,0.7054685536578461,0
21265,0.8190254692581534,0
21266,0.9887695585406842,0
21267,0.9346422012457687,0
21268,0.9874791897153503,0
21269,0.9846870066756829,0
21270,0.9951633726244258,1
21271,0.8827481191324859,0
21272,0.8593240630780109,0
21273,0.9261107394624478,0
21274,0.8459636929527702,0
21275,0.9855657549883878,0
21276,0.9660325356857657,1
21277,0.8930030158529102,0
21278,0.991804686637774,0
21279,0.9683104076799312,1
21280,0.888923724627297,0
21281,0.7843265752996195,0
21282,0.9640816196474857,0
21283,0.982498997901941,0
21284,0.9987064556957654,1
21285,0.5494602303849203,0
21286,0.9307785193772953,0
21287,0.8919823698402045,0
21288,0.5675165719980484,0
21289,0.9874683788130912,0
21290,0.9886826685195591,0
21291,0.9999999201345663,1
21292,0.9847301176160033,1
21293,0.9916192605232782,0
21294,0.9842409283297612,0
21295,0.988659276191412,0
21296,0.7060516333264055,1
21297,0.992103587881957,0
21298,0.9999995857475563,1
21299,0.9825574462065463,0
21300,0.9610822766668597,0
21301,0.9394744148303784,1
21302,0.8784665099817109,1
21303,0.7456917848495903,0
21304,0.6805627862606137,0
21305,0.732639783180003,0
21306,0.9574166439486255,0
21307,0.9796960150286768,0
21308,0.9974568921484623,1
21309,0.9341556292865594,0
21310,0.9834027204630602,0
21311,0.9022748714169012,0
21312,0.8343376867743594,0
21313,0.9999633018708273,1
21314,0.8993315909576589,0
21315,0.9123165746046065,0
21316,0.8626547524876526,0
21317,0.9770260822007453,0
21318,0.9998907835374783,1
21319,0.9850040643840962,0
21320,0.9890694753718432,0
21321,0.5406552942221934,1
21322,0.9804972772536479,0
21323,0.964159509707719,0
21324,0.9996619301227572,1
21325,0.9446976165776118,0
21326,0.9855785271086287,0
21327,0.9449805522445605,0
21328,0.9735193517006352,0
21329,0.9877651082143328,0
21330,0.9891303416863109,1
21331,0.9987972491643167,1
21332,0.528483159423665,0
21333,0.9752633014732461,0
21334,0.8557138295753468,0
21335,0.9005290313116842,0
21336,0.6429127731393108,0
21337,0.985408519436834,0
21338,0.9673047032559043,0
21339,0.9967509228281451,1
21340,1.0,1
21341,0.9917744275572639,0
21342,0.9662060993501292,0
21343,0.8388507393871,1
21344,0.9999998342441778,1
21345,0.9914677430317291,0
21346,0.9989232854070691,1
21347,0.9930855017503686,0
21348,0.7629295346584674,0
21349,0.6065175917354049,1
21350,0.9794905922870569,0
21351,0.97988937940639,0
21352,0.9572239271751574,0
21353,0.9589725510698387,0
21354,0.9930348147208827,0
21355,0.9973086942812719,1
21356,0.7680452336212612,1
21357,0.9999987771172781,1
21358,0.8586980259404814,0
21359,0.5050229533201586,0
21360,0.9868397819648873,1
21361,0.9709917257228589,0
21362,0.8921310869526464,0
21363,0.9971051515887527,1
21364,0.7473855437862174,0
21365,0.6718404941306172,1
21366,0.7832060941081814,0
21367,0.9859340202936439,0
21368,0.8850098680008822,0
21369,0.9998696934521051,1
21370,0.9576242396582915,1
21371,0.9999998971326334,1
21372,0.8700911542457281,0
21373,0.6388871568003643,0
21374,0.9096617961595911,0
21375,0.9716012149108288,0
21376,0.9868868875489146,0
21377,0.9999999999997109,1
21378,0.7616615975158338,0
21379,0.9799595085486972,0
21380,0.9857728667928347,0
21381,0.9625079620757107,1
21382,0.5769490746941464,1
21383,0.9995713875596245,1
21384,0.6772675223036668,0
21385,0.8684660300837357,0
21386,0.6467415421151663,0
21387,0.7810214996187355,0
21388,0.975869063820442,0
21389,0.9851822975147845,0
21390,0.7940813142705709,0
21391,0.9921455538025398,0
21392,0.9427164388870446,0
21393,0.7056904915387677,0
21394,0.8296426878300192,1
21395,0.9851421033810404,0
21396,0.9845814078660104,0
21397,0.969811513144082,0
21398,0.999999897926606,1
21399,0.9920557654941972,0
21400,0.9669296198017447,0
21401,0.5251918695865618,0
21402,0.5406654813214997,0
21403,0.5547333006173207,1
21404,0.790864829039343,0
21405,0.9615578662360421,0
21406,0.5639348957289514,0
21407,0.9998383345230436,1
21408,0.9999436358571094,1
21409,0.9441360405098206,0
21410,0.9897140542369927,0
21411,0.9964000635333187,1
21412,0.669831497860573,0
21413,0.913665707478456,0
21414,0.566928396241051,1
21415,0.9994812926987594,1
21416,0.9999138129356158,1
21417,0.9999999999844844,1
21418,0.9073401091603976,0
21419,0.9925138436914457,0
21420,0.9935069664159905,0
21421,0.9913062465390816,0
21422,0.9990761577567989,1
21423,0.822173747553474,1
21424,0.96675729727605,0
21425,0.9931068973921011,0
21426,0.9066301608687999,0
21427,0.8565518632253212,0
21428,0.9908287870796405,0
21429,0.9985328801182579,1
21430,0.9879431784097665,0
21431,0.96191963466688,0
21432,0.5306139260421413,1
21433,0.9984126325128497,1
21434,0.9930598516915649,1
21435,0.9999922368555755,1
21436,0.9803514752774166,0
21437,0.9606839696055357,0
21438,0.5956579553763025,1
21439,0.9931709642926646,0
21440,0.9535256209244206,0
21441,0.9318614493619262,0
21442,0.9754113939220646,0
21443,0.9876513569461479,0
21444,0.9999999551858779,1
21445,0.9847012078828883,0
21446,0.985171323943879,0
21447,0.5901506781491667,0
21448,0.9814458981581221,0
21449,0.9069266225735899,0
21450,0.9651532754282534,0
21451,0.6210011626692784,1
21452,0.977423676856517,1
21453,0.7178146155032139,0
21454,0.9992587814526244,1
21455,0.8927337817190962,0
21456,0.979829546877677,0
21457,0.9998654632056416,1
21458,0.6570550872172981,0
21459,0.9893113259467244,0
21460,1.0,1
21461,0.8284492005260239,0
21462,0.9279654279211506,0
21463,0.9103418276209825,0
21464,0.6708233231495028,0
21465,0.99995320401695,1
21466,0.6550836618160611,0
21467,0.9024312977528939,0
21468,0.5479411676576983,1
21469,0.9056374250898296,0
21470,0.9999999857482302,1
21471,0.9711564505623514,0
21472,0.9292350992722935,0
21473,0.9927340229350815,0
21474,0.9178814253060495,0
21475,0.9900456682812503,0
21476,0.8920848032623787,0
21477,0.6364853953749307,0
21478,0.9834648708525544,0
21479,0.8950446692202289,1
21480,0.8440171447142159,1
21481,0.9914741964597813,0
21482,0.99059887764536,0
21483,0.9999999999999893,1
21484,0.5260900995716891,0
21485,0.6235219734679048,0
21486,0.9999999826595448,1
21487,0.9757313350956637,0
21488,0.7632999263907965,0
21489,0.9919453423900793,1
21490,0.9955232293115291,0
21491,0.9999600307194209,1
21492,0.9794478472448744,0
21493,0.9913643433740171,0
21494,0.98225513827753,0
21495,0.9395750043554034,1
21496,0.9829137548308118,0
21497,0.9622359003125753,0
21498,0.9174356032098853,0
21499,0.9333103714378376,0
21500,0.9566154216669862,0
21501,0.9999486938432561,1
21502,0.9797793075041483,1
21503,0.9859672750254702,1
21504,0.6171446998627766,0
21505,0.9999999999645688,1
21506,0.8145855450964764,0
21507,0.9918073229810848,0
21508,0.9787349656346159,0
21509,0.8656087418629597,0
21510,0.7589125617542766,1
21511,0.9999959441545714,1
21512,0.5708019891371661,1
21513,0.8671200360501847,1
21514,0.9999997480104652,1
21515,0.9999821603007185,1
21516,0.5253634682387743,1
21517,0.9870250080349976,0
21518,0.9800834799878719,0
21519,0.9917432699621545,0
21520,0.9401451323333699,1
21521,0.8202618881410774,1
21522,0.8187568175377247,0
21523,0.999590238362833,1
21524,0.825439828006413,0
21525,0.9999999999545501,1
21526,0.8753506181158573,0
21527,0.9166420995032006,0
21528,0.8938900419961161,1
21529,0.9931709642926646,0
21530,0.9919867596340861,1
21531,0.9818285061279459,0
21532,0.9050977049279184,0
21533,0.9882285056739973,0
21534,0.9740841927669925,0
21535,0.986879840115745,0
21536,0.998929990830944,1
21537,0.6137772266378964,0
21538,0.8801877991635401,0
21539,0.9853107273160207,0
21540,0.8490994770447803,1
21541,0.8160696367120962,0
21542,0.6989991883714195,0
21543,0.9930113519885425,1
21544,0.999994659704967,1
21545,0.995663963542169,1
21546,0.9871142243695086,0
21547,0.9254414828942169,0
21548,0.5279575935574423,1
21549,0.9290349039786782,0
21550,0.9787019809817158,0
21551,0.9371588644785116,0
21552,0.9846524656081681,0
21553,0.9436727184879574,0
21554,0.983180327544963,0
21555,0.9930578646078912,0
21556,0.9999999999987732,1
21557,0.9017181280193535,0
21558,0.9851262090160503,0
21559,0.9594786420728529,0
21560,0.6269205686325701,1
21561,0.8682034093728559,0
21562,0.9496406329479229,1
21563,0.9999990870444331,1
21564,0.9163183215360449,1
21565,0.859516389884855,0
21566,0.9673647767454375,0
21567,0.9726227355013987,0
21568,0.9819123835326075,1
21569,0.8166718084861808,0
21570,0.9452356595784942,0
21571,0.9891911366667516,0
21572,0.8104521950956937,0
21573,0.9674781959071227,0
21574,0.9999979909735575,1
21575,0.7245295861449986,0
21576,0.995667268318477,1
21577,0.9839240052050311,0
21578,0.8589318825591539,0
21579,0.960069265352206,0
21580,0.5024270987255738,1
21581,0.9669749112952578,0
21582,0.7889129538947289,0
21583,0.9983806681156173,1
21584,0.9999836243188578,1
21585,0.7078220752120159,1
21586,0.9386990099813822,0
21587,0.9241801779258395,1
21588,0.9844064629211926,0
21589,0.9215240736956494,1
21590,0.8423953132932864,0
21591,0.8731525300886835,0
21592,0.7125049695659126,0
21593,0.5191286050664027,1
21594,0.9851514724808186,0
21595,0.5136580849131952,0
21596,0.5541054598769679,0
21597,0.586265502060199,1
21598,0.9442274642767756,0
21599,0.9687643211376104,1
21600,0.9620283545260813,0
21601,0.9841768173291484,0
21602,0.9981102080619149,1
21603,0.5423176622014086,1
21604,0.8500167371921097,1
21605,0.9603813817317394,0
21606,0.6557075566662959,0
21607,0.8610997311052667,0
21608,0.9622606086053346,0
21609,0.9782033803257414,0
21610,0.5095501592362948,1
21611,1.0,1
21612,0.9707819666455033,1
21613,0.9342907874639979,0
21614,0.9575646017241157,1
21615,0.5205610503527227,1
21616,0.8513956975444126,0
21617,0.5344789737581922,1
21618,0.9869405576003683,0
21619,0.8956117847160734,0
21620,0.9912323881099309,0
21621,0.9724288846562607,0
21622,0.9972954958210681,1
21623,0.9235697141921058,0
21624,0.8951313618816684,0
21625,0.9915430704339683,0
21626,0.7681958927170595,0
21627,0.9280456099733896,0
21628,0.5863815373042155,0
21629,0.9919206411437669,0
21630,0.9853798500986773,0
21631,0.6725817334978812,0
21632,0.8404756835924524,1
21633,0.5130357432591326,1
21634,0.9789665199427744,0
21635,0.9097267623086361,0
21636,0.947745103653158,0
21637,0.990337417402761,0
21638,0.6457040069896036,0
21639,0.961700234486415,0
21640,0.9808475122681077,0
21641,0.999998198108718,1
21642,0.9569656621202582,1
21643,0.9809111249262393,1
21644,0.7856929907929117,0
21645,0.9665619392074505,0
21646,0.9787521685445703,0
21647,0.999998748488854,1
21648,0.8452036355756107,1
21649,0.9452915081199875,0
21650,0.6475523155276346,1
21651,0.7614988785211372,0
21652,0.8418170884544108,0
21653,0.7546483801469255,1
21654,0.9999989077347714,1
21655,0.8876219728885341,0
21656,0.9858268987634287,0
21657,0.6788656301073108,0
21658,0.9932501258910595,1
21659,0.9310756768380033,0
21660,0.9999999999999996,1
21661,0.9082444370260095,0
21662,0.9793021320714436,0
21663,0.8945146362762948,0
21664,0.6007376098782963,1
21665,0.9886946967251896,0
21666,0.8097468537185484,0
21667,0.707585542219715,0
21668,0.858009534885234,0
21669,0.9501354503494686,0
21670,0.940537415072908,0
21671,0.9319179630758506,0
21672,0.7259082622825584,0
21673,0.991354701997426,1
21674,0.7386478356571324,0
21675,0.9917470007490811,0
21676,0.8593636296962719,0
21677,0.953352219962158,0
21678,0.9931709642926646,0
21679,0.9849947043996963,0
21680,0.7694494689790865,0
21681,0.6321820295524885,0
21682,0.9424374385968076,0
21683,0.9522790071672836,0
21684,0.9532012778026652,0
21685,0.5161689353370643,1
21686,0.533289253577585,0
21687,0.8330099825090971,0
21688,0.910896506146356,0
21689,0.9795502326064849,1
21690,0.9999999817702467,1
21691,0.9998235844249139,1
21692,0.6596845924469599,1
21693,0.9418723069340617,0
21694,0.8988268368537772,1
21695,0.7890391390853284,0
21696,0.8392993015950259,0
21697,0.9994959417342311,1
21698,0.8027854957563817,0
21699,0.7169583099654782,0
21700,0.9892042551626575,0
21701,0.776173164796632,1
21702,0.8942367187989191,0
21703,0.9236284312549423,0
21704,0.9787491522860768,1
21705,0.8189434714298152,0
21706,0.9930086922710772,1
21707,0.9987923183857254,1
21708,0.7523507911400088,0
21709,0.7334535737483391,0
21710,0.8997340872573589,0
21711,0.9027267410980262,0
21712,0.9830491661501923,0
21713,0.9972334234276579,1
21714,0.6055280452094398,1
21715,0.9999999999992035,1
21716,0.9488727848924556,0
21717,0.999999999860036,1
21718,0.9885651936469723,0
21719,0.9920455886803297,0
21720,0.577170478983674,1
21721,0.9091813101070807,1
21722,0.9658211341563828,0
21723,0.9999999961636279,1
21724,0.948488915604787,0
21725,0.9999994433649697,1
21726,0.8938407989333648,0
21727,0.8969759632088964,0
21728,0.9724255023951517,0
21729,0.5232136047983597,0
21730,0.8706648180072939,0
21731,0.9982633741508511,1
21732,0.6288933055787231,0
21733,0.9614914370608314,1
21734,0.9841086588637836,0
21735,0.9633485849526587,0
21736,0.9774975123221976,0
21737,0.9999999999934746,1
21738,0.9981071735520604,1
21739,0.9999999978081087,1
21740,0.9403949162162027,0
21741,0.8340661704232047,1
21742,0.6131577151112059,0
21743,0.9806243598596962,0
21744,0.9999825189263045,1
21745,0.5314911048548216,0
21746,0.572022974338198,1
21747,0.9494771283110814,0
21748,0.8007652627885661,0
21749,0.969620671608711,0
21750,0.9598551268442861,0
21751,0.8869643555330426,0
21752,0.9897264192181556,0
21753,0.92535592838643,1
21754,0.9999862651271199,1
21755,0.622544404214007,1
21756,0.9542570845712708,0
21757,0.7384543202868442,1
21758,0.9076265129305382,1
21759,0.8632862794403429,0
21760,0.9781699810099856,0
21761,0.890486211860343,0
21762,0.9923720188578979,1
21763,0.6157623875210791,0
21764,0.8882999197835417,0
21765,0.9999747445787845,1
21766,0.9943772754030498,1
21767,0.9532884932564442,0
21768,0.8709968709471905,0
21769,0.9755637884718146,0
21770,0.9999718596718205,1
21771,0.9361193467924198,0
21772,0.8199036669187915,1
21773,0.9834683512112937,0
21774,0.7900372285616122,1
21775,0.9591226058115824,0
21776,0.8389566531973552,0
21777,0.9999998401500887,1
21778,0.9895500211292614,0
21779,0.7879549078864968,0
21780,0.5117212568422601,0
21781,0.8771569023614418,0
21782,0.8778986564329694,1
21783,0.9999627182465058,1
21784,0.5816750388392281,0
21785,0.9210376312456705,0
21786,0.9869397217463728,0
21787,0.817360879248404,0
21788,0.7902460847992488,0
21789,0.8846375325189507,0
21790,0.6933343766192116,1
21791,0.9062663269932201,0
21792,0.9999997323020028,1
21793,0.7488609124521309,1
21794,0.9874925620028281,0
21795,0.9874085755863677,0
21796,0.999811003081296,1
21797,0.9763913584317757,0
21798,0.8792763044353225,0
21799,0.9262840890036972,0
21800,0.7868693409238697,1
21801,0.9909212883880644,0
21802,0.8958260588391693,1
21803,0.962361389237776,0
21804,0.9231432964284692,0
21805,0.8610386212147526,0
21806,0.8935419510729297,0
21807,0.9922564561053058,1
21808,0.9778359013258986,0
21809,0.904316925440682,0
21810,1.0,1
21811,0.8668034958203801,1
21812,0.9839793196387229,0
21813,0.6757891734566058,1
21814,0.8617925113597189,0
21815,0.9904915116882576,0
21816,0.9280255682392794,0
21817,0.6117675752180819,1
21818,0.9990946562186146,1
21819,0.9971835833025359,1
21820,0.9570661549377267,0
21821,0.8871775968568484,0
21822,0.9803869798399599,0
21823,0.9508752231708232,0
21824,0.9274250415692146,1
21825,0.9748252591561701,1
21826,0.8582581988641768,0
21827,0.7816278257643071,0
21828,0.6957455291556556,1
21829,0.7736307543539549,0
21830,0.9266702332567158,0
21831,0.789828700738157,0
21832,0.98581396688232,0
21833,0.991958763047538,0
21834,0.9209750373170454,0
21835,0.9955754428826968,1
21836,0.9450575426737634,1
21837,0.9094773330842122,0
21838,0.9999999999997984,1
21839,0.9905710367915284,0
21840,0.9495111350209731,0
21841,0.915610476461279,1
21842,0.9968452889596863,1
21843,0.75014585019675,0
21844,0.999999998217084,1
21845,0.7524648661810959,1
21846,0.9970401204780764,1
21847,0.9560323239926002,0
21848,0.9894062646663846,0
21849,0.9998595836691102,1
21850,0.584400669774395,0
21851,0.7198987716142632,1
21852,0.9894133879775442,0
21853,0.9819766802960536,0
21854,0.9912212720098601,0
21855,0.9392549165713404,1
21856,0.9929111478332088,1
21857,0.5899278824594929,0
21858,0.9904029973030957,1
21859,0.9894180594034725,0
21860,0.8630468476373678,0
21861,0.6326894519254057,0
21862,0.8270205347486411,0
21863,0.979439410805293,0
21864,1.0,1
21865,0.8643510172773351,1
21866,0.9895686031645015,0
21867,0.9837635814790724,0
21868,0.9768501025378035,0
21869,0.7786955243896297,0
21870,0.9956130888206749,1
21871,0.9007502122450902,0
21872,0.8987839506639429,0
21873,0.9999999999971911,1
21874,0.627609994316624,1
21875,0.98776894017187,0
21876,0.9241360469767735,0
21877,0.8547137725480288,0
21878,0.8428789224120596,0
21879,0.5282799991248323,1
21880,0.880292064976071,1
21881,0.9468850290983486,0
21882,0.9450870477442087,0
21883,0.8354893144215418,0
21884,0.7383281878647117,1
21885,0.7310207798952056,1
21886,0.9906533017747057,1
21887,0.98328795909235,0
21888,0.9999526309386406,1
21889,0.9376699290506566,0
21890,0.9853971300846188,0
21891,0.9724819148108911,0
21892,0.725526011759055,0
21893,0.9737497549164282,0
21894,0.9938759814348935,0
21895,0.9927071847888557,0
21896,0.9893561461930674,0
21897,0.988337753220555,1
21898,0.6143667083134723,1
21899,0.9838557685629672,0
21900,0.9993978891556624,1
21901,0.9999999998211937,1
21902,0.5032748954016761,0
21903,0.9584447903828273,0
21904,0.9390954125098881,0
21905,0.8379726136131245,0
21906,0.980964953645719,0
21907,0.9750322261374705,0
21908,0.9782444925945454,0
21909,0.9907061131936401,0
21910,0.9999953203221399,1
21911,0.9919432126078637,0
21912,0.9999946862582693,1
21913,0.9231095734091301,0
21914,0.9768352128674862,0
21915,0.9344075747953337,0
21916,0.9704292941336121,0
21917,0.9993944203254514,1
21918,0.6060391451016228,1
21919,0.9981992919694052,1
21920,0.8175413227267815,0
21921,0.975145672861293,0
21922,0.9685835455060642,0
21923,0.993997575534247,0
21924,0.9632211460275568,0
21925,0.907532722184691,0
21926,0.9894721574877333,0
21927,0.9922562838454287,0
21928,0.9600396417722826,0
21929,0.9875870876088989,0
21930,0.5503866759899624,0
21931,0.9999877769327454,1
21932,0.7267909454583051,1
21933,0.9916330642551177,0
21934,0.9874855933303083,0
21935,0.9846574427535435,0
21936,0.9654475370865189,0
21937,0.9772222796265071,0
21938,0.9916643301778586,0
21939,0.9901624513977935,0
21940,0.8992876564985367,0
21941,0.669531551310281,1
21942,0.9864982276281888,0
21943,0.8801494202899366,0
21944,0.9484858282868398,0
21945,0.9999999999189875,1
21946,0.9999999921760487,1
21947,0.9999999999996276,1
21948,0.9837572993572276,0
21949,0.9892412974825826,0
21950,0.9635651705159911,0
21951,0.5760724510136993,1
21952,0.9999990448679076,1
21953,0.9375543253876328,1
21954,0.9470201276586635,0
21955,0.9285392249326492,0
21956,0.9829689677110256,0
21957,0.9884088261885218,0
21958,0.988459485298814,0
21959,0.9920931471897633,0
21960,0.7572906761017096,1
21961,0.9501623128602369,0
21962,0.9892962606083775,0
21963,0.5597448180685993,0
21964,0.9887312195241831,0
21965,0.9934357079185213,0
21966,0.717117918124931,0
21967,0.9999993890562208,1
21968,0.7058639750854926,0
21969,0.993392538746952,0
21970,0.9900967171201317,0
21971,0.9866785370357659,0
21972,0.8668553562910168,1
21973,0.5478811137476306,1
21974,0.753630385485042,1
21975,0.9832060094979864,0
21976,0.7247668203488387,0
21977,0.6218691501071116,0
21978,0.9029384945278202,0
21979,0.9415114506685056,0
21980,0.9613089067941019,0
21981,0.7856201876708482,0
21982,0.8977631374258661,0
21983,0.9888461681939822,0
21984,0.8833337524646767,0
21985,0.7824362993635431,1
21986,0.9798878056137601,0
21987,0.7582830814741222,0
21988,0.9857363375556242,0
21989,0.9577097563401107,0
21990,0.947222803697828,0
21991,0.5845134855516612,1
21992,0.9897248887440361,0
21993,0.9233242303337511,0
21994,0.9968259099045498,1
21995,0.9898650969806746,0
21996,0.9891691603691832,1
21997,0.9720034966249779,1
21998,0.9997990680320932,1
21999,0.847798837475298,0
22000,0.9834733864011935,0
22001,0.805669976094951,0
22002,0.9745186588887672,0
22003,1.0,1
22004,0.8240911664747513,0
22005,0.9666596002713947,0
22006,0.9605411666558191,0
22007,0.8715231347408945,0
22008,0.8832639071818577,0
22009,0.9999999999998863,1
22010,0.9989509086349081,1
22011,0.7930169982451691,0
22012,0.9315073611060442,0
22013,0.9811894434490095,1
22014,0.7118207466839926,0
22015,0.603138743779541,0
22016,0.9763832187690209,0
22017,0.8784029028594003,0
22018,0.9735021515033943,0
22019,0.9999999999999987,1
22020,0.9660070044370094,0
22021,0.9999995172812152,1
22022,0.9828009932068207,0
22023,0.9890375747222739,0
22024,0.8980823582665538,0
22025,0.830187730415133,0
22026,0.9869697912154479,0
22027,0.9858920739125664,0
22028,0.686975960841282,0
22029,0.8361003892088447,0
22030,0.9287265857333034,0
22031,0.9999999972459261,1
22032,0.8448352296105474,0
22033,0.9894898759768209,0
22034,0.549226574230166,1
22035,0.9938912640530406,0
22036,0.6102272432283672,0
22037,0.980475651006764,0
22038,0.5996153632484085,0
22039,0.9285991307978338,0
22040,0.8367600445964665,0
22041,0.9999953294778943,1
22042,0.9894187515116113,0
22043,0.986578179283403,1
22044,0.577628289027677,0
22045,0.9899747872355299,0
22046,0.9924323153782743,0
22047,0.9923292835380377,0
22048,0.9888230244204232,1
22049,0.9434683354079885,0
22050,0.97730172918451,0
22051,0.7957775255003537,0
22052,0.9993411941792009,1
22053,0.9999999999893117,1
22054,0.7566582605785819,0
22055,0.9898645474624181,0
22056,0.9750154658360729,0
22057,0.9884334349868226,0
22058,0.9928515519907157,1
22059,0.5100179765225749,1
22060,0.9914691128854776,1
22061,0.9472524087789034,0
22062,0.9305239611856136,1
22063,0.8286709257288313,1
22064,0.9998129861533739,1
22065,0.7943279769333669,1
22066,0.8246313889834787,0
22067,0.9878922687057611,0
22068,0.830760892095519,0
22069,0.9616438597928966,0
22070,0.8904641078264541,1
22071,0.6231148427812278,1
22072,0.53117270279937,0
22073,0.8783246192836945,1
22074,0.9858803654370326,1
22075,0.9530240387813825,0
22076,0.8183549066720947,0
22077,0.5230907923744527,0
22078,0.7428015388991402,0
22079,0.6745091836732707,0
22080,0.8544884529488899,0
22081,0.9999999999325326,1
22082,0.772211606380442,0
22083,0.7139803160243853,1
22084,0.7824534162176449,0
22085,0.9824723539678104,0
22086,0.651745784841547,0
22087,0.9151620860631852,0
22088,0.990327413641578,0
22089,0.9895416656719103,0
22090,0.8505675833159367,0
22091,0.6644439235579274,0
22092,0.9743732668096997,0
22093,0.7741088843932806,0
22094,0.742893589809395,1
22095,0.7901884200843137,0
22096,0.9958007777573693,1
22097,0.9803759244010558,0
22098,0.5635119466885925,1
22099,0.5933685524635873,0
22100,0.9843654553082772,0
22101,0.965207365241959,0
22102,0.9118585997126973,0
22103,0.9855388429625545,0
22104,0.9890444187324672,0
22105,0.9914015610615019,0
22106,0.9895671012492527,0
22107,0.9762152044453,1
22108,0.9885908945090921,0
22109,0.9710872063645851,0
22110,0.9668100969444444,0
22111,0.991804686637774,0
22112,0.9703872501058831,0
22113,0.81018589415277,0
22114,0.9565899314664282,0
22115,0.9869005929406643,1
22116,1.0,1
22117,0.9999999999999489,1
22118,0.9882143422408174,0
22119,0.9999991107840908,1
22120,0.7354158320667623,0
22121,0.9315861119336545,0
22122,0.9807943349561672,0
22123,0.9935231526427887,0
22124,0.9830474692824004,0
22125,0.9840711491104482,0
22126,0.9824541612485634,0
22127,0.974029092562016,0
22128,0.9676242517210801,0
22129,0.5317473278636766,0
22130,0.9671793034049108,1
22131,0.8792077101365914,0
22132,0.9693001995970832,1
22133,0.9415065613329328,0
22134,0.9479965899916564,0
22135,0.988780477794622,0
22136,0.8481272093480472,0
22137,0.9660926171261285,0
22138,0.9999999999999964,1
22139,0.9879539277099506,0
22140,0.9913825635887134,0
22141,0.9560720884775014,0
22142,0.9749711775811895,0
22143,0.6727352187265053,0
22144,0.9779257502387857,0
22145,0.6334641912711927,0
22146,0.8497565598949558,0
22147,0.9922241508462784,0
22148,0.7178035961373849,1
22149,0.9683426447346192,0
22150,0.9887090509160997,0
22151,0.999999999969371,1
22152,0.8815940761146576,1
22153,0.9776766417972597,0
22154,0.9323821771974858,0
22155,0.895468645402717,0
22156,0.9930114129529332,1
22157,0.8901963604666127,0
22158,0.9999999999367564,1
22159,0.9890963375512857,0
22160,0.9922917814800735,0
22161,0.7896304838797046,0
22162,0.535545723160156,0
22163,0.6371037365039194,0
22164,0.835332498717491,0
22165,0.9379982270526638,0
22166,0.7105992654691832,1
22167,0.9824157250298332,0
22168,0.8973676693782814,1
22169,0.7839211914237931,1
22170,0.8706238927907973,0
22171,0.9925261879470894,0
22172,0.9688292910981503,0
22173,0.9269128108028888,0
22174,0.776230802697006,0
22175,0.9307693737593448,1
22176,0.7506582897915058,0
22177,0.95912309166748,0
22178,0.9413964570016382,0
22179,1.0,1
22180,0.9430911746375176,0
22181,0.8000337981719672,1
22182,0.9819348218869222,0
22183,0.8601864527776257,0
22184,0.9913291391916516,0
22185,0.9929367137899185,1
22186,0.9845666198081459,0
22187,1.0,1
22188,0.9826285204000104,0
22189,0.8985827095337731,0
22190,0.9386270613551878,0
22191,0.8013505686723695,0
22192,0.9895931031581238,0
22193,0.9375525811264823,0
22194,1.0,1
22195,0.9906755305210347,0
22196,0.9515452828452721,0
22197,0.8078419714736006,0
22198,0.9820060551238763,0
22199,0.9864983938166766,0
22200,0.8392602427723955,0
22201,0.9700131550194309,0
22202,0.9509191165121571,0
22203,0.9895858690762961,0
22204,0.9511710157438906,0
22205,1.0,1
22206,0.9820719926311552,0
22207,0.9686733250396277,1
22208,0.7084990577521061,0
22209,0.6810380496737667,1
22210,0.5628289999460716,0
22211,0.8701006279092854,0
22212,0.9856069452815758,0
22213,0.9578150258197118,0
22214,0.9046968597180205,0
22215,0.8350736464263387,0
22216,0.9940049867974068,1
22217,0.9999999999995954,1
22218,0.9999999999999911,1
22219,0.991792131662904,0
22220,0.9901259931169458,0
22221,0.6308542181244016,1
22222,0.9653903453744916,0
22223,0.570877982904799,0
22224,0.9895107275187749,0
22225,0.5740674283319915,1
22226,0.5581652778226264,0
22227,0.9869120236555509,0
22228,0.991776772891419,0
22229,0.8471626783431566,0
22230,0.5328104456993292,1
22231,0.9919168777823242,0
22232,0.9699446119541859,0
22233,0.9997275184336459,1
22234,0.9999999876142521,1
22235,0.996422331193446,1
22236,0.9904832425945218,0
22237,0.9408196417982098,0
22238,0.9549368926809558,0
22239,0.9838365755790404,0
22240,0.9999810724014382,1
22241,0.6077628268333947,0
22242,0.784130953973502,0
22243,0.984045126154109,0
22244,0.934653269845075,0
22245,0.7336039823773254,1
22246,0.9897471039498474,0
22247,0.9737728779401438,0
22248,0.9721338807715877,0
22249,0.9999784752455727,1
22250,0.8751493353610225,0
22251,0.999630923961627,1
22252,0.9376558121153745,0
22253,0.8081854805784006,0
22254,0.9904374478256281,0
22255,0.9754279078797509,0
22256,0.6054664402306973,1
22257,0.7114581290773488,0
22258,0.8979763717437862,0
22259,0.7706306895761906,0
22260,0.8337399172008135,0
22261,0.9677587668789377,0
22262,0.9840772937669131,0
22263,0.8749694578104915,0
22264,0.5912637177843378,1
22265,0.9238162252524448,0
22266,0.9438132846912731,0
22267,0.9673404632468435,0
22268,0.509041302833668,0
22269,0.960308803453154,1
22270,0.9542847744358224,0
22271,0.9894294083215498,0
22272,0.9797746054607792,0
22273,0.7854568746911255,0
22274,0.90377633308918,0
22275,0.9714311622297902,0
22276,0.9908360262523538,0
22277,0.9907159669106655,0
22278,0.9999999434206794,1
22279,0.8393655842601929,1
22280,0.9145040613538469,1
22281,0.600317658557893,0
22282,0.9799820262890473,0
22283,0.8084252079084581,1
22284,0.9998443571170573,1
22285,0.9999999999999554,1
22286,0.9905331276822047,0
22287,0.6459585430566178,1
22288,0.9750227672846568,0
22289,0.7618977807503303,0
22290,0.9947796277928803,1
22291,0.9812171285705883,0
22292,0.6489012544913382,0
22293,0.8576618260290997,0
22294,0.9571317252960955,0
22295,0.898365928532742,1
22296,0.9674927355055454,1
22297,0.9157977186496238,0
22298,0.944398449512319,1
22299,0.683701120469424,0
22300,0.5950633946302869,1
22301,0.9888889361014497,0
22302,0.9123531513580349,0
22303,0.5915252929106224,1
22304,0.9896848014177276,0
22305,0.5254868581379065,1
22306,0.9889726155599451,1
22307,0.9808435209381043,0
22308,0.9738668229939329,0
22309,0.9951357107275015,1
22310,0.6309527328472765,0
22311,0.9921042229596797,0
22312,0.9323870909931739,0
22313,0.987869652561792,0
22314,0.8064291647235535,0
22315,0.9839994915288951,0
22316,0.9628690187975142,0
22317,0.9943020324418498,0
22318,0.9917646584700686,0
22319,0.9719363985479236,0
22320,0.9701747639028727,0
22321,0.9438996129787882,0
22322,0.9139124841943775,0
22323,0.9867956930554708,0
22324,0.8538027725652946,0
22325,0.5420081908547298,1
22326,0.9752398045208843,0
22327,0.9698829705705967,0
22328,0.9465165476341528,0
22329,0.98700525813118,0
22330,0.9788911538075238,0
22331,0.9701919988429518,0
22332,0.943467622735425,1
22333,0.9756326077687557,0
22334,0.9725182027602144,0
22335,0.9999999800334911,1
22336,0.8755598993424004,0
22337,0.9669676533293229,0
22338,0.9990916246040585,1
22339,0.9376301264880064,0
22340,0.9987200932307163,1
22341,0.987427148768438,0
22342,0.9583549242905582,0
22343,0.9999999931530132,1
22344,0.9985367716092255,1
22345,0.9906212678482967,1
22346,0.7426904849741498,1
22347,0.9999999999996445,1
22348,0.6879454014509297,1
22349,0.983304591459587,0
22350,0.7662804644697448,0
22351,0.9879247180248406,0
22352,0.9904391795108491,0
22353,0.9588452007678865,0
22354,0.9684486842698445,0
22355,0.6585491158632034,1
22356,0.9980370377867861,1
22357,0.9702631796032309,0
22358,0.9844093696997962,0
22359,0.8513240752502957,0
22360,0.867343163760719,1
22361,0.8650465857601056,1
22362,0.9667327216877497,0
22363,0.8654929653386613,0
22364,0.6981942138565941,0
22365,0.7051021535139361,0
22366,0.9728654254728424,0
22367,0.8522903764907843,0
22368,0.9978448331614039,1
22369,0.8945693736908639,0
22370,0.9841296594559488,0
22371,0.9220536696007499,0
22372,0.9068534572544958,1
22373,0.9869857234800693,0
22374,0.9908031110088771,0
22375,0.8832529370089999,0
22376,0.8035729740045042,0
22377,0.8870857713014657,0
22378,0.6797769397587426,0
22379,0.9710112746247654,0
22380,0.9971806848894,1
22381,0.5650225167287439,1
22382,0.5674845835228892,1
22383,0.9888613409560773,0
22384,0.965340777839651,0
22385,0.6990722999788044,1
22386,0.5784446241943957,1
22387,0.9883800108596369,0
22388,0.9912410268135502,0
22389,0.9410335603938352,0
22390,0.9275212250998094,0
22391,0.8938129792642827,0
22392,0.8933344471641814,0
22393,0.9859264047555171,0
22394,0.9687478813203532,0
22395,0.9991943259958868,1
22396,0.8490151828853583,1
22397,0.999982338663796,1
22398,0.9859561896544754,0
22399,0.8217664562131127,0
22400,0.8173254012918824,0
22401,0.9899194014044436,0
22402,0.8417423173170057,0
22403,0.6458371603466755,1
22404,0.5997024027142154,0
22405,0.9880468950239528,0
22406,0.8966468563900446,1
22407,0.964087654990082,1
22408,0.8886291728203196,0
22409,0.9999999996491926,1
22410,0.9323411197299561,1
22411,0.6292944456166061,0
22412,0.9178613623422976,1
22413,0.5827280473616052,0
22414,0.6803905825347605,1
22415,0.9812203369265283,0
22416,1.0,1
22417,0.9314928154799241,0
22418,0.8599442587033927,0
22419,0.9909614635451969,0
22420,0.9199132145249168,0
22421,0.9489888533899357,0
22422,0.9904285312869209,0
22423,0.9999850895552835,1
22424,0.8642696229933092,0
22425,0.8655370417747322,0
22426,0.6349103697231918,1
22427,0.96770437092704,0
22428,0.5777903940861566,0
22429,0.935692943276406,0
22430,0.8719411539157625,1
22431,0.8782338469590465,0
22432,0.8493939518124267,0
22433,0.9883754859259026,0
22434,0.6115564059070393,1
22435,0.9834416249054739,0
22436,0.6665208291490978,1
22437,0.9702450861627574,0
22438,0.652522453891981,0
22439,0.9861331880647151,1
22440,0.9999999999998608,1
22441,0.93884440677731,1
22442,0.992381044465061,0
22443,0.9880516377440949,1
22444,0.9997801485486776,1
22445,0.9007706149141375,0
22446,0.9203216539040044,0
22447,0.8764985631893749,0
22448,0.508736698686185,0
22449,0.9991957972087552,1
22450,0.998383041297641,1
22451,0.9795930432248771,0
22452,0.7916407012172306,1
22453,0.9170134271693355,0
22454,0.7590735814993576,0
22455,0.9922201275377749,0
22456,0.9605404912224073,0
22457,0.9707577775004196,0
22458,0.9414250093545459,0
22459,0.946292306266878,0
22460,0.9999999999999982,1
22461,0.9907865711346456,0
22462,0.9967452155161391,1
22463,0.8871161677411743,0
22464,0.7660782044206363,0
22465,0.5721254144617729,0
22466,0.9734157609029506,0
22467,0.9769323960370482,0
22468,1.0,1
22469,0.985970136735472,0
22470,0.6430850425064316,0
22471,0.9506822182951987,0
22472,0.975951331111725,0
22473,0.9890869924723354,0
22474,0.9908305171843992,0
22475,0.8291639503988468,0
22476,0.9592852028582194,0
22477,0.8344523229523035,0
22478,0.9087924027963132,1
22479,0.990874423164531,0
22480,0.8326793121155879,0
22481,0.9594731510924395,1
22482,0.9343229372436963,0
22483,0.9930338841593094,1
22484,0.6035726950457813,0
22485,0.9907191605014625,0
22486,0.8627319113628168,0
22487,0.5229459592246396,1
22488,0.8685992415592358,0
22489,0.719400190269509,1
22490,0.8101167422514568,1
22491,0.9545047694338471,0
22492,0.8937805361120073,1
22493,0.9999999989266772,1
22494,0.8028411766306401,1
22495,0.8647566033293531,1
22496,0.862287284624447,1
22497,0.9816128979381519,0
22498,0.9999772031920856,1
22499,0.9671457698793786,0
22500,0.9166853964671917,0
22501,0.938815281899843,0
22502,0.9781637504080798,1
22503,0.9703660044210373,0
22504,0.9998394751484229,1
22505,1.0,1
22506,0.7979949330662716,0
22507,0.9707053814486383,0
22508,0.7579531687979327,0
22509,0.9381557035028347,0
22510,0.9995235010748937,1
22511,0.91441754279678,0
22512,0.980132853414695,0
22513,0.9999040245768311,1
22514,0.9918506035064272,0
22515,0.9583677869591494,0
22516,0.9854846365870344,0
22517,0.9634400618352597,0
22518,0.7623105895761054,0
22519,0.9873077529610099,0
22520,0.6666913566289794,1
22521,0.9768955091920194,0
22522,0.9955232293115291,0
22523,0.8475086172606453,1
22524,0.8269035358841967,0
22525,0.9361262382076762,0
22526,0.9975333186082864,1
22527,0.9656054142073438,0
22528,0.7233483432392589,0
22529,0.9401920910913915,0
22530,0.8869331632176748,0
22531,0.9728633188006057,0
22532,1.0,1
22533,0.8555507671394255,1
22534,0.6658790910443049,0
22535,0.8865370646852048,0
22536,0.7826813201971091,0
22537,0.9575578384824602,0
22538,0.9181968253368047,1
22539,0.9840550084329915,0
22540,0.9930434191724475,0
22541,0.9837986368210005,0
22542,0.7129985820300776,0
22543,0.796266741970671,0
22544,0.8811390668443421,0
22545,0.6677508576520077,1
22546,0.9835458215463065,0
22547,0.9621398539471013,0
22548,0.8658067514152589,0
22549,0.8648037652122244,0
22550,0.902408641016585,0
22551,0.9731872970922099,0
22552,0.9943187395399627,0
22553,0.9150966172560114,0
22554,0.9864992782550093,0
22555,0.8620146933021396,0
22556,0.9419234406904884,0
22557,0.7305689059539261,0
22558,0.606621938946123,1
22559,1.0,1
22560,0.974427807007348,0
22561,0.9782023215549535,0
22562,0.7805984501331811,1
22563,0.7719213459916004,0
22564,0.673352518628577,0
22565,0.9999999999638751,1
22566,0.999999999999954,1
22567,0.9366793885513572,1
22568,0.9555488226540592,0
22569,0.982736649337342,0
22570,0.9999715806616415,1
22571,0.9025600528919816,0
22572,0.9867209089230758,0
22573,0.9779298503640431,0
22574,0.8477180264227677,0
22575,0.8989759244437732,0
22576,0.9586288545901249,0
22577,0.9639461824371316,0
22578,0.9864596109037137,0
22579,0.7813117939915629,1
22580,0.913266741410173,0
22581,0.9221481387108864,0
22582,0.7269368893900358,0
22583,0.937658595072838,0
22584,0.968861488531961,0
22585,0.9224245536681522,0
22586,0.9534406157490473,0
22587,0.9790117696184167,0
22588,0.9951158475576029,0
22589,0.9832454674455944,0
22590,0.9924053417821165,0
22591,0.7456200204038412,0
22592,0.9999999970954967,1
22593,0.5980455526829529,0
22594,0.7349589090148774,0
22595,0.9869626185204594,0
22596,0.8389192952409448,0
22597,0.7728256777360305,1
22598,0.9099674344635517,0
22599,0.8906729535039223,0
22600,0.7502548331576253,0
22601,0.9175804896217616,0
22602,0.9583737316123938,0
22603,0.9787042032020181,0
22604,0.9511096390667656,0
22605,0.9906184925795174,1
22606,0.9895887238724071,0
22607,0.9883674294229727,0
22608,0.9911484163129909,0
22609,0.7317083451304837,1
22610,0.9990733633655079,1
22611,0.8891577588911572,0
22612,0.9753209689190083,0
22613,0.7887696443267991,0
22614,0.6170447678130759,1
22615,0.9738077472683662,1
22616,0.530495215652572,1
22617,0.9870617216941934,0
22618,0.5966446958077435,0
22619,0.6500783851329778,0
22620,0.9999999999999649,1
22621,0.9086159247311283,0
22622,0.9924569385706156,0
22623,0.8725076975147765,0
22624,0.9812280659150625,0
22625,0.885978398922842,0
22626,1.0,1
22627,0.9731741203602605,1
22628,0.8561744442691764,0
22629,0.66967073847503,1
22630,0.97646586032223,0
22631,0.968749026241761,0
22632,0.9256802342990841,0
22633,0.9993393805604976,1
22634,0.9770218705023828,0
22635,0.9550390937772436,1
22636,0.8759862364229373,0
22637,0.9899066807781056,0
22638,0.9909698179884857,0
22639,0.9873210454571689,0
22640,0.8073534462249456,1
22641,0.5196535529322607,0
22642,0.971876987917925,1
22643,0.838629901025541,0
22644,0.9999999999996954,1
22645,0.9635761753612478,0
22646,0.9905016506200441,0
22647,0.9764267020943049,1
22648,0.654059094535827,0
22649,0.9649014077616577,0
22650,0.9129196752613118,0
22651,0.9854573219866286,0
22652,0.9962941943546996,1
22653,0.7728511065851035,1
22654,0.9988929441133673,1
22655,0.7836075803425105,0
22656,0.9788948692273025,0
22657,0.8876828133358251,1
22658,0.5353320103955854,1
22659,0.8264722893421704,1
22660,0.8720041726435941,0
22661,0.9893580770959,0
22662,0.9981243470891349,1
22663,0.9049909501440203,1
22664,0.5759735454776068,0
22665,0.5364701164264799,0
22666,0.9783926902291878,0
22667,0.5122056569516729,0
22668,0.9319836455263261,0
22669,0.9912047530111825,0
22670,0.9604548696236904,0
22671,0.9849107749426851,0
22672,0.9720498422667972,0
22673,0.999999994241914,1
22674,0.9863295997387945,0
22675,0.9695799028060256,0
22676,0.9997292113095954,1
22677,0.9874351217595616,0
22678,0.9524193348189943,1
22679,0.9998526529530535,1
22680,0.9909819482131159,0
22681,0.6122473442970718,0
22682,0.9772162652274065,0
22683,0.7778199511567893,1
22684,0.9814811910831334,0
22685,0.7489003496184515,0
22686,0.9663737763350473,0
22687,0.9861196088725924,0
22688,0.94644982252065,0
22689,0.9774077010826375,0
22690,0.9994491943894579,1
22691,0.9848407244720456,0
22692,0.9836269252020007,0
22693,0.9666072559437003,0
22694,0.9632467014816132,0
22695,0.8488933073791443,1
22696,0.8043080110715194,0
22697,0.9020869138079246,0
22698,0.9997809540128696,1
22699,0.9392277812427804,0
22700,0.9621011468747069,0
22701,0.9598705997302972,0
22702,0.9999999798902375,1
22703,0.9999999999957527,1
22704,0.5552502348928638,1
22705,0.6028334666632009,1
22706,0.7314284698115715,1
22707,0.999424688895495,1
22708,0.9085215140103307,0
22709,0.7561332533129554,0
22710,0.9958480601669396,1
22711,0.9136226430775236,0
22712,0.9334054568035675,0
22713,0.9999780979486889,1
22714,0.99581966192885,1
22715,0.7353621086255957,1
22716,0.800719551644196,1
22717,0.9338488036076318,0
22718,0.9902743842183933,0
22719,0.9719675594703598,0
22720,0.657544522575467,1
22721,0.9850081289038181,0
22722,0.8679877502090504,0
22723,0.9971298075654986,1
22724,0.9736709175298386,0
22725,0.9869652029354788,0
22726,0.9358027000727495,0
22727,0.8033267972946762,1
22728,0.9358081292513535,0
22729,0.9474550052557834,1
22730,0.9815822434402639,1
22731,0.6824262395856184,1
22732,0.9925019892395929,0
22733,0.9035895540080541,1
22734,0.8642447129114057,0
22735,0.9457303992643725,0
22736,0.9569420614978964,0
22737,0.9902390744072639,0
22738,0.6731318830341895,0
22739,0.9336979485542803,0
22740,0.9819991044541146,0
22741,0.9928253979074095,0
22742,1.0,1
22743,0.9451809813661992,0
22744,0.7374270760609904,0
22745,0.9745579594942784,0
22746,0.7732420325754824,0
22747,0.9649730863215424,0
22748,0.5802884020292063,0
22749,0.999982271304257,1
22750,0.848796484656454,1
22751,0.974304003286878,0
22752,0.5857497865482991,0
22753,0.9902345997310803,0
22754,0.9864780880407431,0
22755,0.9663461347410479,0
22756,0.9198470946549692,0
22757,0.9489637975971738,0
22758,0.9618187436916874,0
22759,0.901307048837408,0
22760,0.6302774034235741,1
22761,0.9999999982213348,1
22762,0.9070335262817628,0
22763,0.7775596996809802,1
22764,0.9996397411536129,1
22765,0.891150634118973,0
22766,0.9491183649528925,1
22767,0.693656424317551,1
22768,0.5703209483953874,0
22769,0.9815441061252769,0
22770,0.8818179096812561,0
22771,0.9597301986454887,0
22772,0.5669927084322802,0
22773,0.9176598303405995,1
22774,0.9231890918847405,0
22775,0.905091686148795,0
22776,0.7611566968162605,1
22777,0.9546108385044773,0
22778,0.5947154009464436,1
22779,0.7008079431439486,1
22780,0.9886825192908953,0
22781,0.9820724855617428,0
22782,0.9427314257128032,0
22783,0.9997435576471885,1
22784,0.9132207451746452,0
22785,0.9906081841764321,0
22786,0.973311283588505,0
22787,0.7509845598946413,0
22788,0.9648484186024108,0
22789,0.9869223758436975,0
22790,0.9643931643959166,0
22791,0.847156426986819,1
22792,0.837994771573886,0
22793,0.9999190038072657,1
22794,0.8855011059079111,1
22795,0.980179903565665,1
22796,0.9911768251937133,0
22797,0.9839141765541176,0
22798,0.9999762480821611,1
22799,0.8994456625416702,0
22800,0.9999999985054724,1
22801,0.8389793007078536,0
22802,0.9989930797613388,1
22803,0.9556048656917875,0
22804,0.9871613281658616,0
22805,0.9673504665325237,0
22806,0.9144404283067695,0
22807,0.9777452334264106,0
22808,0.9551696338729626,0
22809,0.8608491888609205,1
22810,0.974362336231447,1
22811,0.9722894448934665,0
22812,0.9818093013186987,0
22813,0.9745963905852641,0
22814,0.9999999996363098,1
22815,0.9153070843600983,0
22816,0.9991411200775349,1
22817,0.6398992168776962,1
22818,0.993440189238265,0
22819,0.5928209174115421,0
22820,0.9053653176007999,0
22821,0.9075040900686908,0
22822,0.9928217697228636,0
22823,0.5973232391212145,1
22824,0.9865165960693241,1
22825,0.9531114514646021,1
22826,0.5320584978552897,0
22827,0.8605382472121946,0
22828,0.9999941055258058,1
22829,0.9763902299308317,0
22830,0.9813030345547796,0
22831,0.8346206546722528,0
22832,0.9590963370531962,1
22833,0.9794291056836962,0
22834,0.9473111392102005,0
22835,0.5572796651636982,0
22836,0.9605152587359318,0
22837,0.9789547926135053,1
22838,0.9883632176706973,0
22839,0.505699271904534,0
22840,0.7116611628637006,1
22841,0.9999936702986842,1
22842,0.9708337896180689,0
22843,0.9314910345209382,0
22844,0.8392633187486878,0
22845,0.9733074083552072,0
22846,0.741992855815755,0
22847,0.9459702442522436,1
22848,0.9803660494162997,0
22849,0.9279366938264743,0
22850,0.9801877133721492,0
22851,0.987728633874073,0
22852,0.9531551613559098,0
22853,0.7977803793823508,0
22854,0.8422877235588626,0
22855,0.8128184560325737,1
22856,0.8854848324984687,0
22857,0.8305341263988296,0
22858,0.8640416631208463,0
22859,0.78021944876272,1
22860,0.9651617747706172,0
22861,0.9922917814800735,0
22862,0.6913329744144758,0
22863,0.5323440024124257,0
22864,0.9903201832748307,0
22865,0.9996750472071789,1
22866,0.9130439487976104,0
22867,0.9472526827363247,0
22868,0.9506133654343989,0
22869,0.9476884963233001,0
22870,0.884925871456495,0
22871,0.9079457621761707,0
22872,0.5587042733216063,0
22873,0.9834812626285313,0
22874,0.9512023384706976,0
22875,0.762967898929808,0
22876,0.9079471317732292,0
22877,0.9318602806688001,0
22878,0.7952260610137647,0
22879,0.6759272120360078,0
22880,0.9390738087514402,0
22881,0.5868029283906375,1
22882,0.8197904148303378,1
22883,0.7978755511670589,0
22884,0.6918169219422455,0
22885,0.9999998097848114,1
22886,0.9999037554430265,1
22887,0.5981396098215849,1
22888,0.9998118588003735,1
22889,0.9923683402582172,0
22890,0.9897168599499607,1
22891,0.9341037866377992,1
22892,0.9346832076903431,0
22893,0.5080555413216041,1
22894,0.9999997723969842,1
22895,0.9884426821562621,0
22896,0.9878094024845485,0
22897,0.7139360596424498,0
22898,0.5244758007880368,0
22899,0.9832918971034188,0
22900,0.510043950135898,0
22901,0.8968614542132999,0
22902,0.9663511214791208,0
22903,0.9923067344724662,0
22904,0.9257218500910723,0
22905,0.6738792364281706,1
22906,0.9344210895425721,0
22907,0.9927276025453904,0
22908,0.9901129355264358,0
22909,0.6162254469117967,1
22910,0.9999998452903436,1
22911,0.8897397697380979,0
22912,0.9999788586294027,1
22913,0.9927142560782156,1
22914,0.9682002652955141,1
22915,0.984688817153441,0
22916,0.9997430749220336,1
22917,0.9868648258298186,0
22918,0.9838402767698343,0
22919,0.948780994985772,0
22920,0.9999847553730054,1
22921,0.9930251507434208,1
22922,0.7687463571486979,1
22923,0.9632233792198545,1
22924,0.9859941575434465,0
22925,0.8378692664640219,1
22926,0.773187588391847,0
22927,0.9622326742251681,0
22928,0.9647447054116941,0
22929,0.9671806580391158,0
22930,0.6848924590523199,0
22931,0.9877064800097516,0
22932,0.8456234614431574,0
22933,0.9698606797818388,0
22934,0.7857452119393998,0
22935,0.9347587984457256,0
22936,0.680782758940352,0
22937,0.5174815965909614,1
22938,0.9428904491564188,1
22939,0.6887820514126505,0
22940,0.9459607418757828,0
22941,0.5855118708528763,0
22942,0.9900277929841436,1
22943,0.932224157807193,0
22944,0.999825658197431,1
22945,0.9935978911264808,0
22946,0.9844854432775696,0
22947,0.626650100424971,1
22948,0.9847686665475598,0
22949,0.9662021841048812,0
22950,0.9879736523611209,0
22951,0.973153302562925,0
22952,0.8373270386471726,0
22953,0.9906970937490045,0
22954,0.9584047475068145,0
22955,0.9800263041821973,0
22956,0.9904269642806205,0
22957,0.5513892631481353,0
22958,0.8491775642990957,0
22959,1.0,1
22960,0.9999448357209324,1
22961,0.5039454748812265,1
22962,0.9863036468137714,0
22963,0.9924473909081079,0
22964,0.9891999779307489,1
22965,0.9262259778459626,0
22966,0.9915372619689982,0
22967,0.9424844205634032,0
22968,0.9895538121751204,0
22969,0.8424582208345907,0
22970,0.7254377901692262,0
22971,0.8497876877402473,1
22972,0.9758854762839692,0
22973,0.9742016314646721,0
22974,0.9999995041704626,1
22975,0.985592522500021,0
22976,0.8902134584952295,0
22977,0.9621322673934255,0
22978,0.8854766410864926,0
22979,0.8553200834103859,0
22980,0.9875965784308094,0
22981,0.9655440877011646,0
22982,0.7746156498403146,0
22983,0.9080052475196861,0
22984,0.985739487081736,0
22985,0.9378877355435239,0
22986,0.9732685875156043,0
22987,0.8810418398354549,0
22988,0.9999999999999245,1
22989,0.7943219184442417,0
22990,0.991804686637774,0
22991,0.6563555371659084,0
22992,0.9873929840053194,0
22993,0.901388728864941,0
22994,0.9799141522261379,0
22995,0.9397821298251342,1
22996,0.9902240481318589,0
22997,0.975793605875826,0
22998,0.993997575534247,0
22999,0.7764000247148076,1
23000,0.9999923006415873,1
23001,0.9938185431830961,1
23002,0.9907046684585067,0
23003,0.5529381585373281,1
23004,0.8928888256260782,0
23005,0.8071262480755914,0
23006,0.7918258077356494,0
23007,0.9875034973990156,0
23008,0.893993746535728,0
23009,0.8608928756874187,0
23010,0.985818881980968,0
23011,0.9487308665892576,0
23012,0.7531340459637321,0
23013,0.9819703800959361,1
23014,0.6789739685264115,0
23015,0.9552728046237041,0
23016,0.9667676749976203,0
23017,0.9848866168790429,0
23018,0.810416501777309,0
23019,0.9781127385353123,0
23020,0.9626069673857456,1
23021,0.9840890417584576,0
23022,0.9872607983253958,0
23023,0.98697678117097,0
23024,0.9471270106246716,0
23025,0.9757376230043594,0
23026,0.9916934400098238,0
23027,0.9726417804794153,0
23028,0.6329301251264386,1
23029,0.9598650759344832,0
23030,0.6973206700131733,0
23031,0.9771581014559211,0
23032,0.9533590247753327,0
23033,0.999999939287657,1
23034,0.782200154043264,0
23035,0.6610744170345918,0
23036,0.999879338881526,1
23037,0.9994734050060495,1
23038,1.0,1
23039,0.5920132088294491,1
23040,0.9819927302386158,0
23041,0.7845473361623592,0
23042,0.9617517403326167,0
23043,0.6086222919819136,0
23044,0.962261891102509,0
23045,0.5383667806848249,0
23046,0.9237938391471144,0
23047,0.8023124000239985,0
23048,0.9834822366682789,0
23049,0.6549605460992788,1
23050,0.9914723448761673,0
23051,0.9928934928415973,0
23052,0.9994924421381235,1
23053,0.9602603155053248,0
23054,0.7695728567290537,1
23055,0.6219658238097272,0
23056,0.842197062156673,1
23057,0.991804686637774,0
23058,0.9193127851927543,0
23059,0.9737331354309893,0
23060,0.9436571685367255,0
23061,0.6409780495175538,1
23062,0.9618929892058974,0
23063,0.9999999999999996,1
23064,0.9999999999999867,1
23065,0.968356883372299,0
23066,0.9280053579536112,1
23067,0.9831627882136446,1
23068,0.9709934769216578,0
23069,0.9647740598923287,0
23070,0.7916919888692465,0
23071,0.9671652118244877,0
23072,1.0,1
23073,0.9222538194941581,0
23074,0.9843835628124885,1
23075,0.9167359655777825,0
23076,0.9870593711034078,0
23077,0.9770254139554297,0
23078,0.9470447615638657,0
23079,0.9493946719774153,1
23080,0.9770828204943623,1
23081,0.9860366566855489,0
23082,0.9881751053463765,0
23083,0.9854226480520517,0
23084,0.992757812230437,1
23085,0.7923877345914971,0
23086,0.6764510176007863,0
23087,0.8830541396249334,1
23088,0.8257568992714844,1
23089,0.9951158475576029,0
23090,0.8777120725217848,0
23091,0.6562980207102092,0
23092,0.9870568618234246,0
23093,0.9999998353433524,1
23094,0.9648920390172218,0
23095,0.5152439061550347,1
23096,0.9813327833492506,0
23097,1.0,1
23098,0.9008910061335246,1
23099,0.8712863530899517,0
23100,0.9999952619111072,1
23101,0.6568699166009995,1
23102,0.9998498131004596,1
23103,0.9857766629625022,0
23104,0.9933685588435284,0
23105,0.621099615678732,0
23106,0.9507516468530136,0
23107,0.9763883612899801,0
23108,0.9993383506931465,1
23109,0.9839336509681712,0
23110,0.7794076370711006,0
23111,0.9403737059762936,0
23112,0.9542069846039132,0
23113,0.665143423954579,1
23114,0.9923929987742511,0
23115,0.5899558144666179,0
23116,0.9794684799356831,0
23117,0.9978539896910701,1
23118,0.9833287111810004,0
23119,0.8692037212281901,1
23120,0.7377852373870712,0
23121,0.9845400462982291,0
23122,0.6105115965302101,0
23123,0.9929618037131008,0
23124,0.8724842764399816,0
23125,0.8967274755214923,0
23126,0.5997813650766225,1
23127,0.756078364604097,0
23128,0.9918841493402079,1
23129,0.9569167722021059,0
23130,1.0,1
23131,0.9167947430219439,1
23132,0.9877930394143133,0
23133,0.9999999999999278,1
23134,0.8992828394658682,0
23135,0.9556195015523351,1
23136,0.7872783653491752,0
23137,0.9670251015024728,0
23138,0.784915444116409,1
23139,0.8101693476994469,1
23140,0.9747818977224691,0
23141,0.9799777966489838,0
23142,0.9999999999999853,1
23143,0.6541532773113887,1
23144,0.6529039209131344,1
23145,0.9893113259467244,0
23146,0.9173097714793575,0
23147,0.7187404628701194,0
23148,0.7626074948355149,0
23149,0.987890224465921,0
23150,0.9855114997939509,0
23151,0.9913096673384069,0
23152,0.6957256178342833,1
23153,0.5381826643706566,0
23154,0.9593531736449383,0
23155,0.9758548606314273,0
23156,0.986893404412319,0
23157,0.9999755743776714,1
23158,0.8740235681575738,1
23159,0.9074134565864045,1
23160,0.9781570525940869,0
23161,0.9538653274156509,0
23162,0.8862406647007595,1
23163,0.8272676140436706,1
23164,0.9923739648705421,1
23165,0.9919259833569835,0
23166,0.9151474166077027,1
23167,0.5666923474781304,1
23168,0.7432065678899687,0
23169,0.9500938128193531,0
23170,0.9999999997644666,1
23171,0.9686569828981316,0
23172,0.9843243510542354,0
23173,0.9839977069826631,0
23174,0.9960227037187465,1
23175,0.9554273211917726,0
23176,0.9777361653435043,0
23177,0.9999999762260837,1
23178,0.9579750816599042,0
23179,0.9997999076579727,1
23180,0.8624026418410053,0
23181,0.9999999935915662,1
23182,0.9575373164461293,1
23183,0.9795762907428641,0
23184,0.9473093364503437,1
23185,0.9748576029368348,0
23186,0.991592663509002,0
23187,0.6105184182942818,0
23188,0.9492216632759792,0
23189,0.9999969225369921,1
23190,0.9999942929092791,1
23191,0.9255237356868597,0
23192,1.0,1
23193,0.9777922626462838,0
23194,0.5911028192791734,0
23195,0.9759477815177316,0
23196,0.5073612626749738,1
23197,0.8991885258935212,1
23198,0.9999886410082415,1
23199,0.9846614905799691,0
23200,0.9999999646128355,1
23201,0.989238179130393,0
23202,0.980553046486564,0
23203,0.99996384328157,1
23204,0.9907741962223747,0
23205,1.0,1
23206,0.9999889089599151,1
23207,0.8506660791447911,0
23208,0.9999981785644293,1
23209,0.9635687921123456,0
23210,0.9999998979154201,1
23211,0.5946181232228638,1
23212,0.6972990299797446,0
23213,0.5638676208333312,1
23214,0.8124110483083403,1
23215,0.9898775224295754,1
23216,0.9954840511920718,1
23217,0.5080099808280282,0
23218,0.9307298421465108,1
23219,0.6731685759772852,0
23220,0.9908026103468885,0
23221,0.9534325114692163,1
23222,0.9797934248196474,0
23223,0.9595132736884413,0
23224,0.7990423122888836,0
23225,0.6544633338779569,0
23226,0.8224015332494321,1
23227,0.9856391740456868,0
23228,0.9306297284128275,0
23229,0.9752070670885347,0
23230,0.7651260188210258,0
23231,0.9999996912399981,1
23232,0.9997778596396698,1
23233,0.9999725990185677,1
23234,0.9860496943607381,0
23235,0.8968306794310974,1
23236,0.9886304505751374,0
23237,0.9091834764748001,0
23238,0.9827254626101924,0
23239,0.986351576612425,1
23240,0.918711032578389,0
23241,0.9813687400117667,0
23242,0.8737744540118988,0
23243,0.9834442889210878,0
23244,0.9994841428056734,1
23245,0.9999894838260062,1
23246,0.9999999999975995,1
23247,0.6679243625153907,0
23248,0.9557260732413014,1
23249,0.9752924217811688,0
23250,0.9780849184534623,0
23251,0.9840492280747578,1
23252,0.8601641254898355,0
23253,0.9775546956426764,0
23254,0.9648617673573625,1
23255,0.9745859537340443,0
23256,0.9493202733930254,0
23257,0.5768084946989479,1
23258,0.8778462860508123,0
23259,0.9043010429542514,1
23260,0.9883754859259026,0
23261,0.9610937716734845,0
23262,0.9901534106147988,0
23263,0.9979179027248,1
23264,0.894783230908435,0
23265,0.9793816497194229,0
23266,0.7659789851810996,0
23267,0.9473871249413492,0
23268,0.9902195311903641,0
23269,0.9983416556567395,1
23270,0.8715437919350052,0
23271,0.9432767109316895,0
23272,0.9532290870039065,0
23273,0.5996122867434243,1
23274,0.8406741953702618,0
23275,0.9374570664726467,0
23276,0.8334544718182064,0
23277,0.9666681031490131,0
23278,0.9813515289678786,0
23279,0.5349988518610628,0
23280,0.9889347460769534,0
23281,0.9741950558905889,0
23282,0.986220288472693,0
23283,0.9909800073423196,0
23284,0.9835549747392881,0
23285,0.9178575937543048,0
23286,0.7387772659399519,1
23287,0.9656980144594496,0
23288,0.9676797421974533,0
23289,0.9859888961737052,0
23290,0.9938721160210001,0
23291,0.9892883120244113,0
23292,0.9705649030470822,0
23293,0.9921792924968669,0
23294,0.9999999997060272,1
23295,0.9916315360274321,0
23296,0.7377372221884904,0
23297,0.8556342417968773,1
23298,0.9344883009241017,0
23299,0.9685248646637136,1
23300,0.9785575250676876,0
23301,0.9226292691644943,0
23302,0.532023111724144,0
23303,0.986130210269781,1
23304,0.9974404306091825,1
23305,0.9680705633690593,0
23306,0.5710900045497141,0
23307,0.7658518559678936,0
23308,0.999994156932172,1
23309,0.8176813805519648,0
23310,0.5912382682203677,0
23311,0.9849873410945595,0
23312,0.9706992985515405,0
23313,0.9986270665508639,1
23314,0.9856817404959296,0
23315,0.9506316845287616,0
23316,0.882882139946822,0
23317,0.7821302930642859,0
23318,0.9781195975875413,0
23319,0.9359987591271052,0
23320,0.9748216515741795,0
23321,0.7978737702941773,1
23322,0.9874761735132765,0
23323,0.5712635065833356,0
23324,0.9181607857298261,0
23325,0.9999646461387506,1
23326,0.7278840278963208,0
23327,0.8524136530568132,0
23328,0.9869823526895495,0
23329,0.9954687105173963,1
23330,0.9993453151712547,1
23331,0.6798640216212928,0
23332,0.9661627453998487,0
23333,0.9863381810358809,0
23334,0.8335840046592007,1
23335,0.9121259359273954,0
23336,0.973602483979251,0
23337,0.6681252674178971,0
23338,0.9999999999632658,1
23339,0.7006243686891686,0
23340,0.9648210011073132,0
23341,0.8314774121093511,1
23342,0.9819374952359835,0
23343,0.9670900831397667,0
23344,0.56459177960686,1
23345,0.9887857718445181,0
23346,0.983248337862799,0
23347,0.7747495759676047,0
23348,0.9999638926263872,1
23349,0.9760785413659472,0
23350,0.8525851686336645,0
23351,0.8475598753676326,1
23352,0.9260473607761516,0
23353,0.9743530347524776,0
23354,0.9801044000422964,0
23355,0.9988679811821738,1
23356,0.9714850814958434,0
23357,0.8782351328388767,0
23358,0.789674559885834,0
23359,0.9937541594056901,1
23360,0.8238237821805413,0
23361,0.5344246995953709,1
23362,0.9731405646496283,0
23363,0.9261237576323161,0
23364,0.9867094528492567,0
23365,0.8855054765623588,0
23366,0.987255942221703,0
23367,0.8751810305691259,0
23368,0.9907871066872195,0
23369,0.6484759315300916,1
23370,0.7772994320718781,0
23371,0.8669226917270697,0
23372,0.9812858953447036,0
23373,0.8987025203540803,0
23374,0.9999164176028179,1
23375,0.9876285420915619,0
23376,0.9735418410553117,0
23377,0.9880993099308049,1
23378,0.9905596204514875,0
23379,0.6994108839871774,1
23380,0.9214324852109466,1
23381,0.854344696443931,1
23382,0.975341758016168,0
23383,0.9809195877869206,0
23384,0.8128147661514171,0
23385,0.6472267631261528,0
23386,0.9540850105525913,0
23387,0.6011079132807582,0
23388,0.8742331542934044,0
23389,0.989960789535852,0
23390,0.8590044193398141,0
23391,0.9902375677428882,0
23392,0.7713156173285329,0
23393,0.7559601957155421,0
23394,0.8412728690147847,1
23395,0.9465574845922142,0
23396,0.9909130387859305,0
23397,0.9327662879328082,1
23398,0.9975389650682454,1
23399,0.9980074109838905,1
23400,0.948931677370756,0
23401,0.9751488894349112,0
23402,0.9999941201267691,1
23403,0.9999999999867661,1
23404,0.9168159825797857,0
23405,0.9955232293115291,0
23406,0.9349346776233283,0
23407,0.9845149975274922,0
23408,0.9999988386344578,1
23409,0.9390286085730436,0
23410,0.9999121661963326,1
23411,0.6756204920114695,1
23412,0.9797197327017522,0
23413,0.9732860484754479,0
23414,0.7098492430623576,0
23415,0.6961556833235911,1
23416,0.9999384846541616,1
23417,0.9828145545504652,1
23418,0.5203682663955529,0
23419,0.8756618694544034,1
23420,0.846642007481313,0
23421,0.5114807275246975,1
23422,0.9315399427489515,0
23423,0.9877275520073341,0
23424,0.9403903713080802,0
23425,0.9793717087949043,0
23426,0.9872384001156587,0
23427,0.7703556534140419,0
23428,0.9385483754311629,0
23429,0.8227050155908862,0
23430,0.9918641847263322,0
23431,0.9523784611304266,0
23432,0.6622491779605266,1
23433,0.9769373958987104,0
23434,0.84668107238441,0
23435,0.9841458100542368,0
23436,0.8532745292541292,0
23437,0.982105028215549,0
23438,0.9867358674778179,0
23439,0.9752633014732461,0
23440,0.9709541187224822,0
23441,0.9742815057955636,0
23442,0.9568685457709121,0
23443,0.9570167252957288,0
23444,0.949200364416866,0
23445,0.572589296688874,1
23446,0.9825546749101706,0
23447,0.991228101638984,0
23448,0.9926758774309414,0
23449,0.9898426705944988,0
23450,0.9774863859819765,0
23451,0.9407171465337041,1
23452,0.9881388064427994,0
23453,0.9849873249617951,0
23454,0.6117990717811783,1
23455,0.999958608308326,1
23456,0.7210372083136637,0
23457,0.9918656144478065,0
23458,1.0,1
23459,0.9999999354986236,1
23460,0.9738426404505034,0
23461,0.7457629967487277,0
23462,0.7504910223341072,0
23463,0.9126197997774628,0
23464,0.9444335810138028,0
23465,0.9547732287846971,0
23466,0.9707714413323955,0
23467,0.9893991844418348,0
23468,0.9923201308968608,0
23469,0.9288312093071411,0
23470,0.9264017488254548,0
23471,0.9933518772555533,1
23472,0.9814415811855228,0
23473,0.9912030811612899,0
23474,0.6944923366560678,1
23475,0.9999999992410764,1
23476,0.8623613392330246,0
23477,0.9897593868382747,0
23478,1.0,1
23479,0.9999999999921036,1
23480,0.9484350337122347,0
23481,0.6771549648998016,0
23482,0.791538781979919,0
23483,0.9526410722178854,0
23484,0.9617475788117135,0
23485,0.9536375215421834,0
23486,0.510150007108304,1
23487,0.9868666458963707,0
23488,0.8909238698362134,1
23489,0.6612478420470274,0
23490,0.9999999999321565,1
23491,0.9906800800425111,0
23492,0.9917470007490811,0
23493,0.663125683085701,1
23494,0.9999999902180196,1
23495,0.9757011004079369,0
23496,0.9967419283376253,1
23497,0.999997113137987,1
23498,1.0,1
23499,0.7132136881084662,1
23500,0.9577152034194593,0
23501,0.9461161112955655,0
23502,0.9843999366072232,0
23503,0.9828093544454503,0
23504,0.9912323881099309,0
23505,0.9484998161166454,0
23506,0.9791853343303349,0
23507,0.6809635466525407,1
23508,0.9849802816835601,0
23509,0.9873210454571689,0
23510,0.891732333655822,0
23511,0.7764996088641685,0
23512,0.9349429614048287,0
23513,0.9876868826541928,0
23514,0.9980707484033596,1
23515,0.9910235071228727,0
23516,0.9923249787074234,0
23517,0.9643490992578302,0
23518,0.8594214214658491,0
23519,0.9995860107675192,1
23520,0.6075512813320835,0
23521,0.7069331165255526,0
23522,0.9809348697237616,1
23523,0.9897593868382747,0
23524,0.9254996542092393,0
23525,0.8833842178717642,0
23526,0.6104807446599397,1
23527,0.985127294774548,0
23528,0.9999833975615593,1
23529,0.9704140434406359,0
23530,0.5857353509056545,0
23531,0.9826251158855391,0
23532,0.9321660601790318,0
23533,0.5955521206527308,0
23534,0.9754531351805898,0
23535,0.8664260207479597,0
23536,0.9824222538141912,1
23537,0.7527599295379704,0
23538,0.9904374478256281,0
23539,0.9997675241495632,1
23540,0.9999982137245058,1
23541,0.9999999999979301,1
23542,0.9799849468692948,0
23543,0.9828238270881449,0
23544,0.987710859615876,0
23545,0.9864913059855219,0
23546,0.8261630872596013,0
23547,0.8437702956958667,0
23548,0.9397760112713162,0
23549,0.9707849007391747,0
23550,0.9738394753750418,0
23551,0.9884897121664116,0
23552,0.973077302281521,0
23553,0.6285401691423931,0
23554,0.9999999987768775,1
23555,0.9901778260078747,1
23556,0.8404339761452604,0
23557,0.5044355938710247,0
23558,0.8197153526002519,1
23559,0.7082030719146187,0
23560,0.9891913881120118,0
23561,0.9613918374052568,0
23562,0.6968295693868358,0
23563,0.7811624388714233,1
23564,0.6988951533990907,0
23565,0.7214835118149706,0
23566,0.9942121172453593,0
23567,0.5433746015598842,0
23568,0.689741854309288,0
23569,0.9535148257716641,0
23570,0.9867432212458831,0
23571,0.974563871886017,0
23572,0.9999999555396801,1
23573,0.7350415619795553,1
23574,0.6261459251078162,1
23575,0.9923110458676904,0
23576,0.9663092213368233,0
23577,0.9999621006846421,1
23578,0.6394397946422915,1
23579,0.8017502844208573,1
23580,0.920968701667769,0
23581,0.9985547045572453,1
23582,0.9060647670911313,1
23583,0.999850402652804,1
23584,0.5893529621899866,0
23585,0.8509290652631963,0
23586,0.9816814924979737,0
23587,0.7750877809632915,0
23588,0.9999996425888252,1
23589,0.913483565640462,1
23590,0.8837669362512223,0
23591,0.6446067474186958,0
23592,0.5082505994049625,1
23593,0.9919168777823242,0
23594,0.949214892865427,0
23595,0.5668559818635169,0
23596,0.9817605618477597,0
23597,0.9999946708377684,1
23598,0.983178952670994,0
23599,0.6403809332993619,0
23600,0.9846909500290995,0
23601,0.9902376289356652,0
23602,0.8876771625344063,0
23603,0.961561195053822,0
23604,0.6054710202612448,1
23605,0.8744158771601793,1
23606,0.9602743331048015,0
23607,0.8667063912551968,0
23608,0.911924810259577,0
23609,0.5484909640587466,0
23610,0.9853825843028821,0
23611,0.8260481582142055,0
23612,0.999997297816682,1
23613,0.7577506037694173,1
23614,0.9675804432921755,1
23615,0.8545446085934314,0
23616,0.9861225850493872,0
23617,0.9190633589103526,0
23618,0.8857114473816636,1
23619,0.7624604476941436,0
23620,0.661977856885463,1
23621,0.9765121452183051,0
23622,0.9800989834033377,0
23623,0.9798607428638423,0
23624,0.9906946290230447,0
23625,0.9877729485132193,0
23626,0.8356163032466576,0
23627,0.9121502219722938,0
23628,0.9632854269917615,0
23629,0.9886181670786419,0
23630,0.744614634585618,0
23631,0.9893861385445577,0
23632,0.9870926134157207,0
23633,0.7911029606653033,0
23634,0.9455340161218116,0
23635,0.9410047274840444,0
23636,0.8732540268749504,0
23637,0.8814296734201276,0
23638,0.7993034506587475,0
23639,0.640952937348349,0
23640,0.9603415408164547,0
23641,0.9411931068230676,1
23642,0.8805843866453702,0
23643,0.9999870061402505,1
23644,0.9814384813994579,0
23645,0.9376105480684486,0
23646,0.9933829907454101,0
23647,0.9643852913094824,0
23648,0.7238298715746972,0
23649,0.9918268039901562,0
23650,0.934393879543377,0
23651,0.7717129118470717,1
23652,0.9859283331877846,0
23653,0.9921275168367565,0
23654,0.8581242064809099,0
23655,0.9613623478514843,0
23656,0.9861416976260197,0
23657,0.9877282919346972,0
23658,0.9456532471622338,0
23659,0.8874935354116558,1
23660,0.9919432126078637,0
23661,0.8932307625569463,0
23662,0.9478874124855899,0
23663,0.999340962293751,1
23664,0.8694935600720277,1
23665,0.8001732589486374,0
23666,0.833603795273614,0
23667,0.9845418619793804,0
23668,0.9673291606215562,0
23669,0.9874249709088276,0
23670,0.7847939238033766,0
23671,0.999901228943082,1
23672,0.9851604831162905,0
23673,0.5838892454372675,0
23674,0.9913845091491666,0
23675,0.9784698155133308,0
23676,0.984537467045399,0
23677,0.9681854171134997,0
23678,0.978341877620759,0
23679,0.6804110796649646,0
23680,0.5161645994905706,0
23681,0.9547573022363274,0
23682,0.9999993633757104,1
23683,0.950148070202601,0
23684,0.9684235053420179,0
23685,0.9643168930849916,1
23686,0.9573909144345881,0
23687,0.9846488869365029,0
23688,0.9840243319520677,1
23689,0.8478173204160454,0
23690,0.9999999356618556,1
23691,0.9839324498579736,0
23692,0.7572859127402064,1
23693,0.9861204095204683,0
23694,0.8496058508236957,0
23695,0.8168171104714297,0
23696,0.8268328429905155,0
23697,0.9797028069448072,0
23698,0.9723240611330809,0
23699,0.8892192496803136,1
23700,0.638217526316283,1
23701,0.9897622060966036,0
23702,0.9898212458368689,0
23703,0.9926275524996883,0
23704,1.0,1
23705,0.5174189608675929,1
23706,0.738045954583099,0
23707,0.9048058698905765,0
23708,0.9999499413024142,1
23709,0.9779573796983134,0
23710,0.9999995261827488,1
23711,0.9505725419492798,0
23712,0.8200204304737149,0
23713,0.9698136791771955,0
23714,0.9968532506109087,1
23715,0.9998427223267242,1
23716,0.9681999903002549,0
23717,1.0,1
23718,0.6966223062078184,1
23719,0.908217570866016,0
23720,0.9325483709240492,0
23721,0.9860604357501269,0
23722,0.9894250104595531,1
23723,0.9652301377585392,0
23724,0.9877693829570818,0
23725,0.9225620038155606,0
23726,0.7597294676773291,0
23727,0.8709947378038541,0
23728,0.7017293229495278,1
23729,0.6209829157927828,0
23730,0.8550481783263936,1
23731,0.7845719236150523,0
23732,0.7240499061669035,1
23733,0.8531594993374602,0
23734,0.7600550321173701,0
23735,0.9972079544478691,1
23736,0.8802279385169323,0
23737,0.6688042203265279,0
23738,0.9988555879753506,1
23739,0.7085991978484432,1
23740,0.9999999990200159,1
23741,0.5933814305998754,0
23742,0.9570453090359506,0
23743,0.8575038967630996,1
23744,0.9299368495239514,0
23745,0.5449874078683574,1
23746,0.9628205514625561,0
23747,0.9993248226438578,1
23748,0.9999999945246183,1
23749,0.892171409290342,0
23750,0.9295644676158076,1
23751,0.9378103508315276,0
23752,0.9653916518352851,0
23753,0.971118017664314,0
23754,0.9994152754818563,1
23755,0.8586479971167684,1
23756,0.9718900381482329,1
23757,0.9518132813598154,1
23758,0.6869461824513282,0
23759,0.7634150843033646,0
23760,0.9358165249403569,1
23761,0.9999999906740203,1
23762,0.5147341196772494,0
23763,0.9729648830450459,0
23764,0.991153424136159,0
23765,0.6650555773170448,0
23766,0.8328684902559993,0
23767,0.5860847103374092,1
23768,0.9881518278428802,0
23769,0.8889842113740171,0
23770,0.8575853721209817,1
23771,0.9544809092707134,0
23772,0.9064654268609286,0
23773,0.9842347270462686,1
23774,0.8037350326700731,0
23775,0.9670804922910672,0
23776,0.9376768074028009,0
23777,0.9866589699922839,0
23778,0.9688855330001704,0
23779,0.9848508972400706,0
23780,0.9651743560743891,0
23781,0.9918078117511205,0
23782,0.9255162145112936,0
23783,0.9552836480797282,0
23784,0.9926474829282779,0
23785,0.9324954300876973,0
23786,0.7574497639070616,0
23787,0.9886296342794106,0
23788,0.9853842098936008,0
23789,0.8667818359719229,0
23790,0.7946066897027751,1
23791,0.9870867030325967,0
23792,0.7420666179977926,1
23793,0.991328003453948,0
23794,0.9520308673747494,0
23795,0.9717677456924724,1
23796,0.8854579828958543,0
23797,0.9545338678118981,0
23798,0.6732899255410815,0
23799,0.9759671312121344,0
23800,0.9903073462949237,0
23801,0.9507092680107422,1
23802,0.9999998038004266,1
23803,0.9044157631864609,0
23804,0.784793592029547,1
23805,0.8824870771022355,0
23806,0.9805063998816304,0
23807,0.9948303915695342,1
23808,0.9763785766579791,0
23809,0.9788009101785157,0
23810,0.9836682785942139,0
23811,0.6156139951370984,1
23812,0.8425672639443077,0
23813,0.8147928654132348,0
23814,0.7846760820816937,1
23815,0.7521625236084658,1
23816,0.6111976010795596,1
23817,0.854616546459254,1
23818,0.9872120772361268,0
23819,0.9996646223114739,1
23820,0.6298422114671104,0
23821,0.9473167779970559,0
23822,0.9820682714514324,1
23823,0.9319272893279885,1
23824,0.5838740296631204,0
23825,0.8457542388868473,1
23826,0.8304418072093275,0
23827,0.9522447978211747,0
23828,0.9954038447595079,1
23829,0.9626108465558422,0
23830,0.9334013748757599,0
23831,0.894091494601003,0
23832,0.9339383689185959,0
23833,0.9998984257808113,1
23834,0.9918962264881594,0
23835,0.9662878657137518,0
23836,0.9814270879698803,0
23837,0.544001233651476,0
23838,0.5828131129455862,1
23839,0.8457635594821536,1
23840,0.9843430302035786,0
23841,0.5964149239904752,1
23842,0.8895246353825932,0
23843,0.7778201607511899,0
23844,0.9942354731329098,1
23845,0.8811987496764884,0
23846,0.9215073884628697,0
23847,0.7487336947815877,0
23848,0.9928811837904915,0
23849,0.988708059038219,0
23850,0.7802860474881524,0
23851,0.6560984410053201,1
23852,0.9784246705243999,0
23853,0.7637772066719828,0
23854,0.9411521455586888,0
23855,0.985080124332481,0
23856,0.9864047267829406,0
23857,0.9891353909479177,0
23858,0.569353501424692,1
23859,0.9239730236624737,0
23860,0.6904800229140838,0
23861,0.9855215496725589,0
23862,0.7421010656164247,0
23863,0.9817958028099587,0
23864,0.8495184658198387,1
23865,0.9002490401290446,0
23866,0.991451681822333,0
23867,0.9740459125346792,0
23868,0.5766928876674012,1
23869,0.7953753851614662,0
23870,0.6513251500518501,0
23871,0.9638083036060899,0
23872,0.9379851104196131,0
23873,0.9753841575696727,0
23874,0.9717523130494308,0
23875,0.9813525149614807,0
23876,0.9724658492490742,0
23877,0.9648031333758691,0
23878,0.8975529979752336,0
23879,0.9688391478168984,0
23880,0.9999999672842703,1
23881,0.7952265374973676,0
23882,0.8610867977401873,0
23883,0.8816868873234993,0
23884,0.9643518707975577,0
23885,0.7453780966823,0
23886,0.79763558177623,1
23887,0.7539106874932677,0
23888,0.9257667078792351,0
23889,0.9843229823715102,0
23890,0.5059027265361731,1
23891,0.9758398486640064,0
23892,0.9999313888787267,1
23893,0.5217896443029686,0
23894,0.8606396066539798,0
23895,0.8078911549080381,0
23896,0.7789291735997518,0
23897,0.9883543598045624,0
23898,0.9884547183420535,0
23899,0.8268705859596279,0
23900,0.5590329233492289,0
23901,0.59896158081948,0
23902,0.9628074360285191,0
23903,0.7068246515760566,1
23904,0.7865282696798793,0
23905,0.9579363904822816,0
23906,0.9891034394086791,0
23907,0.8043717528531786,0
23908,0.6236172559499924,0
23909,0.6034695882160821,1
23910,0.8520958862031913,0
23911,0.9911099397391797,0
23912,0.9931922141391935,1
23913,0.7570518559120106,0
23914,0.8367544352194589,0
23915,0.9151451636805873,0
23916,0.8132961428731241,0
23917,0.9903594638017345,0
23918,0.9539672155527983,0
23919,0.5918227339129032,1
23920,0.9687573168526562,0
23921,0.9225532994303387,0
23922,0.9574765702658975,0
23923,0.9917967230118266,0
23924,0.9999995450444334,1
23925,0.9298027822912219,0
23926,0.9903624653664116,1
23927,0.8644296608721351,0
23928,0.5206832888906682,0
23929,0.9632750839261867,0
23930,0.9921547186345683,0
23931,0.9641206825357712,0
23932,0.9905688614767733,0
23933,0.8827436201174574,0
23934,0.9997726828751231,1
23935,0.9999991440476151,1
23936,0.8003668595118543,0
23937,0.9738974745563248,0
23938,0.680613904070768,0
23939,0.9999999986526062,1
23940,0.9879699680362124,1
23941,0.9896066804355304,0
23942,0.7870105449232653,0
23943,0.8950006729709167,0
23944,0.999999956858795,1
23945,0.9979456537292194,1
23946,0.9797105343424771,0
23947,0.9871363956725557,0
23948,0.9739472405522703,0
23949,0.7999615051680206,1
23950,0.9115128400604028,0
23951,0.9093515755468238,1
23952,0.8709234262224893,0
23953,0.882514757577652,0
23954,0.93741486455934,0
23955,0.864145195951697,0
23956,0.8844376096360688,0
23957,0.9879966416514233,0
23958,0.8509418929872669,1
23959,0.5335180633901309,0
23960,0.9765233739860372,0
23961,0.8740289426324119,1
23962,0.9631395244551968,0
23963,0.8154766469743818,0
23964,0.7479336326210756,1
23965,0.9319650866036954,1
23966,0.9999999999387545,1
23967,0.9743535464531836,0
23968,0.9999999880875007,1
23969,0.9428597396712974,0
23970,0.9497263659566915,0
23971,0.5018073255953771,1
23972,0.9631685906428307,0
23973,0.7168716136182255,0
23974,0.9739587145244525,0
23975,0.5606516296668022,0
23976,0.9999999990637001,1
23977,0.5029797869669782,1
23978,0.5197297900108461,1
23979,0.9404619603768636,0
23980,0.8972664696555376,0
23981,0.9787650689382356,0
23982,0.8486071029342569,1
23983,0.8498546228184994,0
23984,0.6805412116645606,1
23985,0.5224390657541348,1
23986,0.640983885832641,1
23987,0.7384805882459956,0
23988,0.9662282207430354,0
23989,0.9516165485158059,0
23990,0.9997017824947063,1
23991,0.9849005894139313,0
23992,0.9782637399768436,1
23993,0.9321045730099811,0
23994,0.9747710813362201,0
23995,0.9934656360601568,1
23996,0.994799169028143,1
23997,0.977816841918178,0
23998,0.9841071754436174,0
23999,0.9513601848602735,0
24000,0.97955458374062,0
24001,0.9212366414200965,0
24002,0.5501006683891146,1
24003,0.7064197556458867,0
24004,0.9670781492954947,0
24005,0.8913812598318931,0
24006,0.5392848978062603,0
24007,0.6480519487499968,0
24008,0.9312879311810248,0
24009,0.999999999999996,1
24010,0.999999999993598,1
24011,0.5613541702818365,1
24012,0.9984475983231789,1
24013,0.9720238729847697,0
24014,0.6072164559540971,1
24015,0.8095480969460742,0
24016,0.9919774077142306,0
24017,0.9134950291380572,1
24018,0.617167730899981,0
24019,0.9878598869879995,1
24020,0.9309584366497277,0
24021,0.8973134190239068,0
24022,0.5623009105455324,1
24023,0.97582871441215,0
24024,0.9705432306963285,0
24025,0.9783922585783352,0
24026,0.8315560513589312,1
24027,0.9999999999999862,1
24028,0.5867398484819593,0
24029,0.7122988324840134,0
24030,0.8061161906694396,0
24031,0.9528171254277317,0
24032,0.8885273609362458,0
24033,0.8988402085244769,0
24034,0.9952615998963075,1
24035,0.9952956283580288,1
24036,0.8991628265241326,0
24037,0.5948710130318741,0
24038,0.6092737024754351,0
24039,0.788342275033854,0
24040,0.989175412592751,1
24041,0.9738166612049525,0
24042,0.872356462704132,0
24043,0.7765122321255342,0
24044,0.9464512858880711,0
24045,0.985281378994708,1
24046,0.9939202127521543,1
24047,0.7955805849659378,1
24048,0.9936727064648179,1
24049,0.9445819422594444,0
24050,0.7265756308814134,0
24051,0.8157117498600487,1
24052,0.9826329094114716,0
24053,0.9999839515826976,1
24054,0.907581899908029,0
24055,1.0,1
24056,0.9227841536723367,0
24057,0.999999496918692,1
24058,0.5652367854654631,0
24059,0.790125607056637,0
24060,0.9850395276096562,0
24061,0.9859319082963773,0
24062,0.988489136976966,0
24063,0.9908763151916612,0
24064,0.9586050664035147,0
24065,0.9999999988304786,1
24066,0.864563328272837,1
24067,0.9815241717337425,0
24068,0.9714969934508714,0
24069,0.9637857108628971,0
24070,0.9245671323181188,0
24071,0.5030086686970424,1
24072,0.9646021977498122,0
24073,0.7027225390347279,1
24074,0.9771617640171743,0
24075,0.9838650113162083,0
24076,0.6629301624977364,0
24077,0.8368670425371958,0
24078,0.9918962264881594,0
24079,0.9968484526666037,1
24080,0.9698744974592316,0
24081,0.9827367016294779,0
24082,0.9878592322651948,0
24083,0.917653255433879,1
24084,0.974744460711521,0
24085,0.9866186096628192,0
24086,0.9784024857459673,0
24087,0.9077459920086417,0
24088,0.9999999999532361,1
24089,0.9899854013507348,0
24090,0.9838322805335517,0
24091,0.9884559225377831,0
24092,0.9756801653447434,0
24093,0.9925645553240898,0
24094,0.9454743180073254,0
24095,0.9829938841141734,0
24096,0.6577711128317831,0
24097,0.9513980377205878,0
24098,0.8920275442918274,0
24099,0.9826364354386938,0
24100,0.7895362118599594,1
24101,0.9998613481534966,1
24102,0.9888993583832075,0
24103,0.6459437502814199,0
24104,0.9658334928991045,0
24105,0.9754398494112867,0
24106,0.6854489215438735,1
24107,0.9999999948248679,1
24108,0.8477198922659573,0
24109,0.7941988286628204,0
24110,0.9454716594665037,0
24111,0.9908513096503984,0
24112,0.9999926173660365,1
24113,0.949682247277464,0
24114,0.9722886251776649,0
24115,0.9999999999998694,1
24116,0.9560438697820247,0
24117,0.6484016846884362,0
24118,0.5096124385781536,0
24119,0.8483661941246475,0
24120,0.9609036405547151,0
24121,0.7726441079619712,0
24122,0.9415217951527977,0
24123,0.8554990449412888,1
24124,0.9853551831295769,0
24125,0.9999878088090867,1
24126,0.9527718292671732,0
24127,0.7254588554802059,0
24128,0.9912969757899092,1
24129,0.8894558811805173,0
24130,0.9999999999667808,1
24131,0.9826819174462018,1
24132,0.7644947346544623,1
24133,0.9955232293115291,0
24134,0.824072621519911,0
24135,0.9919206411437669,0
24136,0.9748529697358929,0
24137,0.9742632006581556,0
24138,0.9531261282305515,0
24139,1.0,1
24140,0.5157982380753541,0
24141,0.9922562838454287,0
24142,0.9526748343673674,0
24143,0.5951562682114903,0
24144,0.6286561380030817,0
24145,0.9865593900664652,0
24146,0.9999927672974582,1
24147,0.5280008427540084,0
24148,0.9222288434989359,0
24149,0.9962251092207414,1
24150,0.9999438107695569,1
24151,0.9969827671166401,1
24152,0.9808457967617353,0
24153,0.8171119084191617,0
24154,0.8494444069164759,0
24155,0.987847393932039,0
24156,0.9322140288557674,1
24157,0.5272580265888991,1
24158,0.6924343082149775,1
24159,0.8620398259652078,0
24160,0.923069515672039,0
24161,0.8068650940286142,0
24162,0.5838085213792323,0
24163,0.6583057041824256,1
24164,0.5047601047521033,0
24165,0.9365856564758628,0
24166,0.5419758710007606,1
24167,0.7666827778073209,0
24168,0.7299731594913638,0
24169,0.5886783323846906,0
24170,0.7768314232170871,1
24171,0.9917416951767483,0
24172,0.9919431735311776,1
24173,0.9689926056424409,0
24174,0.7350258564796888,0
24175,0.9916766857814829,0
24176,0.9866166468659221,0
24177,0.9067560058129672,0
24178,0.9999984040188318,1
24179,0.9999999999632796,1
24180,0.98188687832342,0
24181,0.8977976596438695,0
24182,0.8772688295633277,0
24183,0.999979709900682,1
24184,0.7057533466095831,1
24185,0.952106042174212,0
24186,0.9777412400563776,0
24187,0.5255700483972853,0
24188,0.9922247233764793,0
24189,0.9796218920166949,0
24190,1.0,1
24191,0.9829586448335437,0
24192,0.7123832181735225,0
24193,0.8256991236776889,0
24194,0.9407755101037591,0
24195,0.9860897840744548,0
24196,0.9841633438173092,0
24197,0.7548638836755183,1
24198,0.7029052937914461,0
24199,0.6114858871561949,0
24200,0.949591275573626,0
24201,0.9065430148407276,0
24202,0.9726138549931184,0
24203,0.7435115945305312,0
24204,0.7405720795673368,0
24205,0.8280299262544393,1
24206,0.9912323881099309,0
24207,0.9757136650041491,0
24208,0.7550605797939183,0
24209,0.9991685821211808,1
24210,0.9350650762162157,0
24211,0.9999234690860459,1
24212,0.9885562842113286,1
24213,0.9165968580368814,0
24214,0.9320582325507387,1
24215,0.9496232118822406,1
24216,0.9207940914840904,1
24217,0.7431437681129025,0
24218,0.5115249864904994,0
24219,0.9036725481520935,0
24220,0.9399017951675364,1
24221,0.9107086974874229,0
24222,0.7672795584450902,0
24223,0.7833007601171746,1
24224,0.999999775927952,1
24225,0.9999999999999836,1
24226,0.646934674387232,1
24227,0.9986825662777187,1
24228,0.502037950392916,1
24229,0.7712032683994319,0
24230,0.8631552164618917,0
24231,0.9303610271705187,1
24232,0.9087899613626943,0
24233,0.5705345624794302,1
24234,0.9537081340561774,0
24235,0.8862663814956431,0
24236,0.9953893590359736,1
24237,0.9999999999918092,1
24238,0.943507934075058,0
24239,0.9246933753434303,0
24240,0.9999493136283537,1
24241,0.680528275631394,1
24242,0.9871173455785991,0
24243,0.9674520692606465,0
24244,0.9898585929765588,0
24245,0.9361877956992191,0
24246,0.9954889116286608,1
24247,0.6875737213414198,0
24248,0.9792000967137999,0
24249,0.9687846045972004,0
24250,0.9836131365144176,0
24251,0.9646503491250097,0
24252,0.9292117605674695,0
24253,0.5314889162839389,0
24254,0.9920620480124713,0
24255,0.9878330479439341,0
24256,0.9768032992549668,0
24257,0.8666290971016615,0
24258,0.9383641533555392,0
24259,0.7545335904365971,0
24260,0.6502441502876111,0
24261,0.919057291054559,0
24262,0.9999841508312162,1
24263,0.578686790044942,1
24264,0.9883708401983256,0
24265,0.5878482842172492,1
24266,0.8981875584680421,0
24267,0.984950863505752,0
24268,0.7763979868443622,1
24269,0.9993578753499155,1
24270,0.9783803287759909,1
24271,0.7976725378080628,1
24272,0.9750026775580726,1
24273,0.9535986978586937,0
24274,0.971274674084956,0
24275,0.9790518381763114,1
24276,0.9847622612830066,0
24277,0.8715947605144431,0
24278,0.8988012107933646,0
24279,0.9999999240558679,1
24280,0.990562344505512,0
24281,0.6460014616483453,1
24282,0.9830358552495179,0
24283,0.9536645486227802,0
24284,0.8441252990664665,0
24285,0.8139490314088736,0
24286,0.996223958523738,1
24287,0.9615673181131976,0
24288,0.9422169969721744,0
24289,0.9742026453735145,0
24290,0.9906200598091494,0
24291,0.9999994603806551,1
24292,0.9999900692938256,1
24293,0.9918641847263322,0
24294,0.8614617794246381,1
24295,0.7559691929152873,0
24296,0.6225199829494136,1
24297,0.8769739930638111,0
24298,0.9542603564757445,0
24299,0.9833993833176673,0
24300,0.9828328731564636,0
24301,0.9863843523324877,0
24302,0.9937818059036889,1
24303,0.987701733799542,0
24304,0.9999999999999925,1
24305,0.9427454697246992,0
24306,0.9870884555601872,0
24307,0.9439492876499979,0
24308,0.6651306443333627,0
24309,0.9756327672805765,0
24310,0.6690908827835023,0
24311,0.5234155680882959,1
24312,0.9999926129110203,1
24313,1.0,1
24314,0.9479626638960142,1
24315,0.9146589445511177,0
24316,0.9606829125476398,1
24317,0.989177113629745,0
24318,0.996438185490815,1
24319,0.9499148719837043,0
24320,0.9624655599104992,1
24321,0.9803440342518381,0
24322,0.9498421525054137,0
24323,0.9457756602756523,0
24324,0.9909033389578583,1
24325,0.6601984716675524,0
24326,0.750486669852929,0
24327,0.9081059721130234,1
24328,0.9629073419943068,0
24329,0.9852185171657132,0
24330,0.9908782898683403,0
24331,0.9840453220898188,1
24332,0.9613202731227786,0
24333,0.9756010960017661,0
24334,0.9764690617196256,0
24335,0.9958436552604369,1
24336,0.9493616378542054,0
24337,0.8921445619388452,0
24338,0.5856572025736067,1
24339,0.6651306443333627,0
24340,0.9877420677512724,0
24341,0.5446195114322615,0
24342,0.991804686637774,0
24343,0.9870607960933261,0
24344,0.9472046827389492,0
24345,0.9304941387652615,0
24346,0.9743762376050481,0
24347,0.7717243104118521,0
24348,0.7763800214335388,0
24349,0.9955232293115291,0
24350,0.9900230126630356,0
24351,0.8815410610723211,0
24352,0.9928421698624895,0
24353,0.6567629242417109,1
24354,0.9747428330234179,0
24355,0.9795054679389387,0
24356,0.992536348432379,0
24357,0.9005193987777211,0
24358,0.9831787713784371,0
24359,0.9851993719244773,0
24360,0.9792187690768693,0
24361,0.9865342470163101,0
24362,0.9786606293708687,0
24363,0.6587290060583813,0
24364,0.9753544519150169,0
24365,0.972071594847662,0
24366,0.9830454842007301,0
24367,0.9999826506070889,1
24368,0.6116869089135649,1
24369,0.5490638832256126,0
24370,0.9690724885183012,0
24371,0.6201172837439466,0
24372,0.9520897536018228,0
24373,0.6944867975863316,0
24374,0.9716299559781568,1
24375,0.9681939779665079,1
24376,0.7663734922257048,0
24377,0.9849357657470239,0
24378,0.9484331101821136,0
24379,0.9763679217967258,0
24380,0.7446615012270361,1
24381,0.9947841565920928,1
24382,0.6704738993246049,0
24383,0.5179763993970266,1
24384,0.5507207168735567,0
24385,0.9918181639247265,1
24386,0.9376072685268838,0
24387,0.9999989702970934,1
24388,0.999999992237657,1
24389,0.934393879543377,0
24390,0.9955232293115291,0
24391,0.9015429058800846,1
24392,0.918084077960226,1
24393,0.9924818175081401,0
24394,0.7805314366213028,0
24395,0.7883190810544862,0
24396,0.9609996049776457,0
24397,0.9594083639656878,0
24398,0.9914376211544107,0
24399,0.9735558598952799,0
24400,0.9548301637038226,0
24401,0.9823732788033017,0
24402,0.9999999999997504,1
24403,0.9999994556915326,1
24404,0.9565920853178077,0
24405,0.8413145345429875,0
24406,0.8163067175910966,0
24407,0.9538124151663196,1
24408,0.9969351874797823,1
24409,0.7492569251461881,0
24410,0.5417689570924495,0
24411,0.9868215125175612,0
24412,0.9996498989486016,1
24413,0.9793320439878572,0
24414,0.9342564528139289,0
24415,0.9999997366814326,1
24416,0.9994700434370989,1
24417,0.991804686637774,0
24418,0.9903231458394661,1
24419,0.872819167918183,0
24420,0.9999898082459482,1
24421,0.9906653376996256,0
24422,0.8494083725155911,0
24423,0.977130077736644,1
24424,0.5510410616467526,1
24425,0.9974649787618055,1
24426,0.9970864925080775,1
24427,0.5532268495595942,1
24428,0.8791232588811909,0
24429,0.5927728382341453,1
24430,0.5478471880137373,1
24431,0.9908185142726816,0
24432,0.9999999999325015,1
24433,0.9999975820714779,1
24434,0.9191467497139154,0
24435,0.9868282845658479,1
24436,0.9999628979108762,1
24437,0.992086776054443,0
24438,0.7727594020827936,0
24439,0.7946831664870853,1
24440,0.9902377856507584,0
24441,0.9724438345848214,0
24442,0.9813682407731122,0
24443,0.9799078529330509,0
24444,0.9908769376693721,0
24445,0.6184181417489314,0
24446,0.9733652424159298,0
24447,0.9873639493555458,0
24448,0.5853391949037479,0
24449,0.9538484975996937,0
24450,0.5115774628721961,1
24451,0.7170055488077045,0
24452,0.999590322494507,1
24453,0.9676721719397703,0
24454,0.9502462397229575,0
24455,0.6827629153859159,0
24456,0.8295750939323252,0
24457,0.991601359722566,0
24458,1.0,1
24459,0.8344113842022531,0
24460,0.7681585696216081,0
24461,0.9846164588889893,0
24462,0.6030563942079556,1
24463,0.752503364269168,1
24464,0.8328207199848617,1
24465,0.9950608202963402,1
24466,0.9908281611966413,0
24467,0.972622701208964,0
24468,0.9924377452225518,0
24469,0.962511705676731,0
24470,1.0,1
24471,0.9786388170413356,1
24472,0.9176116445396214,0
24473,0.6879549875761662,1
24474,0.9886946967251896,0
24475,0.9980271451241645,1
24476,0.9906497892376269,1
24477,0.9800262155380658,0
24478,0.9919432126078637,0
24479,0.9482132953131465,0
24480,0.9814216158237796,0
24481,0.9879043955339613,1
24482,0.8037936207755108,1
24483,0.9921898146241815,0
24484,0.5270046525795072,1
24485,0.9917481160020128,0
24486,0.9999999999997671,1
24487,0.9705268362126349,0
24488,0.8897773932684392,0
24489,0.8072884900428317,1
24490,0.9483809695109361,0
24491,0.8650587144153767,0
24492,0.707395224638186,0
24493,0.9987602047269393,1
24494,0.9858963095393734,1
24495,0.9712265905066214,0
24496,0.7210346124277198,0
24497,0.9030569633684261,0
24498,0.9973649080069084,1
24499,0.7704751673672203,0
24500,0.9998598488567395,1
24501,0.9908469019943708,0
24502,0.8855347533409046,0
24503,0.8410207193272893,0
24504,0.978810188028478,0
24505,0.9885533901111087,0
24506,0.9792582999331872,0
24507,0.905484312030709,0
24508,0.5384878806301412,1
24509,0.7823837758007666,0
24510,0.9063441168991588,0
24511,0.9828175608731567,0
24512,0.9998364984997592,1
24513,0.935115220544595,0
24514,0.9913211467456318,0
24515,0.975110462892135,1
24516,0.9856995835304765,1
24517,0.839957964882244,1
24518,1.0,1
24519,0.9204905139941143,0
24520,0.7316948366408836,1
24521,0.9488483076482996,0
24522,0.997488607613534,1
24523,0.9825659871780644,0
24524,0.9632145011833517,0
24525,1.0,1
24526,0.9860819328109007,0
24527,0.9872848736492833,0
24528,0.9855729971164299,0
24529,0.7328703696798976,0
24530,0.9929596579204245,0
24531,0.988254995025913,1
24532,0.9874932352542742,0
24533,0.8631010244444514,1
24534,0.9916192605232782,0
24535,0.961970816667837,1
24536,0.984926836462993,0
24537,0.9999999998063982,1
24538,0.918504212230361,0
24539,0.7043319042858147,1
24540,0.9999999438854985,1
24541,0.8965886107237147,1
24542,0.9821880813426471,0
24543,0.9898862818245138,0
24544,0.9339837408995585,0
24545,0.9999999992419621,1
24546,0.9999999755781962,1
24547,0.9876339369160101,0
24548,0.8642299800693811,0
24549,0.5481108449697464,1
24550,0.9888810243107691,0
24551,0.9505799241079322,0
24552,0.896748805675614,0
24553,0.9813528728273587,0
24554,0.9990804522847738,1
24555,0.875859322426787,0
24556,0.969920433872602,0
24557,0.8741909796792738,0
24558,0.8074128693008158,0
24559,0.8812975162995784,0
24560,0.9654169124118819,0
24561,0.9879844613973243,0
24562,0.6212575905021047,0
24563,0.9750154658360729,0
24564,0.9772422540322787,1
24565,0.9922042415339697,0
24566,0.9076171300864557,0
24567,0.668374641020402,0
24568,0.8415725612284455,0
24569,0.9288010996902811,0
24570,0.9958743902357253,1
24571,0.5848277826018246,0
24572,0.9638334475227969,0
24573,0.9940510104766361,0
24574,0.9884904473187922,0
24575,0.7600318738973627,0
24576,0.9434729312690993,0
24577,0.8799546143481787,0
24578,0.9116321554338875,0
24579,0.9361998153958889,0
24580,1.0,1
24581,0.9999440202765287,1
24582,0.9895772834156923,0
24583,0.9914258613133188,1
24584,0.8217158092294083,0
24585,0.9934415012645459,0
24586,0.7177837422381099,1
24587,0.7814615643213482,0
24588,0.879575010926089,0
24589,0.9814198408820555,0
24590,0.7978385765093314,1
24591,0.839881547170016,0
24592,0.9832382156489022,0
24593,0.8684389449302355,0
24594,0.6177205508671323,0
24595,0.9999889713501855,1
24596,0.9855110347201149,0
24597,0.988284760739374,1
24598,0.8540731679997904,0
24599,0.9835933370721456,1
24600,0.7789105253420817,1
24601,0.9999999530178831,1
24602,0.7680080492568437,0
24603,0.9987432828067014,1
24604,0.6402124983726815,1
24605,0.6104199853737555,0
24606,1.0,1
24607,0.8358660894603902,1
24608,0.9664073704355354,0
24609,0.9602325302649104,1
24610,0.8716313953282613,1
24611,1.0,1
24612,0.5460887580949891,1
24613,0.8440491467019611,0
24614,0.9540741819403273,1
24615,0.9916733564009776,0
24616,0.9282072151251936,1
24617,0.9856471437141633,0
24618,0.6198690895811589,0
24619,0.5151813474156797,0
24620,0.9966614568531217,1
24621,0.9888986307184852,0
24622,0.9544887318836429,0
24623,0.9831852925470322,0
24624,0.9821030263758685,0
24625,0.9008443510127009,0
24626,0.9291456085895478,0
24627,0.9900373397523277,0
24628,0.9704113892456561,0
24629,0.9413415120016726,1
24630,0.8588554800631524,0
24631,0.9999998765681571,1
24632,0.9850680561298489,1
24633,0.9805027244014508,0
24634,0.593102144406692,1
24635,0.9628020768840818,0
24636,0.9881252911573629,0
24637,0.999693356511814,1
24638,0.9119636636366492,0
24639,0.9918025281837377,0
24640,0.932983816748843,0
24641,0.9999132993911625,1
24642,0.8255464958150295,0
24643,0.9882319849641411,0
24644,0.9817737554474892,0
24645,0.5138109956181797,1
24646,0.8848225216305505,0
24647,0.9815404056509304,0
24648,0.9731107810141002,0
24649,0.9858392321531811,0
24650,0.9999511882798957,1
24651,0.9999931925890293,1
24652,0.995373264641417,0
24653,0.8272486796927042,0
24654,0.7952804835491546,0
24655,0.8054039859076177,0
24656,0.5211310227954633,0
24657,0.9999586084721332,1
24658,0.8799632708034354,0
24659,0.7239422512670148,1
24660,0.812378035913204,0
24661,0.8973796448611965,0
24662,0.8039149673656332,0
24663,0.9999289683554081,1
24664,0.9330736967804839,0
24665,0.8916750915493052,1
24666,0.8626810886653878,0
24667,0.979001868716667,0
24668,0.8901629130291601,0
24669,0.9875538233905755,0
24670,0.7926815360740278,1
24671,0.9667309141671565,0
24672,0.9230282002169586,0
24673,0.8869980727825543,0
24674,0.9904374478256281,0
24675,0.991868595894987,0
24676,0.9922562838454287,0
24677,0.695107063725406,0
24678,0.9959767415410195,1
24679,0.9975746825315829,1
24680,0.9827306470483166,0
24681,0.9780698538480919,0
24682,0.9949730244681813,0
24683,0.9824670812389573,0
24684,0.9910677507070729,0
24685,0.9744211198547703,0
24686,0.7097203867774565,0
24687,0.9401737860399882,0
24688,0.9606235069879641,0
24689,0.9358772299211601,0
24690,0.9816844307217064,1
24691,0.9706933127907428,0
24692,0.8389130340595948,0
24693,0.9999999970016598,1
24694,0.9416725563019843,0
24695,0.9899864822299067,0
24696,0.9775818543990135,0
24697,0.9923483722566493,0
24698,0.9896936945537684,0
24699,0.9763422493501228,0
24700,0.8622925881080479,1
24701,0.5488195420732669,0
24702,0.9427529676671356,0
24703,0.9861232218974034,0
24704,0.894281798902663,0
24705,0.9836751146106749,0
24706,0.7151636114819898,1
24707,0.9984509783069818,1
24708,0.9367396777821,1
24709,0.9835190518133831,0
24710,0.9943057442425726,1
24711,0.9926367237539077,0
24712,0.9999999960616064,1
24713,0.9565842136518972,1
24714,0.7459343196828637,0
24715,0.9762162489384996,0
24716,0.9888395671577157,0
24717,0.687080237720182,1
24718,0.9421627585759286,0
24719,0.9716948580077356,0
24720,0.5490037736243505,0
24721,0.9376112053153322,0
24722,0.9453497534043127,1
24723,0.9998912079702456,1
24724,0.9908108782972438,0
24725,0.9396849729901275,0
24726,0.9982385502559272,1
24727,0.7184398742228412,0
24728,0.9865344499033101,0
24729,0.9999999125035127,1
24730,0.9828901981032597,0
24731,0.992108378176041,0
24732,0.9999999999951374,1
24733,0.9998223068828738,1
24734,0.9243313151362341,0
24735,0.9616974617231071,0
24736,0.9655447308231165,0
24737,0.85094847468206,0
24738,0.985622902266513,0
24739,0.699557943936741,0
24740,0.9519980000981167,1
24741,0.9893008515904097,0
24742,0.9566060034925845,0
24743,0.9764797370921637,0
24744,0.9893816408990069,0
24745,0.9922166376322996,1
24746,0.9373015345355998,0
24747,0.9996397631624894,1
24748,0.9913000003548862,0
24749,0.9999999999999059,1
24750,0.9297123701775655,1
24751,0.8410717862681683,0
24752,0.9860045993705882,0
24753,0.9270600694680359,0
24754,0.9747899299674762,0
24755,0.8645960947252989,0
24756,0.6376275295366166,0
24757,0.9333602159964206,0
24758,0.6554286442802655,1
24759,0.9924791943998599,0
24760,0.9384196848747883,0
24761,0.9963653896575636,1
24762,0.8514645979350938,0
24763,0.989935387283089,0
24764,0.982461117810447,0
24765,0.9996107262662884,1
24766,0.967022958288527,0
24767,0.932514675147349,0
24768,0.9999879307960856,1
24769,0.7970346129994953,1
24770,0.9276485424490305,0
24771,0.795291010986766,1
24772,0.9549888237899845,0
24773,0.9744718687556914,0
24774,0.9593014062332278,1
24775,0.8762015878231947,0
24776,0.9644680013300047,1
24777,0.9545055549964433,0
24778,0.9916373296137202,0
24779,0.9693391469580755,0
24780,0.8091100350221878,0
24781,0.9999733471120464,1
24782,0.6626582871705473,0
24783,0.9819883173984745,0
24784,0.9926693056175354,0
24785,0.5298254518456954,0
24786,0.8075923588009994,0
24787,0.9999998778369428,1
24788,0.9931541569644855,0
24789,0.616458271640918,0
24790,0.9999067521695859,1
24791,0.9737508623455022,0
24792,0.9840520292120797,0
24793,0.9881940672560557,0
24794,0.9406185795455084,0
24795,0.7031826432300786,1
24796,0.9680361244085627,0
24797,0.9342835679431551,0
24798,0.9873321447097164,0
24799,0.983516378417582,0
24800,0.8475594742862693,0
24801,0.9923738299222311,0
24802,0.9858124951610193,0
24803,0.609437545049547,1
24804,0.8719628262609026,0
24805,0.9745685655115292,0
24806,0.9994314691286129,1
24807,0.9807848908110599,0
24808,0.8076585195766481,0
24809,0.9999999999983002,1
24810,0.9618428617756173,0
24811,0.8943503738009048,0
24812,0.983905439107342,0
24813,0.9725189147323422,0
24814,0.9759257368483596,0
24815,0.5742349187282288,0
24816,0.9228720971133881,0
24817,0.9986554890977615,1
24818,0.5655290170563967,0
24819,0.9721897590787298,0
24820,0.9928421698624895,0
24821,0.9616456221916627,1
24822,0.9802535357480695,0
24823,0.9836219623130682,0
24824,0.9519298321162437,0
24825,0.6489842146741862,0
24826,0.9699428390347097,0
24827,0.841721567706505,0
24828,0.852293786125339,0
24829,0.8779580806527618,0
24830,0.9877258534277351,0
24831,0.999960114357059,1
24832,0.967187127876432,1
24833,0.5597219346646144,1
24834,0.9078585610015554,0
24835,0.9998919823284489,1
24836,0.9602759213996458,0
24837,0.9999999999994751,1
24838,0.9441120943922088,0
24839,0.9916487032527778,0
24840,0.9853352573313592,0
24841,0.9733945089917025,0
24842,0.9890057553327755,0
24843,0.7413416942552765,0
24844,0.9733704427545182,0
24845,0.9701294978142266,0
24846,0.7255361357124251,0
24847,0.6454613705135982,0
24848,0.9999999999931972,1
24849,0.877135376117086,1
24850,0.5827668347613083,1
24851,0.9692629153136436,0
24852,0.9892436328608373,0
24853,0.9899718908865746,0
24854,0.9999936911469033,1
24855,0.7753251191790772,0
24856,0.9894235875949293,1
24857,0.9773977880499279,0
24858,0.9981538926060911,1
24859,0.9829878041163397,0
24860,0.9479669019623351,0
24861,0.8547685734814219,0
24862,0.9775882264791947,0
24863,0.9702016854694122,0
24864,0.6385527313190589,1
24865,0.9801514156966623,0
24866,0.9900137500338353,0
24867,0.8501351899301385,0
24868,0.9823530568196118,0
24869,0.6384054646973686,0
24870,0.984693044969518,0
24871,0.9999996596815637,1
24872,0.9485257930902041,0
24873,0.828667120991872,1
24874,0.9912831039593648,0
24875,0.8498947598662879,0
24876,0.985281978065457,0
24877,0.9342011992800581,0
24878,0.67422963057997,0
24879,0.9999397381056317,1
24880,0.9839163078429405,1
24881,0.8417857715319592,0
24882,0.9999999993704707,1
24883,0.9904950649861772,0
24884,0.7327998983074948,1
24885,0.9683723052806138,0
24886,0.999998904701051,1
24887,0.6022298759455305,1
24888,0.9204402077794371,0
24889,0.9143255538580014,0
24890,0.985551280273785,1
24891,0.9891957442137503,0
24892,0.9557588281435837,0
24893,0.7321163347280932,0
24894,0.58041341764436,0
24895,0.7313170673584758,0
24896,0.6702291862199389,1
24897,0.994937038441259,1
24898,0.7162903350517232,1
24899,0.9997007677898755,1
24900,0.9140054661647043,1
24901,0.9892632449795898,0
24902,0.9720613459435563,0
24903,0.9814976371243521,0
24904,0.9852285769333454,0
24905,0.9937808918946696,0
24906,0.91227377854349,0
24907,0.9323925216046762,0
24908,0.8574879362083838,0
24909,0.7595203179477036,0
24910,0.9744005598612079,0
24911,0.9831347967017557,0
24912,0.8865967059445198,0
24913,0.8259700410137873,0
24914,0.980728791378651,0
24915,0.9820147058160622,0
24916,0.9914024863041866,0
24917,0.9847033912406413,0
24918,0.955781815032537,1
24919,0.731251561103874,0
24920,0.6919866169917741,1
24921,0.985367827393875,0
24922,0.7278792245252622,0
24923,0.9879490292198286,0
24924,0.964697875066232,0
24925,0.9669073283592443,0
24926,0.9854280825542678,0
24927,0.9788723257575856,0
24928,0.9926346706075458,0
24929,0.9996317439284528,1
24930,0.5618990359515631,0
24931,0.9659901944540968,0
24932,0.6325900304414241,0
24933,0.9943020324418498,0
24934,0.9404172819325446,0
24935,0.9897065565532356,0
24936,0.9895547376590946,0
24937,0.9999999985578032,1
24938,1.0,1
24939,0.9477678092847472,0
24940,0.5172004120493443,0
24941,0.9458015949637696,0
24942,0.8607236520015114,0
24943,0.90775113815968,0
24944,0.9801765178074197,0
24945,0.7276753528856591,0
24946,0.9745926821912978,0
24947,0.9999986616418123,1
24948,0.9874421691616648,0
24949,0.6537334020095227,1
24950,0.9893214895173573,0
24951,0.8951956605987079,0
24952,0.9317685255689172,0
24953,1.0,1
24954,0.9712395867673941,1
24955,0.5785903285179731,0
24956,0.988463921385235,0
24957,0.9443644308448248,0
24958,0.9392641347211647,0
24959,0.9974770866986141,1
24960,0.9611951236685309,0
24961,0.6640252635676995,0
24962,0.9855001910548352,0
24963,0.598948677876518,1
24964,0.9537698971625281,0
24965,0.9749015785246654,0
24966,0.5644855776050496,0
24967,0.9894423694287494,0
24968,0.9677925594794374,0
24969,0.9415719577072832,0
24970,0.9385209904134234,0
24971,0.7821337400495874,1
24972,0.9890209745890839,0
24973,0.9591666819936097,0
24974,0.989992012565487,0
24975,0.8673147939481131,1
24976,0.9335378962286819,0
24977,0.9997337197904773,1
24978,0.9500864096215501,0
24979,0.9999999991176765,1
24980,0.704729998591425,0
24981,0.9709257061937118,0
24982,0.999999106524909,1
24983,0.9999999999999998,1
24984,0.9384825672678573,0
24985,0.9699048775449527,1
24986,0.8876475592439341,0
24987,0.9833015859831562,0
24988,0.8090668314420064,1
24989,0.9999942989870392,1
24990,0.9580407894687,0
24991,0.6565805444010298,0
24992,0.9864628064639395,0
24993,0.8460734739664295,0
24994,0.983859993632207,0
24995,0.5890434317605324,1
24996,0.9837488107412918,0
24997,0.9571456615184357,1
24998,0.5574157204414404,1
24999,0.8917809241042516,0
25000,0.9587497804682726,1
25001,0.8536421210402766,1
25002,0.991792131662904,0
25003,0.977037201297342,0
25004,0.9165801620461438,0
25005,0.9799652804159031,0
25006,0.6267609934348812,1
25007,0.7042246563188272,1
25008,0.9913817066972299,0
25009,0.999904843834143,1
25010,0.9329689716309795,1
25011,0.9914371960870786,0
25012,0.507643282586413,1
25013,0.9735181104702542,1
25014,0.7092054071369936,1
25015,0.8797685562161974,0
25016,0.9448831152868069,0
25017,0.8145834569209366,0
25018,0.9935283946222389,0
25019,0.9791062008521098,0
25020,1.0,1
25021,0.9914751420541266,0
25022,0.9629645880043752,0
25023,0.7581172037773717,0
25024,0.9646825713565468,0
25025,0.8345915578201216,1
25026,0.9579542973903813,1
25027,0.9814263294489256,0
25028,0.9285345588808935,0
25029,0.847632263258951,1
25030,0.9509390807021671,1
25031,0.6142595154102246,1
25032,0.9188849278725131,0
25033,0.9999893952392459,1
25034,0.9063486018186051,0
25035,0.9799423602253378,0
25036,0.6464272869563554,0
25037,0.9999998571821269,1
25038,0.8440381436236517,0
25039,0.7032812147096943,1
25040,0.5349988518610628,0
25041,0.9803418975457926,0
25042,0.999995947440059,1
25043,0.9999999999917946,1
25044,0.9441689004745075,0
25045,0.9052998762242911,0
25046,0.6093659104065624,0
25047,0.9630707672988964,0
25048,0.981874310765508,0
25049,0.6852063931772944,1
25050,0.9896638559938049,0
25051,0.9874925377495927,0
25052,0.5935352126286378,0
25053,0.6496164565715793,0
25054,0.9946180444183116,1
25055,0.725537580656671,0
25056,0.6519245969844005,0
25057,0.500898602055778,1
25058,0.54305074615347,1
25059,0.9999999865432461,1
25060,0.7759849723930803,0
25061,0.7025526628300899,1
25062,0.7574919057328355,0
25063,0.9912636429098901,0
25064,0.8089790766432641,0
25065,0.8894879652293507,0
25066,0.9722842303121297,0
25067,0.9573724999754282,0
25068,0.9825035034547497,0
25069,0.9649288120480344,1
25070,0.5361513622496829,1
25071,0.8781271032820654,0
25072,0.5289191832468225,0
25073,0.9927505076371537,1
25074,0.689130182468063,0
25075,0.7233793458028493,0
25076,0.996683704361383,1
25077,0.7590314684345795,0
25078,0.7927607820522461,1
25079,0.5677439073652838,1
25080,0.9942950579113919,0
25081,0.9999993734390626,1
25082,0.8031383795915278,1
25083,0.9643386986120609,0
25084,0.7890518709956313,0
25085,0.7892195614924272,1
25086,0.961962707892976,0
25087,0.9692235113977032,1
25088,0.9596935389178947,0
25089,0.991758128371643,0
25090,0.9653928758527202,0
25091,0.7875175784058391,0
25092,0.8627271952857747,0
25093,0.5008866913221859,1
25094,0.999999939549749,1
25095,0.965450167053781,0
25096,0.9205946940353298,0
25097,0.9793981691664836,0
25098,0.9807993111070628,0
25099,0.9049695138711049,0
25100,0.9650854238134443,0
25101,0.8270413712674628,0
25102,0.8570159001818406,1
25103,0.9186458359872923,0
25104,0.5694322975710719,0
25105,0.9487921743644472,0
25106,0.972787913702934,0
25107,0.9536325133845162,1
25108,0.5613461848143948,1
25109,0.9306616690273158,1
25110,0.7449003966864516,1
25111,0.8823568628530458,0
25112,0.9343084177651129,0
25113,0.9314054110307673,0
25114,0.9138222588694779,0
25115,0.9464142728037049,0
25116,0.999926072147788,1
25117,0.9410422600698456,0
25118,0.9999999103573107,1
25119,0.9865967272680232,1
25120,0.7957274890703843,1
25121,0.9812851211704053,0
25122,0.9875974120589027,0
25123,0.9892506008111737,0
25124,0.7793743365311842,0
25125,0.8862569002984653,1
25126,0.8289854681318374,1
25127,0.9853742447023408,0
25128,0.9917063388105516,0
25129,0.9703896794052711,0
25130,0.9845370439222008,0
25131,0.8440717018892179,1
25132,0.9242191824743852,1
25133,0.9837021847657627,0
25134,0.9764505179433032,0
25135,0.5879630659830092,0
25136,0.9989722733926876,1
25137,0.9532022677834646,1
25138,0.5953690888481851,0
25139,0.9237140259929831,0
25140,0.9691214709457893,0
25141,0.6389746537089327,1
25142,0.9570481026610284,0
25143,0.9648586787638325,0
25144,0.8267240116487309,0
25145,0.9969492761368614,1
25146,0.9316094314451852,0
25147,0.9996704811515656,1
25148,0.9307522603064659,0
25149,0.8333324094973253,0
25150,0.8012046353789615,1
25151,0.9999999969063458,1
25152,0.958357124215103,0
25153,0.9874118017310021,1
25154,0.9563745816884885,1
25155,0.9901224232093834,0
25156,0.8950958655620485,1
25157,0.9756991377009715,1
25158,0.8279814393460999,0
25159,0.8844742385182829,0
25160,0.9101139156491259,0
25161,0.8716971728176468,0
25162,0.9999490211926904,1
25163,0.9726058732274938,0
25164,0.9831467047714858,0
25165,0.9933538190720489,1
25166,0.9898080394380462,1
25167,0.8116422012848773,0
25168,0.752389024985572,0
25169,0.872578474800407,0
25170,0.8665410615602422,0
25171,0.9294849398049475,0
25172,0.5670965088369074,0
25173,0.961403526556873,0
25174,0.541617759668798,0
25175,0.9995541055626204,1
25176,0.9998382102812245,1
25177,0.9908693257671194,0
25178,0.7574894696183427,0
25179,0.719975459572627,0
25180,0.8961064683077802,0
25181,0.7467219860256508,1
25182,0.9798662592019114,0
25183,0.6732224786695163,0
25184,0.9881118385112464,0
25185,0.9999999999997604,1
25186,0.942159532550384,0
25187,0.6659811659837968,0
25188,0.9910752512187674,0
25189,0.9999999999991256,1
25190,0.9497650961186803,0
25191,0.9797047641849175,0
25192,0.9672918600596722,0
25193,0.9928491736243024,1
25194,0.9273088277136344,0
25195,0.9869483120030473,0
25196,0.9834986668529752,0
25197,0.7327131560321488,1
25198,0.5281529667168946,0
25199,0.5187954318305942,0
25200,0.9271856760769553,0
25201,0.9802543382102177,0
25202,0.9980382208245349,1
25203,0.8456166605104106,0
25204,0.9227095081672616,0
25205,0.7876209710988364,0
25206,0.9840334764958074,0
25207,0.9887371911440574,0
25208,0.9923657301009741,0
25209,0.8678695589166687,0
25210,0.8908879780102043,0
25211,0.9515802129065739,0
25212,0.5803521852949692,1
25213,0.8458164379115677,0
25214,0.9491802133906251,1
25215,0.906637259960971,0
25216,0.5806190803072069,1
25217,0.8938360744436993,0
25218,0.9763071200241735,0
25219,0.9540868678636052,0
25220,0.9865188574122149,1
25221,0.9711585594200982,1
25222,0.932281427905424,0
25223,0.9840755137744182,0
25224,0.9181640556045199,0
25225,0.9664052230513059,0
25226,0.8030719450653114,0
25227,0.9703389767437305,1
25228,0.9677257197640213,0
25229,0.9716737017381571,0
25230,0.9974276650748551,1
25231,0.5003596256181538,1
25232,0.9629995842182383,0
25233,0.6402843917965793,1
25234,0.9908080380351094,0
25235,0.9730574583516498,0
25236,0.9899578412562788,1
25237,0.7836903617993808,1
25238,0.9307105621109307,0
25239,0.9999999999998472,1
25240,0.9859258891523182,0
25241,0.7158764265649966,0
25242,0.991074939832125,0
25243,0.8618105911954189,0
25244,0.9376385674637476,0
25245,0.982670914707618,0
25246,0.8594946678680736,0
25247,0.7686563876324469,0
25248,0.9450046532333589,0
25249,0.9757908617873599,0
25250,0.985474336064329,0
25251,0.502208330820153,0
25252,0.9367131337928395,0
25253,0.7955190623823742,0
25254,0.9132325996826972,0
25255,0.571202119643489,1
25256,0.6831234068326608,0
25257,0.9417173634517336,0
25258,0.9252591822512896,0
25259,0.6671109580402333,0
25260,0.6998252001512622,0
25261,0.962672668830025,0
25262,0.9717078147710663,0
25263,0.8773714465436088,0
25264,0.9920130101070159,0
25265,0.8616167531176083,1
25266,0.7794193790559965,0
25267,0.5769156680046362,0
25268,0.9918448468470062,0
25269,0.9681057965060297,0
25270,0.9711360517199813,0
25271,0.9514906662691974,0
25272,0.8583392489933672,0
25273,0.8114284830496631,0
25274,0.9497998578502261,1
25275,0.9896340450228357,0
25276,0.631211581906794,1
25277,0.7685299240364745,0
25278,0.726163856015541,0
25279,0.991818072284952,0
25280,0.5543612289661946,0
25281,0.981870233840992,0
25282,0.9207956516504322,0
25283,0.9398544844905437,0
25284,0.9808386549516924,0
25285,0.9947013313332032,1
25286,0.9310959048512942,0
25287,0.9918149896133936,1
25288,0.7873103545137257,0
25289,0.9860960309418287,0
25290,0.9284738922566771,0
25291,0.955803926598045,0
25292,0.9721786025974037,0
25293,0.9428020998017149,0
25294,0.657479292298976,0
25295,0.9918962264881594,0
25296,0.8444333697695671,0
25297,0.764333463062041,0
25298,0.9758722219480723,1
25299,0.8940287312163743,1
25300,0.8232705701158263,0
25301,0.945517900659755,0
25302,0.9686457699157517,0
25303,0.98812696056246,0
25304,0.9823450296025305,0
25305,0.7314026826529171,1
25306,0.9857159872789364,1
25307,0.9720732869394967,1
25308,0.9784791631162089,0
25309,0.9958546347924018,1
25310,0.9915618651446528,0
25311,0.6756968142984004,0
25312,0.9800245686444926,0
25313,0.7781653286628327,1
25314,0.984594747612023,0
25315,0.9298114017739847,0
25316,0.9845429584074818,1
25317,0.9883437764938064,0
25318,0.9999737520665254,1
25319,0.8831960654776062,0
25320,0.9983083890583075,1
25321,0.7352800648016411,1
25322,0.9827964895161083,1
25323,0.8686963295280645,0
25324,0.9743965167446483,0
25325,0.9991689692279057,1
25326,0.8605944169220079,0
25327,0.6320010485896456,0
25328,0.9440109119816643,0
25329,0.8412033099727109,0
25330,0.8109151858740509,0
25331,0.6905375481791228,0
25332,0.8831343026842667,0
25333,0.7657430832423026,0
25334,0.9878745389009522,0
25335,0.9695163131778163,0
25336,0.5991311784716185,0
25337,0.9999889092984674,1
25338,0.9798618727714866,0
25339,0.5604818456165134,0
25340,0.7950943506219703,0
25341,0.9205741157783582,1
25342,0.9997895408652216,1
25343,0.9901174146637237,0
25344,0.998493349831998,1
25345,0.8665880686517867,0
25346,0.999999999999277,1
25347,0.9938865791946511,1
25348,0.9544100256480766,0
25349,0.9298764535014505,0
25350,0.9796698109452412,0
25351,0.9849431699138111,0
25352,0.9986441591983977,1
25353,0.8984300505230111,0
25354,0.9873659686525592,0
25355,1.0,1
25356,0.9733472122779437,0
25357,0.9879936922863342,0
25358,0.9999993348749464,1
25359,0.9817064030145909,0
25360,0.979643744305224,0
25361,0.821657928811197,1
25362,0.8624008500538247,1
25363,0.900199915717214,0
25364,0.9372562152437511,0
25365,0.9967553849850884,1
25366,0.9791197118256865,0
25367,0.985972881176374,0
25368,0.8079483369587221,1
25369,0.9469887632554328,1
25370,0.7459116377323678,1
25371,0.9379690948668808,0
25372,0.9999999992966413,1
25373,0.9623238956639262,0
25374,0.6726862734073351,1
25375,0.7656052737645657,0
25376,0.990211411747527,0
25377,0.9715001277172344,0
25378,0.724599442870666,0
25379,0.9992466991317325,1
25380,0.9785225602770081,0
25381,0.9607966754048844,0
25382,0.9991209820332272,1
25383,0.9999377339298462,1
25384,0.9998497533897759,1
25385,0.8279753450879569,0
25386,0.6984098396786803,1
25387,0.9674762361082386,0
25388,0.6805352249469779,0
25389,1.0,1
25390,0.9743392630509372,0
25391,0.9843494270706569,0
25392,0.9787175458292362,0
25393,0.9889185633397505,0
25394,0.9991561482160202,1
25395,0.756817462545566,1
25396,0.9627620162845854,0
25397,0.9914973332231208,0
25398,0.9791601998693392,0
25399,0.9599674584723127,1
25400,0.8419500135207761,1
25401,0.9360224037430005,0
25402,0.9816557632714706,0
25403,0.8277361855692685,0
25404,0.7660506442911869,0
25405,0.8787333024542303,0
25406,0.9134660524963673,1
25407,0.996357098879571,1
25408,0.9803232409224445,0
25409,0.908274601317251,1
25410,0.8612156872530622,1
25411,0.9832695203560946,0
25412,0.8522288333275566,0
25413,0.970944081308084,0
25414,0.9776051072730839,0
25415,0.7288465144675403,0
25416,0.7100170328936747,0
25417,0.9847502804154415,0
25418,0.9541525639481679,0
25419,0.9029617738635091,0
25420,0.7513978463239959,0
25421,0.9910033764950524,0
25422,0.9480467038654313,0
25423,1.0,1
25424,0.7512081273845386,1
25425,0.7813528999838794,0
25426,0.8803494599505582,0
25427,0.9864083401733678,0
25428,0.9837843786153331,0
25429,0.9751256379802519,0
25430,0.6940284900070915,1
25431,0.664105159658692,1
25432,0.977227631925321,0
25433,0.9999999999999973,1
25434,0.9093427094618727,1
25435,0.9859642323749821,0
25436,0.9999997906286862,1
25437,0.75446650138113,0
25438,0.9392049799737967,0
25439,0.9098235279593723,0
25440,0.9999671775852956,1
25441,0.9997324694720806,1
25442,0.676990697789157,1
25443,0.9631415619493452,0
25444,0.9682966559107137,0
25445,0.8626731614435188,0
25446,0.9901088628229352,0
25447,0.6715863613957077,1
25448,0.9488701830157669,0
25449,0.9803688479674482,0
25450,0.9929033778741632,0
25451,0.7917823372226479,0
25452,0.9814786583643884,0
25453,0.9875988454737112,0
25454,0.9480496617616192,0
25455,0.6694898878305382,1
25456,0.9620661559299051,0
25457,0.9116037737531095,0
25458,0.9232628934685713,0
25459,0.9709515710083289,0
25460,0.8636877332779606,0
25461,0.9676187751952,0
25462,0.9867699991900098,0
25463,0.9999737685302659,1
25464,0.9882773847989529,0
25465,0.930227783258425,0
25466,0.5896059839054466,0
25467,0.9781554960641661,0
25468,0.9817446491134881,0
25469,0.9999999948645217,1
25470,0.9877438638513482,1
25471,0.8737178871846288,0
25472,0.9378859626526059,0
25473,0.9909130387859305,0
25474,0.8885573304427522,0
25475,0.6828146691207544,1
25476,0.9819464688570457,0
25477,0.9999996017097392,1
25478,0.9852930357264785,0
25479,0.9923270495119064,0
25480,0.9595664129184277,0
25481,0.9334371157152975,0
25482,0.954093552619391,0
25483,0.9923475943134569,0
25484,0.5979245137854522,1
25485,0.9999228446872472,1
25486,0.9873787081735717,0
25487,0.9725357994721047,0
25488,0.9718459197666236,0
25489,0.9506117850611907,0
25490,0.9919764466152432,0
25491,0.992138433731986,0
25492,0.9883038378932932,0
25493,0.9909470050247803,0
25494,0.7464397521697047,0
25495,0.8168674656952613,0
25496,0.9090142485300461,1
25497,1.0,1
25498,1.0,1
25499,0.999999999999998,1
25500,0.9091630515012519,0
25501,0.9321932223509265,0
25502,0.7728354305910435,0
25503,0.9918021390567711,0
25504,0.899002856026596,0
25505,0.9348889616027296,0
25506,0.643071142676041,0
25507,0.9191353671654285,0
25508,0.8772625140248024,1
25509,0.9751150386124486,0
25510,0.9352212402968991,0
25511,0.7581921299931373,0
25512,0.7499061054263407,0
25513,0.5768074343541316,0
25514,0.9981805810852686,1
25515,0.865308768065183,0
25516,0.9999996764543065,1
25517,0.9946822989269544,0
25518,0.5780233312407153,0
25519,0.9278634379805307,0
25520,0.9519023937293922,1
25521,0.9999371590594818,1
25522,0.7283711205971041,1
25523,0.9083890601478426,0
25524,0.809423980010961,0
25525,0.9692390431330535,0
25526,0.987267110612702,0
25527,0.9250940008407715,0
25528,0.9601277304521505,0
25529,0.999955665556298,1
25530,0.9634238548838873,0
25531,0.8135042397219481,0
25532,0.9903430564990927,0
25533,0.7701854388582864,0
25534,0.9943020324418498,0
25535,0.9893456704032075,0
25536,0.9633059456732598,0
25537,0.9538631229336884,0
25538,0.8229756376160455,0
25539,0.9999999999999813,1
25540,0.6100779964604855,1
25541,0.7760144885373305,0
25542,0.9909062628227961,0
25543,0.6557819039875705,0
25544,0.9999999999976983,1
25545,0.9927694370371174,0
25546,0.990731919283612,0
25547,0.9647140114404505,0
25548,0.8709055023287456,0
25549,0.8955608947466093,0
25550,0.8427915732463195,1
25551,0.9868416988848586,0
25552,0.9848017678188029,0
25553,0.9919594932674283,0
25554,0.9866120475097008,0
25555,0.5917524785760543,1
25556,0.6211691032460955,0
25557,0.9758180097673103,0
25558,0.8362188875758975,1
25559,0.999870313338915,1
25560,0.9606611576459798,1
25561,0.7701471764310738,0
25562,0.9999999999720437,1
25563,0.6018390875423344,1
25564,0.988390406379226,0
25565,0.979001868716667,0
25566,0.9789531045985563,0
25567,0.9985945262424973,1
25568,0.9871137517603548,1
25569,0.9898650969806746,0
25570,0.9720851604040213,0
25571,0.9995281892385736,1
25572,0.809304303695538,0
25573,0.9813486501416401,0
25574,0.8844997061898604,0
25575,0.8674200038311325,0
25576,0.9597653977565489,0
25577,0.9126342922497193,0
25578,0.9942229281764176,0
25579,0.662971259542641,1
25580,0.6831155217606762,0
25581,0.9999999996763058,1
25582,0.7374553862420193,1
25583,0.9648021366370515,0
25584,0.9218839717891357,1
25585,0.9999996856617905,1
25586,0.9901185987957746,0
25587,0.5127594125817866,1
25588,0.982159126074796,0
25589,0.8741909796792738,0
25590,0.5721209069697429,1
25591,0.9899297818804509,0
25592,0.9916766857814829,0
25593,0.8662671087557029,0
25594,0.7096637398152732,0
25595,0.9667946117430692,0
25596,0.5605253626696317,0
25597,0.8295470802636664,0
25598,0.6155648960199147,1
25599,0.6327846408804201,0
25600,0.9806891201529897,0
25601,0.9607469735634847,0
25602,0.8954654205315995,0
25603,0.9628491264960268,0
25604,0.8265238606505115,1
25605,0.991069011054042,0
25606,0.8821261248513602,0
25607,0.9928518975370072,0
25608,0.9857097953871476,0
25609,0.9907093083956701,0
25610,0.977074141551377,0
25611,0.875591311599174,0
25612,0.9882275786318518,0
25613,0.5898976169672212,0
25614,1.0,1
25615,0.9218614484615754,1
25616,0.9999999999752642,1
25617,0.9999999999987841,1
25618,0.992536348432379,0
25619,0.5851675206492088,1
25620,0.9861087212855043,0
25621,0.6942849023936359,0
25622,0.9893035662038172,0
25623,0.99999045825721,1
25624,0.9798869974541528,0
25625,0.9895434616177113,0
25626,0.9999978823544273,1
25627,0.9826692865015676,0
25628,0.9997434171710883,1
25629,0.9894649547915566,0
25630,0.627891347523756,0
25631,0.7221818541087148,1
25632,0.9130645054667861,0
25633,0.993319779516952,0
25634,0.6429016227417034,1
25635,0.9878036718697585,0
25636,0.9462301642002926,0
25637,0.7178619347142541,0
25638,0.8741145051703599,1
25639,0.9799933260429583,1
25640,0.9449573302160034,0
25641,0.9867130440377387,0
25642,0.6096335168718797,0
25643,0.9999995500507142,1
25644,0.9999936388895584,1
25645,0.9621268389690435,1
25646,0.9872383017838288,0
25647,0.9999999839187345,1
25648,0.9993926194420318,1
25649,0.5559137070249158,1
25650,0.9798779446108292,0
25651,0.960519061916948,0
25652,0.5309309036630521,0
25653,0.9777512257381973,0
25654,0.9838925893624331,0
25655,0.5079218516053317,1
25656,0.9455855857153932,0
25657,0.562664972670288,0
25658,0.8936935979590821,0
25659,0.9620126584319615,0
25660,0.8546786702801246,1
25661,0.6444005277145051,0
25662,0.9131228800308318,1
25663,0.9917416951767483,0
25664,0.9857469957400167,0
25665,0.984069272673613,0
25666,0.9836527165618172,0
25667,0.9442432865500334,0
25668,0.9725821867720216,0
25669,0.9491359464701603,0
25670,0.9999999999999991,1
25671,0.9924074404822945,0
25672,0.9922917814800735,0
25673,0.9893148504104918,0
25674,0.9944458799731847,1
25675,0.981875577074409,0
25676,0.8843488539906801,0
25677,0.8768085629092289,0
25678,0.8932259355838462,1
25679,0.9999753888869164,1
25680,0.9999999997381295,1
25681,0.9608241471566102,1
25682,0.9427144396579145,0
25683,0.7751521028140826,0
25684,0.9916454068853242,0
25685,0.9743619153331791,0
25686,0.5570139809057261,0
25687,0.8248018407570995,0
25688,0.9176502214688568,1
25689,0.5714608194720051,1
25690,0.731201208447398,0
25691,0.9705978274829542,1
25692,0.9757162779679337,0
25693,0.9882755636236049,0
25694,0.9999999999978688,1
25695,0.9892691385233815,0
25696,0.7002246547090694,0
25697,0.9901224232093834,0
25698,0.845448829966855,0
25699,0.9886967275705223,0
25700,0.9665991933513942,0
25701,0.9784968703071678,0
25702,0.7185067027017312,1
25703,0.9776241626399171,0
25704,0.8441755989506088,0
25705,0.9336699620494865,0
25706,0.9896365495205308,0
25707,0.758308353252761,0
25708,0.9006044791122132,0
25709,0.9895244012098856,0
25710,0.9693578989864655,0
25711,0.999999999986954,1
25712,0.9808431441236156,1
25713,0.9817895221062419,1
25714,0.9920433258981891,0
25715,0.9209758596280986,0
25716,0.9921374857490876,0
25717,0.9999821551387557,1
25718,0.977493155497554,0
25719,0.879570524090666,0
25720,0.999977024027517,1
25721,0.9998124662201131,1
25722,0.7146179782307646,0
25723,0.6082990695143089,0
25724,0.9999410400860189,1
25725,0.727901406551532,1
25726,0.5306510086457076,0
25727,0.9999995532562019,1
25728,0.981303650292696,0
25729,0.9864130718524127,0
25730,0.9862789946034083,1
25731,0.9983994224507674,1
25732,0.9836557929817858,0
25733,0.9431680499509056,1
25734,0.9586978685271018,0
25735,0.9773769354073067,0
25736,0.7674863746899061,0
25737,0.999995527424735,1
25738,0.7745899015594355,0
25739,0.8557084421731033,0
25740,0.9830941615883698,0
25741,0.9667077286840043,0
25742,0.9999858845655993,1
25743,0.9847966730023362,0
25744,0.9867743597965761,0
25745,0.9833994455926358,1
25746,0.8457911262418663,0
25747,0.8723549454144289,0
25748,0.970442209324882,0
25749,0.9923657301009741,0
25750,0.8790083419743447,0
25751,0.9560703160294431,1
25752,0.9999062753076221,1
25753,0.9490486293388306,1
25754,0.8985311600010956,0
25755,0.9505172757188772,0
25756,0.9800718015875227,0
25757,0.9910222538729009,0
25758,0.9999992170449882,1
25759,0.544175633292266,1
25760,0.9786824639446859,0
25761,0.9815747582568914,0
25762,0.9780151364404166,0
25763,0.9612708715928096,0
25764,0.9999999997310367,1
25765,0.9864596109037137,0
25766,0.968345904151567,0
25767,0.91262812121634,0
25768,0.5327758078230244,0
25769,0.9599371761874695,0
25770,0.983221605976892,0
25771,0.8218268530381295,1
25772,0.9998932253352483,1
25773,0.9613233007906726,0
25774,0.9902488983330269,0
25775,0.5051194659357978,0
25776,0.999999988300207,1
25777,0.9893713015192316,0
25778,0.9539182355358038,1
25779,0.5550973653790467,1
25780,0.8379776670603184,0
25781,0.896242735066691,0
25782,0.9952170184977128,1
25783,0.8235540456668795,0
25784,0.9828209289237679,0
25785,0.5535900484708866,0
25786,0.8038078212053481,0
25787,1.0,1
25788,0.7920164092937022,0
25789,0.9682373518429804,0
25790,0.6996358728444688,0
25791,0.985171323943879,0
25792,0.7174362772926962,1
25793,0.8675576175928226,1
25794,0.9293874722561752,0
25795,0.9667300584529369,0
25796,0.9798787717030875,0
25797,0.9497648697851416,1
25798,0.9846486108894018,0
25799,0.9999176576082954,1
25800,0.9924865132569035,0
25801,0.9896805429642528,0
25802,0.8204329508835078,0
25803,0.6313660505229411,1
25804,0.8446400295632844,0
25805,0.973606729338596,0
25806,0.9987828437166297,1
25807,0.9999999999998419,1
25808,0.95399163600602,0
25809,0.729246239031098,1
25810,0.9728868284501261,0
25811,0.9841281671769346,1
25812,0.9615746305930437,0
25813,0.9754031736560681,0
25814,0.9999440492922618,1
25815,0.9999999999999998,1
25816,0.594718139314314,0
25817,0.9737894972212389,1
25818,0.9945558185071177,0
25819,0.9893435635587366,0
25820,0.8662008553695775,0
25821,0.9827690003256253,0
25822,0.7557037430782612,1
25823,0.9423879144143055,0
25824,0.9447642706899984,0
25825,0.6590593024228484,1
25826,0.9772405908912679,0
25827,0.9173607247610868,0
25828,0.9573148330236039,0
25829,0.9557714537731606,0
25830,0.9692012304729166,0
25831,0.9228197641995065,0
25832,0.9738455348820542,0
25833,0.8627652051811932,0
25834,0.9895866646997604,0
25835,0.8995897471913447,0
25836,0.8440248002624319,1
25837,0.9999999995860018,1
25838,0.9769121543391436,0
25839,0.9148903545438736,0
25840,0.9838449880567006,0
25841,0.7503551286216705,0
25842,0.9888613409560773,0
25843,0.9613837601923747,0
25844,0.776556975893033,0
25845,0.9791128202471597,0
25846,0.9999999999510885,1
25847,0.9724210630663328,0
25848,0.7708351894070801,0
25849,0.9348013490307648,0
25850,0.6022746892537241,1
25851,0.989992012565487,0
25852,0.9438311679683159,0
25853,0.9103258332079069,1
25854,0.7298751222104227,0
25855,0.9420701494009954,0
25856,0.9999999999999991,1
25857,0.819155282803753,0
25858,0.7593351332671302,0
25859,0.9751424367097453,1
25860,0.8228441618757891,0
25861,0.9203063240501663,1
25862,0.9634324618998946,0
25863,0.9756588297126906,0
25864,0.9700706272319396,0
25865,0.9838080152970854,0
25866,0.9950473168942355,0
25867,0.9625692015513401,0
25868,0.9999913312052345,1
25869,0.9210057468167142,0
25870,0.932899018618202,1
25871,0.6117407173790844,1
25872,0.740240528316907,0
25873,0.9886642739481336,0
25874,0.98700078381794,0
25875,0.9794385136332014,1
25876,0.9882018701848865,0
25877,0.9543272768692957,0
25878,0.9866954607775198,1
25879,0.7126828289109098,1
25880,0.9607176380779932,0
25881,0.8978094992539151,0
25882,0.5602520480451597,1
25883,0.946584576307885,0
25884,0.9188199383317434,0
25885,0.9367131337928395,0
25886,0.6699856277128762,0
25887,0.9487588998085844,0
25888,0.9341265104065829,0
25889,0.9796174771262852,0
25890,0.7618577743700146,0
25891,0.9997183560941968,1
25892,0.990215943915107,0
25893,0.9785924178317424,0
25894,0.9888582722528942,1
25895,0.9999999532525023,1
25896,0.8675794259914686,0
25897,0.969588143326232,0
25898,0.9999998948214663,1
25899,0.9566351576604427,1
25900,0.6529201673046259,0
25901,0.9999986868252841,1
25902,0.9923833306183149,0
25903,0.8607440882839452,1
25904,0.9772283182658325,0
25905,0.8522681579178172,0
25906,0.96453214773616,0
25907,0.9318275425237582,0
25908,0.897264559051879,1
25909,0.965532927228456,0
25910,0.8251822728808513,1
25911,0.9954978760566953,1
25912,0.9999915691150215,1
25913,0.9126197997774628,0
25914,0.8226418702530625,1
25915,0.6311220441679449,1
25916,0.5144373492352149,1
25917,0.5994379613478849,1
25918,0.9895054592445693,0
25919,0.9679795569957446,0
25920,0.9811763768774517,0
25921,0.8873721984755748,0
25922,0.9791272337736452,0
25923,0.9332778717400784,0
25924,0.5429580680951458,1
25925,0.9817442669971272,0
25926,0.7892622224285116,0
25927,0.6462052643272608,0
25928,0.9076195441597011,1
25929,0.9627666354122294,1
25930,0.9715131780507344,0
25931,0.9997325061359288,1
25932,0.942715810417187,1
25933,0.6400980752906654,1
25934,0.9913946904991338,0
25935,0.9851158490402838,0
25936,0.994001734242869,1
25937,0.9385689370397677,0
25938,0.7455258639500177,0
25939,0.8374402411179711,0
25940,0.5220617838976556,0
25941,0.913737998007663,0
25942,0.9999996370741986,1
25943,0.9999844895429556,1
25944,0.9904789523450027,1
25945,0.6687012599310086,0
25946,0.5055589660874263,0
25947,0.9670776489241093,0
25948,0.9929585634179792,0
25949,0.9616325216949344,0
25950,0.9806088995410027,0
25951,0.9197587704482326,0
25952,0.9473666576425714,0
25953,0.962769764165419,0
25954,0.9408732923088531,0
25955,0.8889055453700727,1
25956,0.9806329350991165,0
25957,0.9533801399981969,0
25958,0.58196793379138,1
25959,0.9726388291031933,0
25960,0.9350318202556991,0
25961,0.8591569178470653,0
25962,0.983660644068996,0
25963,0.9872784778641343,1
25964,0.9123954181352265,0
25965,0.9002088092163685,0
25966,0.9866799547613757,0
25967,0.9837243225309399,0
25968,0.9834476097200686,0
25969,0.9620815901825933,0
25970,0.9912555826767245,0
25971,0.8478304494802663,0
25972,0.9193820951495141,0
25973,0.9868597005400735,0
25974,0.9955493472589757,0
25975,0.9480441663477609,1
25976,0.9908551673703603,0
25977,0.9333145404837931,0
25978,0.9996258368142853,1
25979,0.9789855622674688,0
25980,0.8829201306903607,0
25981,0.7929267805662602,1
25982,0.6944662453987701,1
25983,0.994515390805865,1
25984,0.9644234011175936,0
25985,0.8961195420457038,0
25986,0.9997895988592296,1
25987,0.8961760766687527,0
25988,0.9917152952616515,0
25989,0.9999518247911743,1
25990,0.9975823229264751,1
25991,0.9999095489568486,1
25992,0.9871317275150729,1
25993,0.9950101294568142,0
25994,0.9999948262766255,1
25995,0.9511166376452473,1
25996,0.6957017334791014,1
25997,0.9589267223614916,0
25998,0.9077367090213629,0
25999,0.9715430887650768,0
26000,0.920050064209904,0
26001,0.9468683547699293,0
26002,0.9465195622353327,0
26003,0.9906236870013999,0
26004,0.5445866973677577,0
26005,0.9712178621619648,0
26006,0.97815187564513,0
26007,0.9688390059287316,0
26008,0.9850335487839087,0
26009,1.0,1
26010,0.9908281611966413,0
26011,0.9623964822615828,0
26012,0.9898466502465081,0
26013,0.9835961516478663,0
26014,0.9784889011863769,0
26015,0.9999342152679599,1
26016,0.9999999846101357,1
26017,0.989219609240854,0
26018,0.7446484785980113,0
26019,0.9725456832226365,0
26020,0.9999658160660869,1
26021,0.8668826047393153,1
26022,0.9137254934015913,0
26023,0.9999999905344052,1
26024,0.8812520514244091,1
26025,0.9927925235657296,0
26026,0.9818688266534924,0
26027,0.9601003839169019,1
26028,0.573198233616022,0
26029,1.0,1
26030,0.9919638830480201,1
26031,0.9853223954069844,0
26032,0.5860567121555431,0
26033,0.5760822263342638,1
26034,0.7493127445988531,1
26035,0.9999999998232096,1
26036,0.9945947929003549,0
26037,0.9690765720186802,0
26038,0.9911096391660746,0
26039,0.9854027733722632,0
26040,0.9840701678561107,0
26041,0.8293559727057204,0
26042,0.970117482814394,0
26043,0.9048966260681952,0
26044,0.9651176729305697,0
26045,0.9846328653387606,0
26046,0.998605608864109,1
26047,0.6480163005165999,0
26048,0.6472339248223178,1
26049,0.974875289664626,0
26050,0.9375253674249678,0
26051,0.7598619245906205,0
26052,0.989366016959153,0
26053,0.9895046974478032,0
26054,0.8798683672921997,0
26055,0.9067640423550763,0
26056,0.8293562530854877,1
26057,0.8553186590805749,0
26058,0.9999999999999996,1
26059,0.999603632718732,1
26060,0.9582613302088424,0
26061,0.9245186043393749,0
26062,0.9518488110741284,0
26063,0.8839805103652537,1
26064,0.9499590766429349,0
26065,0.7471548508386227,0
26066,0.6126689096617954,1
26067,0.9558512835960105,0
26068,0.9999317230032946,1
26069,0.9209053403725999,0
26070,0.9946441523616601,1
26071,0.6694041528301534,1
26072,0.9875320794502729,0
26073,0.8962848575322155,1
26074,0.987869418726269,0
26075,0.9494717460477491,0
26076,0.9871667116123096,0
26077,0.969670571066887,0
26078,0.8321107992544406,0
26079,0.997650138240131,1
26080,0.96274218129921,0
26081,0.9889499965471924,0
26082,0.821879639478354,0
26083,0.9877244183948208,0
26084,0.9801246560956942,0
26085,0.9847579655668102,0
26086,0.9871770777903314,0
26087,0.9816121242726278,0
26088,0.9918641847263322,0
26089,0.9728728707150691,0
26090,0.9746656297541908,0
26091,0.7218496821046868,0
26092,0.6865832787525353,0
26093,0.9855730709178465,0
26094,0.9588823216178535,0
26095,0.6033882346767873,0
26096,0.9503325613750305,1
26097,0.9365139255146251,0
26098,0.9721342947689483,0
26099,0.8512876983950297,0
26100,0.9544779678965305,0
26101,0.9999999915872593,1
26102,0.5482544744939781,0
26103,0.8235745435276102,1
26104,0.6817654787684324,1
26105,0.9786075385819366,0
26106,0.9837709011442762,0
26107,0.8864545388950587,0
26108,0.9755066739003588,0
26109,0.9897969452805144,0
26110,0.952722531822623,0
26111,0.9897567898195883,0
26112,0.8799632896723957,0
26113,0.9310370053709415,1
26114,0.8913429340116629,0
26115,0.876395563484767,0
26116,0.9708340163903103,1
26117,0.9842271292825883,0
26118,0.9048086252007654,0
26119,0.9777352375190238,0
26120,0.9149890377411635,0
26121,0.8834614940234953,1
26122,0.6998040994399226,0
26123,0.9730832037374163,0
26124,0.9999997887677413,1
26125,0.9826799306202678,0
26126,0.9809862536844864,0
26127,0.9814793959973322,0
26128,0.9829836336274976,0
26129,0.975167308673352,0
26130,0.9704262686408603,0
26131,0.9499537482261692,0
26132,0.9999351435898632,1
26133,0.8995991566349351,1
26134,0.9836824403637848,0
26135,0.8704175854808919,0
26136,0.9443730468008453,0
26137,0.6552588175013583,1
26138,0.9067628442226454,0
26139,0.8087808060058773,0
26140,0.9620060655743904,0
26141,0.9445762527819379,0
26142,0.9923027333334224,1
26143,0.9387989838352615,0
26144,0.9916140388666229,0
26145,0.974233618392023,0
26146,0.9837083349113727,0
26147,0.7970419789686263,0
26148,0.9786728373143116,1
26149,0.9962594493311514,1
26150,0.9958890904362555,1
26151,0.8074163619724399,1
26152,0.8943790251767559,0
26153,0.9585604511464635,1
26154,0.9845131080329298,0
26155,0.9918099587035022,0
26156,0.6202512292865819,0
26157,0.9999908558977745,1
26158,0.9468125477432553,0
26159,0.9208139914733194,0
26160,0.8285696190239026,0
26161,0.5746162837328328,1
26162,0.627314690015519,1
26163,0.5728626084024526,1
26164,0.6803169686612447,0
26165,0.8379328901763927,1
26166,0.9834152165602069,0
26167,0.9128990789427518,0
26168,0.9205758797930801,0
26169,0.9896020725188455,0
26170,0.7973976025897873,1
26171,0.9893670384902056,0
26172,0.9272052281586621,0
26173,0.9999999450048105,1
26174,0.9876152044947829,0
26175,0.9780606125223048,0
26176,0.7041922998869947,1
26177,0.8977100464229814,0
26178,0.6744844560022774,0
26179,0.6862004119708146,0
26180,0.9193291196524165,0
26181,0.9906171307995637,0
26182,0.9003031021040396,0
26183,0.999997994160561,1
26184,0.9908715994956068,0
26185,0.9751972053159812,1
26186,0.9784631007673545,0
26187,0.9565403318827662,0
26188,0.7943628687457677,0
26189,0.9777605623341435,0
26190,0.9867792917879863,0
26191,0.9546874000746518,0
26192,0.9883548977002755,0
26193,0.9576236505798972,0
26194,0.9038906651260465,0
26195,0.9919186626316052,0
26196,0.6716333031972596,1
26197,0.51002023896309,0
26198,0.9375760721028376,0
26199,0.9567437137475592,0
26200,0.969058239006061,0
26201,0.7090376356186611,1
26202,0.5963616047221216,1
26203,0.893618141842917,0
26204,0.6761780650081636,1
26205,0.9290456129457485,1
26206,0.9997598948726458,1
26207,0.7720995151113361,0
26208,0.9450385595785992,0
26209,0.9682329413490437,0
26210,0.6767374414174965,0
26211,0.6157605395551214,0
26212,0.9596498270235317,0
26213,0.9466627079199721,0
26214,0.9540961703995862,0
26215,0.6556328939425151,1
26216,0.7287437102741553,0
26217,0.9443657367412651,0
26218,0.9577702689757261,0
26219,0.9999999931999779,1
26220,0.8949038125077502,1
26221,0.9821549030605335,0
26222,0.8091236507555088,0
26223,0.9922562838454287,0
26224,0.9860843103652533,0
26225,0.9242869936652324,0
26226,0.9715213139598252,0
26227,0.9551784768951335,0
26228,0.9886718295858737,0
26229,0.8592272604634309,1
26230,0.76712093554056,1
26231,0.980031441954727,0
26232,0.789146062825816,0
26233,0.9768494838361591,0
26234,1.0,1
26235,0.999554903080526,1
26236,0.9641385133753988,0
26237,0.9891116314861014,0
26238,0.8167819465815804,0
26239,0.9016090728485276,0
26240,0.8654489050327097,0
26241,0.9184023742219755,0
26242,0.5402300466961528,0
26243,0.801479419775702,1
26244,0.988853401150974,0
26245,0.9141949589192824,0
26246,0.9208227929685908,0
26247,0.923048532097217,1
26248,0.8438206501244022,0
26249,0.7282480518503306,0
26250,0.9469487778346272,0
26251,0.9998092879584473,1
26252,0.9329636895380493,0
26253,0.6871053090643147,0
26254,0.7126496309784981,0
26255,0.9950473168942355,0
26256,0.9249928377160636,0
26257,0.8533687935435177,0
26258,0.986351576612425,1
26259,0.9591269077890718,0
26260,1.0,1
26261,0.9848120348209909,0
26262,0.9874815710906816,0
26263,0.9843463085510685,0
26264,0.8215679430875448,1
26265,0.9176354608635019,0
26266,0.9507408078866758,1
26267,0.9947575198594486,1
26268,0.9049700934052256,0
26269,0.9221066683565777,0
26270,0.9644675560199862,0
26271,0.6685114120543423,0
26272,0.6704592508325201,1
26273,0.5019123778290073,1
26274,0.9624114984768648,0
26275,0.6999764689692557,0
26276,0.8571403116558728,0
26277,0.624179582808642,0
26278,0.835698434364185,1
26279,0.9414623869795691,1
26280,0.9256214819370162,0
26281,0.9917539069667087,1
26282,0.9844320797473869,0
26283,0.9900322411141489,1
26284,0.97316649510221,0
26285,0.9725925396008216,0
26286,0.9480243786257508,0
26287,0.8092674903990686,1
26288,0.6590253987837712,0
26289,0.6001465097982641,1
26290,0.9830281498353667,0
26291,0.9903627455538828,1
26292,0.9968363731884075,1
26293,0.9039971655864615,0
26294,0.6379982554415571,0
26295,0.9944747343296403,1
26296,0.7118697078097561,1
26297,0.9997244137934995,1
26298,0.7079931678195824,0
26299,0.6311177844110707,1
26300,0.8133772563928456,0
26301,0.9666596002713947,0
26302,0.7299411636115644,0
26303,0.983341158104949,0
26304,0.9683939741913794,0
26305,0.8661252918637954,0
26306,0.9279242845948181,0
26307,0.9651927369340911,0
26308,0.9671561836134714,0
26309,0.9861330096759349,0
26310,0.606679687198589,1
26311,0.9843653234769919,0
26312,0.5316122168039282,0
26313,0.8920558172879712,0
26314,0.5837460446711514,0
26315,0.7177528773734969,0
26316,0.5429185249623393,0
26317,0.9689733469868328,0
26318,0.9416516643130163,0
26319,0.5635288633823625,1
26320,0.9824949859307914,0
26321,0.9079801176467627,0
26322,0.9837656179575897,0
26323,0.9999996333992551,1
26324,0.8542467006433975,1
26325,0.9999742872424006,1
26326,0.9464909516339166,0
26327,0.9999997930917852,1
26328,0.9765236954592442,0
26329,0.553548288613965,1
26330,0.9999999999999964,1
26331,0.9999999947148239,1
26332,0.7759258307394652,0
26333,0.9427520387523206,0
26334,0.9878508706551308,0
26335,0.9715712065694783,0
26336,0.8372554710243437,0
26337,0.990895874513932,0
26338,0.6778680568050216,0
26339,0.9146082946958911,0
26340,0.9938611917768347,1
26341,0.9893473350227484,1
26342,0.988666295294752,0
26343,0.7934403540077608,1
26344,0.9672509174252827,0
26345,0.9998119995305274,1
26346,0.8015459165738056,1
26347,0.9926928527744657,0
26348,0.9998595862654284,1
26349,0.9644169693295784,0
26350,0.9098110541486366,0
26351,0.9253724589497908,0
26352,0.9213250554318694,0
26353,0.9863296368295621,0
26354,0.9805897029850553,0
26355,0.9873393740978258,0
26356,0.9984496329220164,1
26357,0.8190032261476038,1
26358,0.9888963696292562,0
26359,0.9541627652839694,0
26360,0.9220017535494771,0
26361,0.97484606620691,0
26362,0.989801837959621,1
26363,0.5269429498289817,0
26364,0.9485439990712086,0
26365,0.8501991298196598,0
26366,0.9941619937866202,1
26367,0.978384956877969,1
26368,0.8933626872543201,0
26369,0.939665755716945,0
26370,0.9747409519946917,0
26371,0.9011395897298154,1
26372,0.9681336367208846,0
26373,0.953811450406905,0
26374,0.9703525828249461,0
26375,0.9590097468348471,0
26376,0.6903146221795025,0
26377,0.7054393203193128,0
26378,0.9740685048089737,1
26379,0.9866849079039487,0
26380,0.9798893135233542,0
26381,0.693259396100163,0
26382,0.9357866642674975,0
26383,0.9737474400344966,1
26384,0.9959161688768843,1
26385,0.9947069404413488,0
26386,0.9880873876413028,0
26387,0.93845825449856,0
26388,0.9351696573666185,0
26389,0.980863661774526,0
26390,0.8768350689660486,0
26391,0.9000168832620308,0
26392,1.0,1
26393,0.991792131662904,0
26394,0.9429437679144111,0
26395,0.7383911415961963,0
26396,0.999497094221165,1
26397,0.991804686637774,0
26398,0.9999999999999996,1
26399,0.9814711074264372,0
26400,0.7284352459602005,1
26401,0.9793640552783932,1
26402,0.6518785342437182,0
26403,0.9417846482726379,0
26404,0.9755922957394126,0
26405,0.6037930409263278,0
26406,0.678860714041881,1
26407,0.9283575141266474,0
26408,0.7871970161155283,1
26409,0.9887140993055282,0
26410,0.9887506019361078,0
26411,0.7908180456375815,0
26412,0.8148765932821149,0
26413,0.985871091001882,0
26414,0.5080882749182009,0
26415,0.5844357983202226,1
26416,0.9999341964732414,1
26417,0.9410047274840444,0
26418,0.9709002509054908,0
26419,0.8070399299963574,1
26420,0.7832008762754579,1
26421,0.9682960806199531,0
26422,0.9713775831273096,0
26423,0.9635655267196347,0
26424,0.8915108726107879,1
26425,0.9787938580302008,0
26426,0.6029672327544274,1
26427,0.9999999999999978,1
26428,0.9915296216948221,0
26429,0.9624172617162737,0
26430,0.9999995977949442,1
26431,0.5666340227008207,1
26432,0.9984369665136131,1
26433,0.9527536684871128,0
26434,0.9787913403889408,0
26435,0.8977156646099361,0
26436,0.8804031502905451,1
26437,0.8875698820625231,0
26438,0.9876246783624482,0
26439,0.9672417507054822,0
26440,0.9459051360496319,0
26441,0.9999950393979788,1
26442,0.9833228965110564,0
26443,0.9929822095131335,1
26444,0.9432135462093572,0
26445,0.9790286820890681,0
26446,0.9923856312158612,0
26447,0.7307446582985824,0
26448,0.7159254460156639,0
26449,0.9689719908401165,0
26450,0.9999130285564294,1
26451,0.9147791534726505,1
26452,0.9768865938515727,0
26453,0.9872723929126621,0
26454,0.9999245778594613,1
26455,0.9887211884991552,1
26456,0.9680654228818546,0
26457,0.8720304689984283,1
26458,0.9672522187028977,0
26459,0.6474405763852015,0
26460,0.9999493722830097,1
26461,0.9797293875921622,1
26462,0.9999961358972871,1
26463,0.6535729814323145,1
26464,0.8223971281678591,0
26465,0.9900438285785553,1
26466,0.9896823260027944,1
26467,0.9784379890535931,0
26468,0.9858825728750097,0
26469,0.9734859030731684,0
26470,0.6752735610298213,1
26471,0.7810040007633712,0
26472,0.5642928951423062,0
26473,0.7160426893157943,1
26474,0.8232316153031534,1
26475,0.9999758776094563,1
26476,0.9711425006834007,0
26477,0.9528469685383877,1
26478,0.9908596710811536,0
26479,0.720448874912133,1
26480,0.6229005058706498,1
26481,0.7225582980034694,0
26482,0.9984800767752968,1
26483,0.9814906671357291,1
26484,0.9919210891825436,0
26485,0.935971039031202,0
26486,0.9888188475150087,0
26487,0.9999183872223575,1
26488,0.9913926392416144,0
26489,0.9753209713150327,0
26490,0.7833900453481912,0
26491,0.7584086434225634,0
26492,0.9532635247053242,0
26493,0.5170990415375855,1
26494,0.9035779581551577,0
26495,0.9440237494707121,1
26496,0.980181803748441,0
26497,0.9495423122550118,1
26498,0.9727623603355711,0
26499,0.9750712859342477,0
26500,0.8116001459439374,0
26501,0.8637041328141505,1
26502,0.9758736999516152,0
26503,0.8971794421767489,0
26504,0.9632763864535734,0
26505,0.8352099862852657,0
26506,0.8809270009297276,1
26507,0.8968072999758936,0
26508,0.9759005839124151,0
26509,0.7843644004297146,1
26510,0.9828063088881744,0
26511,0.9830133105337179,0
26512,0.9221284849033959,1
26513,0.5703690848878735,0
26514,0.6755350993703303,0
26515,0.9997609478644393,1
26516,0.9999865525232009,1
26517,0.9480475935567322,1
26518,0.923229110526576,0
26519,0.9467816824682146,0
26520,0.999531810640688,1
26521,0.9770246761116874,0
26522,0.8483970575868472,1
26523,0.9830144968699651,0
26524,0.9081518173808739,0
26525,0.9428528683666813,1
26526,0.6293007287116491,0
26527,0.9871154061298814,1
26528,0.998550866346148,1
26529,0.6727400436560335,1
26530,0.8025954047366329,0
26531,0.8985253240319565,0
26532,0.9752729917616,0
26533,0.9411778151215049,0
26534,0.9840576224786767,0
26535,0.9674578234843217,0
26536,0.8315325036498685,0
26537,0.861980570438434,0
26538,0.9841182563224992,0
26539,0.8878360089135512,1
26540,0.862805748696134,0
26541,0.9780334977312615,0
26542,0.977203413138937,0
26543,0.8842784447390981,1
26544,0.9918641847263322,0
26545,0.9194643050947351,0
26546,0.8021807720299052,0
26547,0.5056972275361515,0
26548,0.991804686637774,0
26549,0.93671226691811,0
26550,0.9739531477978021,0
26551,0.9729733374984744,0
26552,0.9999999987468762,1
26553,0.9621942824214417,0
26554,0.9753962900323364,0
26555,0.9794169556562948,0
26556,0.6603719169468583,1
26557,0.8297384852527069,1
26558,0.562976918036918,0
26559,0.9931168940859776,1
26560,0.8336059095695568,0
26561,0.739666596511453,0
26562,0.9792156206537547,0
26563,0.999996721447792,1
26564,0.9836310803782405,0
26565,0.9252370882554278,1
26566,0.8273001589692549,0
26567,0.7126383599583022,0
26568,0.9920802933840656,0
26569,0.9682818768735069,0
26570,0.9974824415786554,1
26571,0.9697758470773303,1
26572,0.9694179421661642,0
26573,0.5017671135679894,0
26574,0.7279388758868551,0
26575,0.8580615543126302,0
26576,0.6537864586623919,1
26577,0.983386108816357,0
26578,0.9801765178074197,0
26579,0.6294023162883129,1
26580,0.9767467504926345,0
26581,0.9842882086343024,0
26582,0.8101896647318093,0
26583,0.9836358304359093,0
26584,0.9897546353900638,0
26585,0.9931630402180055,0
26586,0.7764825042903231,0
26587,0.9859776631901879,0
26588,0.9535753953467749,0
26589,0.9252855724267245,0
26590,0.9997288308962382,1
26591,0.9844828190937517,0
26592,0.9599885195286718,0
26593,0.9999769528148167,1
26594,0.9709363326762958,0
26595,0.9999999992978625,1
26596,0.9709166854517844,0
26597,0.7818340161219899,0
26598,0.8595298007014484,1
26599,0.5481881924860715,1
26600,0.9645729764924167,0
26601,0.9785157341535485,0
26602,0.9671376152132405,0
26603,0.9697348284228917,0
26604,0.9172905912131912,0
26605,0.9561399150576455,1
26606,0.9343233221478452,0
26607,0.7693473260487169,0
26608,0.8026761703680979,0
26609,0.9837508214642844,1
26610,0.8507491182805327,0
26611,0.9739268049349435,0
26612,0.9847230569746056,0
26613,0.9093141144130658,0
26614,0.9805600587200017,0
26615,0.9894102846483914,0
26616,0.9638706800441929,0
26617,0.9819163654591219,0
26618,0.6174595386733287,0
26619,0.8099475617359058,0
26620,0.9948941146981007,0
26621,0.9368324716241017,0
26622,0.8060050189113281,0
26623,0.9196920831918909,0
26624,0.5861119327919914,0
26625,0.9851594970394955,0
26626,0.6814499132473661,0
26627,0.9803088473149594,0
26628,0.7623221595303209,0
26629,0.9730238375152721,0
26630,0.8098120828198513,0
26631,0.8420352601249789,0
26632,0.999519297742168,1
26633,0.9835564696728526,0
26634,0.8670511469955843,0
26635,0.6444848800169954,1
26636,0.5732497457223766,1
26637,0.9448541017383699,0
26638,0.9769828550477085,0
26639,0.8864957141846683,0
26640,0.9868990369916235,0
26641,0.6719863148603687,0
26642,0.614073641984442,0
26643,0.9928930833907644,0
26644,0.9999999991782751,1
26645,0.8301842485468969,1
26646,0.9903220516522533,0
26647,0.9939211406717235,1
26648,0.9487809041985387,0
26649,0.8779757219341414,0
26650,0.9041309813413503,0
26651,0.975236857286616,1
26652,0.9604169646411632,0
26653,0.9575596306421859,0
26654,0.5024544666416336,0
26655,0.5187474929017353,0
26656,0.9484334478823349,0
26657,0.9834863123220415,0
26658,0.9323074908074308,0
26659,0.6797769397587426,0
26660,0.9230036239874432,0
26661,0.6911894607299088,0
26662,0.9804750000432803,1
26663,0.8341769695254424,0
26664,0.8874371578310565,0
26665,1.0,1
26666,0.9862113004873976,0
26667,0.6821534281498316,1
26668,0.8418790035274623,0
26669,0.9354673731540512,1
26670,0.9641797025178925,0
26671,0.7982269625620405,0
26672,0.8887518449814995,0
26673,0.9999998593255388,1
26674,0.9379467738622825,1
26675,0.9695198777024232,0
26676,0.9918962264881594,0
26677,0.9952081028625244,1
26678,0.9501992214724938,0
26679,0.8939696450754838,0
26680,0.9887931954229415,0
26681,0.9861305786608763,0
26682,0.9813029561384186,0
26683,0.9932864517088664,0
26684,0.9405142012267951,0
26685,0.6256840747996365,0
26686,0.6738102196863418,1
26687,1.0,1
26688,0.8680699383948656,1
26689,0.9009807864374402,0
26690,0.6684906910643348,0
26691,0.9605234854596031,0
26692,0.9583015848943656,0
26693,0.6432694571183796,1
26694,0.9663599068898023,0
26695,0.8370216600986048,0
26696,0.9797101663941498,1
26697,0.7795919361388896,0
26698,0.9891802810567859,0
26699,0.9592550322394876,0
26700,0.9871976040947464,0
26701,0.9661955807314935,0
26702,0.9153465211796733,0
26703,0.9689878611168076,1
26704,0.6859897521140151,0
26705,0.9466465355799727,1
26706,0.9999691697149135,1
26707,0.9694189296491394,0
26708,0.9458292130428676,1
26709,0.9636428910848404,0
26710,0.5074837701643944,0
26711,0.9999999999999987,1
26712,0.7293960002167345,0
26713,0.8688627369126427,0
26714,0.99994797285126,1
26715,0.7937439178512538,0
26716,0.9421439783266466,1
26717,0.6191914687964258,0
26718,0.5328760508394873,0
26719,0.9843472523297159,0
26720,0.9725772582937351,0
26721,0.8846728559217057,0
26722,0.8824882943686195,1
26723,0.9915096422939643,0
26724,0.9999833356116048,1
26725,0.9710978745794656,0
26726,0.9979735653550444,1
26727,0.9282442994074832,0
26728,0.9866840109567884,0
26729,0.8139464004238587,0
26730,0.8683752059515205,0
26731,0.9520731901647587,0
26732,0.5413708356360439,0
26733,0.9999999054045893,1
26734,0.9918856551554555,1
26735,0.9612287916730844,0
26736,0.9725122212427121,0
26737,0.8160957188429079,0
26738,0.9886518056786257,0
26739,0.5716412113591951,0
26740,0.9518049458191847,0
26741,0.7099254363776791,1
26742,0.7896304838797046,0
26743,0.7029126340851581,1
26744,0.6007015562269298,0
26745,0.6651306443333627,0
26746,0.9131996501988106,0
26747,0.7862764376097198,0
26748,0.9681640712606087,0
26749,0.9984938952714976,1
26750,0.9859748617159074,0
26751,0.7964227270331179,0
26752,0.9993242049309422,1
26753,0.9689109506287079,0
26754,0.9240461610082273,1
26755,0.9604992156926103,0
26756,0.9701981839635323,0
26757,0.8502091841875986,0
26758,0.5974837385092481,0
26759,0.9910734211413994,0
26760,0.9851237549691827,0
26761,0.999253770024076,1
26762,0.9999999970263194,1
26763,0.9762917968920575,0
26764,0.8599566746195544,1
26765,0.8332774187160974,0
26766,0.9249338989133813,0
26767,0.7697859519994127,0
26768,0.979012837219325,0
26769,0.6522076517908776,1
26770,0.9985730964358303,1
26771,0.9661575176370221,0
26772,0.6877704247448895,0
26773,0.6372867565729934,0
26774,0.760882188030954,0
26775,0.9744960585904117,0
26776,0.9777552307664968,1
26777,0.760251108760057,0
26778,0.7065656825426372,1
26779,0.8890856701211943,0
26780,0.9903951183332843,0
26781,0.9563409591338736,0
26782,0.7792030195003097,0
26783,0.9482708720257651,0
26784,0.9985314903411681,1
26785,0.9538733630663436,0
26786,0.9579540533722325,0
26787,0.9698176961241778,0
26788,0.9903259175890027,0
26789,0.5012834738879294,0
26790,0.920091879597512,0
26791,0.9617450807008133,0
26792,0.9533001075358013,0
26793,0.9750400900840149,1
26794,0.9291977381259527,0
26795,0.9910401614836318,0
26796,0.8764162571469158,1
26797,0.9999380337362707,1
26798,0.848043505325825,1
26799,0.9877561583608224,0
26800,0.9639673356652352,0
26801,0.9563778285749598,1
26802,0.9737200410710908,0
26803,0.9784358057168492,0
26804,0.9664958749935036,0
26805,0.5646835241827992,1
26806,0.9816257395411603,0
26807,0.9897690540481722,0
26808,0.7311785933943077,0
26809,0.7371200061464356,1
26810,0.9459787011595265,0
26811,0.9999986919858418,1
26812,0.8914369298273727,0
26813,0.907909685717831,0
26814,0.9659161779042189,0
26815,0.9731738246321946,0
26816,0.9826112915551634,0
26817,0.9593757227181938,0
26818,0.9397834626427877,0
26819,0.9978115248430023,1
26820,0.945933572707893,1
26821,0.9999768311592397,1
26822,0.9246346688873457,1
26823,0.8917462056869191,0
26824,0.728776653157969,0
26825,0.5314467697651665,1
26826,0.9671761541901442,0
26827,0.9686997946770576,0
26828,0.9998972686361864,1
26829,0.9999999999973188,1
26830,0.9727262678918215,0
26831,0.972672741021807,0
26832,0.9876264065730114,0
26833,0.9732157883745595,0
26834,0.9931709642926646,0
26835,0.999999940420718,1
26836,0.9114417851734932,0
26837,0.9429661600438654,0
26838,0.8262795115458345,0
26839,0.963614851149734,0
26840,0.7509144669645387,0
26841,0.9999999999996387,1
26842,0.9853248978448311,0
26843,0.9399265063022013,0
26844,0.986717493007048,0
26845,0.9993427921861855,1
26846,0.9684896587986299,0
26847,0.9852728879861522,0
26848,0.9999863749557414,1
26849,0.9664556159478636,0
26850,0.6966049565933203,0
26851,0.7940319093941615,0
26852,0.9875905433479478,1
26853,0.9770045194456994,0
26854,0.9603625592583989,0
26855,0.8731035580707949,0
26856,0.6358192352264608,0
26857,0.9309307966219147,1
26858,0.6574719968924502,1
26859,0.9911235375328312,0
26860,0.9743514443098923,0
26861,0.9990061215679786,1
26862,0.9803267793306438,0
26863,0.9612889303851706,1
26864,0.994459184195878,1
26865,0.9904186267078414,1
26866,0.9999999999999998,1
26867,0.9999999979010918,1
26868,0.9786259229817619,0
26869,0.9636510317704725,0
26870,0.8646280043208239,1
26871,0.9767184299088778,1
26872,0.9764194243465725,0
26873,0.6560534067963373,1
26874,0.9883941153557839,1
26875,0.5427900453999664,1
26876,0.9923970079535658,1
26877,0.9893816408990069,0
26878,0.6976871348341812,1
26879,0.9586957608371489,0
26880,0.9851824222152078,0
26881,0.9166878815573825,0
26882,0.963558897463067,0
26883,0.7775616920546813,1
26884,0.6814955391566727,0
26885,0.9741916669688914,0
26886,0.8731452203921789,0
26887,0.8524140842757532,1
26888,0.9470538727102963,0
26889,0.9961426314830443,1
26890,0.9047000396577521,0
26891,0.9899593512171239,0
26892,0.801715945081608,1
26893,0.9966926286293148,1
26894,0.6433601089041748,0
26895,0.9931709642926646,0
26896,0.990311624261761,0
26897,0.5297593042437949,1
26898,0.9763376831126482,0
26899,0.899005897212661,1
26900,0.7747257110375503,1
26901,0.8172600686359303,1
26902,0.9917681736046425,0
26903,0.9916979582603742,0
26904,0.9994184756711469,1
26905,0.9999997971131347,1
26906,0.9803221436165465,0
26907,0.9999972506578616,1
26908,0.943003486243965,0
26909,0.9669558839557639,0
26910,1.0,1
26911,0.6864353560705044,1
26912,0.8251522799025471,1
26913,0.5598020683775176,0
26914,0.9999999999989266,1
26915,0.7229099050249217,1
26916,0.9931709642926646,0
26917,0.9988680858628283,1
26918,0.9666130670511638,1
26919,0.6976330102995645,0
26920,0.9028727394073578,0
26921,0.9667720327251235,0
26922,0.9999777960586177,1
26923,0.8589735513989333,0
26924,0.9770235415357235,0
26925,0.8394862400974902,0
26926,0.9254386082510745,0
26927,0.9822952524094835,0
26928,0.9999999999999445,1
26929,0.9511757621133989,1
26930,0.9955232293115291,0
26931,0.7134673734347953,0
26932,0.5850080960153199,1
26933,0.9884394381063136,0
26934,0.9750707021204289,0
26935,0.948864908544236,0
26936,0.9915508667518335,0
26937,0.6448301512316602,1
26938,0.9999999999999993,1
26939,0.5518309043600801,1
26940,0.9827721125758004,0
26941,0.9840125224659815,0
26942,0.6450239392050144,0
26943,0.8784897805180998,0
26944,0.9839380494195891,0
26945,0.8432525602533969,0
26946,0.9376617059361139,0
26947,0.9999971485582038,1
26948,0.9866670236874188,0
26949,0.7507445796610336,1
26950,0.7187849172172885,0
26951,0.9085766387504636,0
26952,0.8998864119939664,0
26953,0.8296916910045901,1
26954,0.6093036217968483,1
26955,0.9866275116627605,0
26956,0.9773987024847983,0
26957,0.9531442588187095,0
26958,0.9688592438910024,0
26959,0.9918547711744823,0
26960,0.9883313341299875,0
26961,0.9984317987423532,1
26962,0.9706710683856326,0
26963,0.96263854437153,0
26964,0.9887817380612633,0
26965,0.76580276804602,0
26966,0.528289226393356,0
26967,0.9948861991915442,1
26968,0.5224916894411762,0
26969,0.951718052707986,0
26970,0.7978402272724293,0
26971,0.984809403455136,0
26972,0.9713992166062786,0
26973,0.9999999836586914,1
26974,0.9945513003275185,1
26975,0.9765183108201907,0
26976,0.9734483881069745,0
26977,0.9803510066894026,0
26978,0.9851566645272277,0
26979,0.9611985289619949,0
26980,0.7218771504015635,0
26981,0.9541137108464701,0
26982,0.99997272002476,1
26983,0.9543100324225433,0
26984,0.9833721720764859,0
26985,0.9999998264639709,1
26986,0.7918726108690556,0
26987,0.6970714270713907,0
26988,0.6386689448521379,0
26989,0.9999999980317851,1
26990,0.8694288730515338,0
26991,1.0,1
26992,0.9722229745402818,1
26993,0.9064421670030895,0
26994,0.9875371318605379,0
26995,0.9571824902828203,0
26996,0.9816689719441066,0
26997,0.9318376502065113,0
26998,0.9897940269378891,0
26999,0.7458315286022872,0
27000,0.7719647467521633,0
27001,0.9878900408356021,1
27002,0.9771714358120641,0
27003,0.8624428892096053,0
27004,0.6643020440362676,0
27005,0.978639278580002,0
27006,0.9275118539817035,0
27007,0.9407208451693804,0
27008,0.9999959537362354,1
27009,0.579041754678228,0
27010,0.8314350180550589,1
27011,0.9901224232093834,0
27012,0.9544896610524713,0
27013,0.9967489634268699,1
27014,0.9732635718010196,0
27015,0.9909241100243386,0
27016,0.9326055721528181,0
27017,0.9744735591872274,0
27018,0.9633158556649303,0
27019,0.9997391634729553,1
27020,0.9987153086095454,1
27021,0.9931709642926646,0
27022,0.9939280447629104,0
27023,0.7415574952921293,0
27024,0.9999905932587414,1
27025,0.6406312319820993,0
27026,0.6058234345754498,0
27027,0.9865137182409612,1
27028,0.6747135863122925,0
27029,0.9232131398579474,0
27030,0.9879671419333583,0
27031,0.987318236711623,0
27032,0.9790770824227288,0
27033,0.9646778505178403,0
27034,0.9895086655370366,0
27035,0.9324483048637248,0
27036,0.7401589328827038,1
27037,0.8855277060442954,0
27038,0.9901518872578605,0
27039,0.9998352264314461,1
27040,0.5988824206576848,1
27041,0.8900495991293844,0
27042,0.627259743034315,0
27043,0.7951680185816357,0
27044,0.9459767980924649,0
27045,0.9845882490022189,0
27046,0.975310772604647,0
27047,0.9881360971471093,0
27048,0.9834728066666477,1
27049,0.8964247021611557,0
27050,0.5695091683039037,1
27051,0.9960311883311712,1
27052,0.6063911719363492,1
27053,0.957927261169156,0
27054,0.5105109552713896,0
27055,0.7236834830333819,0
27056,0.8140378023031603,0
27057,0.991804686637774,0
27058,0.791697124223193,0
27059,0.9200089032178573,0
27060,0.9732693331502246,0
27061,0.7414256808422289,0
27062,0.9604864598751232,0
27063,0.9381676321729259,0
27064,0.991792131662904,0
27065,0.9664974586583106,0
27066,0.8847814027522369,0
27067,0.9924934415968406,0
27068,0.5373273530453353,0
27069,0.9761333109122321,0
27070,0.9663331453473374,0
27071,0.6273839047061202,0
27072,0.9855768090024729,0
27073,0.7822535598325996,0
27074,0.9837229427693605,0
27075,0.9896502961329989,0
27076,0.9942383205271695,0
27077,0.7880822312650579,0
27078,0.9929351922501715,0
27079,0.9754437140727178,0
27080,0.9687214271894512,0
27081,0.8702024477594416,0
27082,0.9873477433631547,0
27083,0.9761355072964547,0
27084,0.9893796720663701,0
27085,0.9626209421665222,0
27086,0.9842038582039172,0
27087,0.9867207014494829,0
27088,0.5663285032475966,1
27089,0.9218317356475884,0
27090,0.991632866813539,0
27091,0.7765565292073786,0
27092,0.8767553733747285,1
27093,0.9530955800285061,0
27094,0.9509325232542719,0
27095,0.9890902015826217,0
27096,0.5547987142042927,1
27097,0.9738455565608395,0
27098,0.8484468161471982,0
27099,0.9488510738336347,0
27100,0.8625502858750678,0
27101,0.672503295467493,0
27102,0.8045472132866728,1
27103,0.8564491785603313,0
27104,0.9651698527286734,0
27105,0.9870487395460563,0
27106,0.9184785733983566,0
27107,0.8600092038549845,0
27108,1.0,1
27109,0.9999998622528891,1
27110,0.9681290657759775,1
27111,0.9688895569470155,0
27112,0.9566142238891319,1
27113,0.9999999999999751,1
27114,0.9884626620645357,0
27115,0.7659973780738759,0
27116,0.8970869218225812,1
27117,0.6693157428628146,1
27118,0.969478256176475,1
27119,0.9499467262982226,0
27120,0.9813432734071783,0
27121,0.955319907992232,0
27122,1.0,1
27123,0.9840934257768275,0
27124,0.6421726577002937,0
27125,0.9900204531889158,0
27126,0.7681495236664794,1
27127,0.8438148516737348,0
27128,0.9914948782538971,0
27129,0.9820876954710185,0
27130,0.9999999964004322,1
27131,0.9972809136707715,1
27132,0.8860268334412408,0
27133,0.8547394928910952,0
27134,0.7504998227886925,0
27135,0.9777537105058008,0
27136,0.9521670863113507,0
27137,0.8282545951008184,0
27138,0.9867792917879863,0
27139,0.5764348780912572,0
27140,0.7838320369286962,0
27141,0.9904976929492778,0
27142,0.5111515379583148,0
27143,0.9999999999999998,1
27144,0.9349819239466627,0
27145,0.9928916718894127,0
27146,0.6713518964045024,1
27147,0.6825881792799683,0
27148,0.9210023697920744,1
27149,0.981717237557343,0
27150,0.9286925655411622,0
27151,0.9989695082014571,1
27152,0.9665826026555874,1
27153,0.6968634611956928,0
27154,0.9999987481141928,1
27155,0.8244583326390766,0
27156,0.9479736091598191,0
27157,0.8168072050256425,0
27158,0.9744258632507792,0
27159,0.5106975339441955,0
27160,0.8755380101195004,0
27161,0.9899993349825627,0
27162,0.9851114184929803,0
27163,0.7034763904799757,0
27164,0.8867909205895812,0
27165,0.9098681484863389,0
27166,0.9784254705458936,0
27167,0.8414307697895358,0
27168,0.9997887378853471,1
27169,0.7698401754397384,0
27170,0.9538710349488762,0
27171,0.9739827139879285,0
27172,0.8976001158900213,1
27173,0.9540444059135885,0
27174,0.9921899134211982,0
27175,0.9366984518994091,0
27176,0.9777667373318566,0
27177,0.9662556913515894,0
27178,0.9638186678903689,0
27179,0.6574852903415674,1
27180,0.5711587349848435,0
27181,0.9999988163659841,1
27182,0.9072297878952528,1
27183,0.5807789736591862,1
27184,0.8512256507722261,0
27185,0.9894630315076102,0
27186,0.9268585092426512,0
27187,0.9858036843005854,0
27188,0.880718093598104,0
27189,0.967012309179433,1
27190,0.9175295963631364,0
27191,0.9987214364695208,1
27192,0.7338000934587504,0
27193,0.9739851412565009,0
27194,0.8370517448235204,0
27195,0.9551065264272103,0
27196,0.9896089894973943,0
27197,0.6016589149076625,1
27198,0.9999984560814176,1
27199,0.8366547130344617,0
27200,0.88074302289344,1
27201,0.8971948294127587,0
27202,0.9835849913009957,0
27203,0.8307424236799491,0
27204,0.9513153875958358,0
27205,0.7257506849294851,0
27206,0.9196192035519191,1
27207,0.9766139016531893,0
27208,0.9467354791772198,1
27209,0.9098727192427517,1
27210,0.9985288387328966,1
27211,0.7527370129287242,0
27212,0.978644263713082,1
27213,0.9563860546301312,0
27214,0.9899360512600328,1
27215,0.8150448251218638,0
27216,0.6950668309025974,1
27217,0.993381163764306,1
27218,0.9861826190090457,0
27219,0.5078340091085544,0
27220,0.9882101601684412,0
27221,0.6751615660536235,0
27222,0.9991039621037062,1
27223,0.925051342542656,1
27224,0.6370667454615944,1
27225,0.923716184630472,0
27226,0.9315332857441848,1
27227,0.9762179781857165,1
27228,0.9863846948222625,0
27229,0.9784016250909439,0
27230,0.9494891587653514,0
27231,0.9821279217811305,0
27232,0.9967896042248767,1
27233,0.9882980261862179,1
27234,0.9796600431115973,0
27235,0.7068190662384212,0
27236,0.9722535217943272,0
27237,0.9650090505833984,0
27238,0.5238469245677636,0
27239,0.9476990573137568,0
27240,0.9168912801611996,0
27241,0.9640402348744735,0
27242,0.9753111569729295,0
27243,0.9867504590455284,0
27244,0.9567514095522889,0
27245,0.9563142155748421,0
27246,0.8159838294589268,0
27247,0.9783772835501072,0
27248,0.6483978634306443,0
27249,0.5437450321999006,0
27250,0.9607945062262702,1
27251,0.968857827814614,1
27252,0.6315608683585665,1
27253,0.8296176571671178,0
27254,0.9636838027219692,0
27255,0.6579429731922237,0
27256,0.8616804245034609,0
27257,0.9557171646770001,0
27258,0.9029044912610272,0
27259,0.9879649442855851,0
27260,0.992321768615027,0
27261,0.9013546825427415,0
27262,0.9653364861245421,0
27263,0.9528557292455141,0
27264,0.7897158356032541,0
27265,0.5447242550056244,1
27266,0.8125363235576393,0
27267,0.9437826179798081,0
27268,0.9715978227209751,0
27269,0.7868983678380204,0
27270,0.9949292033800654,1
27271,0.9910094770448571,0
27272,0.9999274745818341,1
27273,0.9851131717941521,0
27274,0.9442113315005958,0
27275,0.9999148566935065,1
27276,0.9350672008167025,0
27277,0.9218811988859789,0
27278,0.9773551153527733,0
27279,0.9101280964873513,1
27280,0.90978017641258,0
27281,0.5539448275225635,1
27282,0.9811586058353431,0
27283,0.9215624977695592,0
27284,0.9999492697963541,1
27285,0.9305914084012349,0
27286,0.9858462005897698,0
27287,0.9649723343738275,1
27288,0.9968027201729398,1
27289,0.9709604023562804,1
27290,0.5383760142743677,1
27291,0.9958513216108666,1
27292,0.955690385923566,0
27293,0.8308881636236215,1
27294,0.9907061131936401,0
27295,0.9931709642926646,0
27296,1.0,1
27297,0.9893886877146607,0
27298,0.9295159071621961,1
27299,0.9896772117833682,0
27300,0.9999999999977107,1
27301,0.7213515102133622,0
27302,0.8757097678880521,1
27303,0.9556680966831868,0
27304,0.9367820569234688,1
27305,0.9881386761378056,0
27306,0.9861464691562376,0
27307,0.9899823153986377,1
27308,1.0,1
27309,0.5231688567794867,0
27310,0.9989597161543363,1
27311,0.9816958082166816,0
27312,0.7742008482490786,1
27313,1.0,1
27314,0.9571662053218196,0
27315,0.8439374250918644,1
27316,0.8176973176999022,0
27317,0.8055888011447289,1
27318,0.5644413899145768,1
27319,0.9900577993120833,0
27320,0.9534171004866405,0
27321,0.7068706917002733,0
27322,0.9532133047011119,1
27323,0.999763859935489,1
27324,0.7908810624544438,0
27325,0.7126428762432043,1
27326,0.9887798516902795,0
27327,0.8927745641344987,0
27328,0.9982719738705587,1
27329,0.9652470254747302,1
27330,0.9859399457008708,0
27331,0.9999659481908976,1
27332,1.0,1
27333,0.9983226301345712,1
27334,0.9919835164682398,0
27335,0.6395857757348644,1
27336,0.9634859619727285,0
27337,0.8732936248964975,0
27338,0.9918546037003004,0
27339,0.9913753777044403,0
27340,0.9924736821403493,0
27341,0.986220288472693,0
27342,0.911176800892258,0
27343,0.9850667904228466,0
27344,0.9999999999989972,1
27345,0.9875547190772701,0
27346,0.6808677022739094,0
27347,0.9922583772378573,0
27348,0.7636019700820161,0
27349,0.9848109568256738,0
27350,0.9991520333848242,1
27351,0.9678658023505207,0
27352,0.8444400180460363,0
27353,0.8529915860267444,0
27354,0.7115287115461753,1
27355,0.6742326695323213,0
27356,0.7956652907969376,1
27357,0.9602762648617618,0
27358,0.9875025636325301,0
27359,0.9868130349070743,0
27360,0.9511523615284757,1
27361,0.9701939374272048,0
27362,0.7293421547314622,1
27363,0.7693899207078287,1
27364,0.8562644678889331,0
27365,0.9569461740540605,0
27366,0.9155113102080716,0
27367,0.9871604338125624,0
27368,0.9691799857836594,0
27369,0.968468362269846,0
27370,0.9850512143713789,0
27371,0.9170482443491811,0
27372,0.9671365630821255,0
27373,0.9761837261576656,0
27374,0.7600223962356731,0
27375,0.9367940968635421,0
27376,0.930174117962873,0
27377,0.9681215733255502,0
27378,0.9896856609316697,0
27379,0.9499778162578421,1
27380,0.6359764764733721,1
27381,0.949807048186168,0
27382,0.9858433610704298,1
27383,0.8753009611932857,0
27384,0.9612215570567373,0
27385,0.9860879886636317,0
27386,0.8280972843216772,1
27387,0.9878588410369779,0
27388,0.9067269953689817,1
27389,0.9841829704194148,0
27390,0.9744317786488874,0
27391,0.968585461376443,0
27392,0.9743805429537412,0
27393,0.7880287828048615,0
27394,0.889721504319606,1
27395,0.5760985655649173,1
27396,0.5309792405669663,1
27397,0.9716516721453291,0
27398,0.8602641534989648,1
27399,0.6242158827241902,1
27400,0.7759494559616459,0
27401,0.9925309882127884,0
27402,0.9972440928254731,1
27403,0.99998781461647,1
27404,0.9802752183133231,0
27405,0.8004362704024124,0
27406,0.8756866322732174,0
27407,0.981111906324844,0
27408,0.9999999999769287,1
27409,0.9897336000605977,0
27410,0.9943737115166791,1
27411,0.997127942844065,1
27412,0.6225309116492269,1
27413,0.9162486802709369,0
27414,0.6897895635815897,1
27415,0.9339256050381498,1
27416,0.9998853518710534,1
27417,0.9879220970042178,0
27418,1.0,1
27419,0.5194306408078522,0
27420,0.5913905292114588,0
27421,0.971266140350608,0
27422,0.6624500528623801,0
27423,0.9608404346416514,0
27424,0.9938935899384014,0
27425,0.8523323308676926,0
27426,0.9935986760452028,0
27427,0.5651602993180641,0
27428,0.9999998761373009,1
27429,0.9207360893630341,1
27430,0.9999365143485723,1
27431,0.9988979000637445,1
27432,0.9994371896497778,1
27433,0.7909330496101454,1
27434,0.9918656144478065,0
27435,0.9751840183756684,1
27436,0.5993899827748886,1
27437,0.8515481056216889,0
27438,0.9563856299896616,0
27439,0.901867876797069,0
27440,0.7091290380287517,1
27441,0.9643996685297671,0
27442,0.9823959308165544,0
27443,0.7112538617008515,0
27444,0.9995663200581247,1
27445,0.983642479237128,0
27446,0.9866829931030947,0
27447,0.9116167338112897,0
27448,0.9899820426419469,0
27449,0.9223251432550533,0
27450,0.9554689094501952,0
27451,1.0,1
27452,0.9866598852539015,0
27453,0.9955232293115291,0
27454,0.9839569009736157,0
27455,0.880782480071664,1
27456,0.9656952155902019,0
27457,0.9777129081636738,0
27458,0.9676567296625851,0
27459,0.6576782318144508,1
27460,0.7527837076932556,0
27461,0.9878263611982787,0
27462,0.8390870530628858,0
27463,0.9085631533403994,0
27464,0.8902328303791344,0
27465,1.0,1
27466,0.9898891366577945,0
27467,0.9999965525637463,1
27468,0.9650174786668656,0
27469,0.9058825201970988,0
27470,0.9697109649544181,0
27471,0.9889744487027939,0
27472,0.9310326703779096,0
27473,0.9111711880016768,1
27474,0.9851922850336389,0
27475,0.9016369309701465,0
27476,0.9434526091238701,1
27477,0.9918811326045774,0
27478,0.9791282693594301,0
27479,0.9829138725100766,0
27480,0.8906095749883496,0
27481,0.990089505437411,0
27482,0.9511200385591722,1
27483,0.9934652916961122,1
27484,0.8603241461434616,0
27485,0.9780574826190176,0
27486,0.9999999999999998,1
27487,0.9904303294518835,0
27488,0.6586406052053488,0
27489,0.9881472312607118,0
27490,0.986748160854159,1
27491,0.6656188921336786,1
27492,0.8909057545561584,0
27493,0.8665572220520246,0
27494,0.9804875579279488,0
27495,0.9999810689486373,1
27496,0.9568378454885952,0
27497,0.5369559469283085,1
27498,0.7017655510897447,0
27499,0.9916733564009776,0
27500,0.5077418022547833,0
27501,0.999748501525843,1
27502,0.9080077091463958,0
27503,0.9381129325018923,0
27504,0.9683465641751889,0
27505,0.9323640607140569,0
27506,0.987730738868258,0
27507,0.9814171674967778,0
27508,0.7035240821270519,0
27509,0.9454374019602849,1
27510,0.9999999999971063,1
27511,0.9836998494912842,0
27512,0.7027171539424889,0
27513,0.9850370361691793,0
27514,0.7237061328405936,0
27515,0.9999870717412105,1
27516,0.9754809445866945,0
27517,0.9536841600765886,0
27518,0.9222109104659106,0
27519,0.9812518608888253,0
27520,0.9910388899686122,0
27521,0.965168813719746,1
27522,0.58547409597821,1
27523,0.98091617604152,0
27524,0.9588476791905859,0
27525,0.9253317298300467,0
27526,0.8337415977034655,0
27527,0.9999998302693316,1
27528,0.6358288837989828,0
27529,0.845271136032914,0
27530,0.9688902854733,0
27531,0.9821805868012042,0
27532,0.8667672952680463,0
27533,0.9854303608272946,0
27534,0.7511709766216611,1
27535,0.9747681132528601,0
27536,0.8247046421776593,0
27537,0.9406015376334493,0
27538,0.9852332356251285,0
27539,0.9761443286569833,0
27540,0.9583015848943656,0
27541,0.9999014086026033,1
27542,0.9219017336307372,0
27543,0.983137725470163,0
27544,0.9595856026761804,0
27545,0.8562375282590726,1
27546,0.9901660839166027,1
27547,0.9602841598774574,0
27548,0.6513143372375344,1
27549,0.9666190491258072,0
27550,1.0,1
27551,0.9375186021136299,0
27552,0.9864672003222759,0
27553,0.9665000468500058,0
27554,0.9553500323722985,0
27555,0.9971280373038799,1
27556,0.9893223290987712,0
27557,0.9867743772978825,0
27558,0.9621711593312835,0
27559,0.9854062878426405,0
27560,0.8376792393171942,0
27561,0.9745145724501555,0
27562,0.9835262308487989,0
27563,0.7229565190062848,0
27564,0.8495286047937439,0
27565,0.8724355533837888,1
27566,0.9561811847953069,0
27567,0.9883054863910243,0
27568,0.9090572802721395,1
27569,0.9657295822067309,0
27570,0.5970768774754932,1
27571,0.999998572252768,1
27572,0.9797926057907504,0
27573,0.9357498655011419,0
27574,0.5762765366853358,1
27575,0.9999999889650955,1
27576,0.593915751802374,0
27577,0.6613906640166419,0
27578,0.9542692899404547,0
27579,0.5562847882055878,1
27580,0.9939012703631871,1
27581,0.8139468190457085,0
27582,0.9684235053420179,0
27583,0.9517160671656841,0
27584,0.9999999429018199,1
27585,0.8629381165497021,0
27586,0.985226013881006,0
27587,0.9148579046116964,0
27588,0.988374805778011,0
27589,0.9875170855865311,0
27590,0.9476876478143172,0
27591,0.9437808800870006,0
27592,0.8296846816952372,0
27593,0.6403299677526295,0
27594,0.9495180877841654,0
27595,0.8206354629961433,0
27596,0.9746083928108468,0
27597,0.9630824813961948,0
27598,0.9999999670248397,1
27599,0.9048503166588584,0
27600,0.9994074941229625,1
27601,0.9538895814615361,0
27602,0.9999998726244657,1
27603,0.945947731614539,0
27604,0.9453904170496777,0
27605,0.9888184107876122,0
27606,0.6125664174573772,0
27607,0.7593273093273367,0
27608,0.8348040749840531,1
27609,0.7725346855144184,0
27610,0.9397258929804395,0
27611,0.6348931336395137,0
27612,0.9890278968632428,1
27613,0.8868542730295098,0
27614,0.5042270252202161,0
27615,0.8625115500684285,0
27616,0.8573501439619583,0
27617,0.9834022702249561,0
27618,0.9999999997333808,1
27619,0.7147147158734122,0
27620,0.8541025421790532,0
27621,0.5197566634339423,1
27622,0.7407477221581281,0
27623,0.9806950668435721,0
27624,0.6650249511724594,0
27625,0.824310292595935,1
27626,0.7020940763895733,0
27627,0.9921792924968669,0
27628,0.999985973569947,1
27629,0.9907513870174511,0
27630,0.9868175585489467,0
27631,0.9655414743298063,1
27632,0.9412260335524969,0
27633,0.6009630211581167,0
27634,0.8967409398615265,0
27635,0.5638967446011783,0
27636,0.9999999999999689,1
27637,0.8998823936506335,0
27638,0.5309276543945348,0
27639,0.9999397767569623,1
27640,0.9886799115574487,1
27641,0.9494891099310708,0
27642,0.8723548532751387,1
27643,0.9999836898951397,1
27644,0.9999999999937668,1
27645,0.9479778682645714,1
27646,0.6413575887788519,1
27647,0.9701024795061802,0
27648,0.7477436173181484,0
27649,0.5267249360662739,1
27650,0.6788656301073108,0
27651,0.9893604230632359,1
27652,0.9930896842954894,1
27653,0.9755598070119138,0
27654,0.915508320738077,1
27655,0.518736355771296,1
27656,0.9376499161119749,0
27657,0.8986710517066142,1
27658,0.9729188626812892,0
27659,0.9875391058864003,0
27660,0.9388076944891285,0
27661,0.9691903175441335,0
27662,0.9999800813027537,1
27663,0.9995834842841173,1
27664,0.9745367105792884,0
27665,0.9371326560493775,0
27666,0.9875244614706455,0
27667,0.9907781480063569,0
27668,0.9901654309482626,0
27669,0.9507355871949221,1
27670,0.9999999998136615,1
27671,0.989764035268627,0
27672,0.8343860653119878,1
27673,0.9156362868681308,1
27674,0.9872875790187592,0
27675,0.9956881148498874,1
27676,0.9875418847318952,0
27677,0.9895867268794956,0
27678,0.9769343907767565,0
27679,0.9881433335190981,0
27680,0.6470858620136128,0
27681,0.846039604361065,0
27682,0.9820834831043415,0
27683,0.9859776282616021,0
27684,1.0,1
27685,0.798090680624686,0
27686,0.9457821815564367,0
27687,0.7747840504607042,0
27688,0.9392210396061021,0
27689,0.8744425509211345,0
27690,0.8457293834596992,0
27691,0.9420406745904484,0
27692,0.5439710625577137,0
27693,0.9298739361323185,0
27694,0.9853682372023682,0
27695,0.9569065906743175,0
27696,0.9024439639140803,0
27697,0.9263907887746452,0
27698,0.9770565967892035,0
27699,0.8835227382934184,0
27700,0.999484497806207,1
27701,0.9999870433557141,1
27702,0.9144836580932411,0
27703,1.0,1
27704,0.8369726395875141,0
27705,0.9832640898793907,0
27706,0.9157684557721767,0
27707,0.9475185336563957,0
27708,0.6577468954567776,0
27709,0.9891357973699642,0
27710,0.9825271512646992,0
27711,0.9774848559765733,0
27712,0.6658974248393678,1
27713,0.9964371076386574,1
27714,0.9920519470444741,0
27715,0.9468010153018999,0
27716,0.9999910334610451,1
27717,0.9806426086288667,0
27718,0.8988993016012197,0
27719,0.8741630501224313,0
27720,0.9859903589528284,0
27721,0.7455851871594361,0
27722,0.9821204882701727,0
27723,0.9215046689933584,0
27724,0.8616759926842946,1
27725,0.9134145924833791,1
27726,0.9999904770449083,1
27727,0.7076839872341366,0
27728,0.9902144448645958,1
27729,0.9828709378568812,1
27730,0.85614457237938,0
27731,0.9898006028939442,0
27732,0.8305446958666812,0
27733,0.937933885547441,1
27734,0.9821169828444749,0
27735,0.9566580904104814,0
27736,0.9888830468213395,0
27737,0.9999999406311331,1
27738,0.9298989761533049,0
27739,0.9724781475843354,0
27740,0.9993400748274945,1
27741,0.9683045362485788,0
27742,0.9879206793432666,0
27743,0.8057765980505529,0
27744,0.9246873085903864,0
27745,0.7398681511893526,0
27746,0.6141562987818776,1
27747,0.6989088823687437,0
27748,0.9984963815381803,1
27749,0.9050300724342525,0
27750,0.9943877903107854,1
27751,0.5234504227830025,1
27752,0.9885201545409462,0
27753,0.7982213100731421,0
27754,0.9788539578941396,0
27755,0.5390287101340125,1
27756,0.6525517291440187,1
27757,0.7248096137710347,1
27758,0.9999490957500557,1
27759,0.9040821624929359,0
27760,0.9366677622004344,1
27761,0.7183765984665708,0
27762,0.9546269176004086,0
27763,0.9893886877146607,0
27764,0.9801541923617341,0
27765,0.9889232162376076,0
27766,0.9654173963555128,0
27767,0.9886272959162969,0
27768,0.9856221969457549,0
27769,0.8840374792690799,0
27770,0.8666014654929045,0
27771,0.9819896077232785,0
27772,0.994233947341348,0
27773,0.9987293682559033,1
27774,0.9143210305108391,1
27775,0.655908526787297,0
27776,0.999999905533012,1
27777,0.9558715113361345,0
27778,0.9322295123691882,0
27779,0.9681918116631406,0
27780,0.6555675626907121,1
27781,0.8576428258078854,1
27782,0.696794041733668,1
27783,1.0,1
27784,0.9897672858613512,0
27785,0.5513738587395709,1
27786,0.986545489450322,0
27787,0.8332550015526574,1
27788,0.9358984602020425,0
27789,0.8041945413360849,0
27790,0.887740529380418,0
27791,0.9754802056209412,0
27792,0.6024898296697065,0
27793,0.7891718519255485,1
27794,0.9898959485102709,0
27795,0.9999999874549526,1
27796,0.991792131662904,0
27797,0.8839939255357158,0
27798,0.6874917162563646,0
27799,0.9683615358735418,1
27800,0.9999858492148367,1
27801,0.9921673092537154,1
27802,0.9751997309570187,0
27803,0.8515464566764647,0
27804,0.9777191522713669,0
27805,0.9868357271267281,0
27806,0.9587744232478278,0
27807,0.977742600171694,0
27808,0.523199986435016,0
27809,0.7558956486831445,0
27810,0.6868893119327777,0
27811,0.9295503161691537,0
27812,0.9894343254118926,1
27813,0.9928959368985854,0
27814,0.9857767569824941,0
27815,0.9913716773501288,0
27816,0.9633992314898052,0
27817,0.9017373482717802,0
27818,0.5447068697502272,1
27819,0.5136927722825892,1
27820,0.8181334514816094,0
27821,0.9801926537796446,0
27822,0.9971796662090902,1
27823,0.9753641908663121,1
27824,0.9830154194822962,0
27825,0.9270939918696838,0
27826,0.9222012305897473,0
27827,0.719334231250446,1
27828,0.9520058627382117,1
27829,0.9404915879528806,0
27830,0.9740198319811241,0
27831,0.987742866894163,0
27832,0.8377999678420831,1
27833,0.895576108716243,0
27834,0.9999999158767678,1
27835,0.999851660549179,1
27836,0.9921703234999413,0
27837,0.9463605211355355,0
27838,0.9872525930341215,0
27839,0.8522836652810036,1
27840,0.9913024600010385,0
27841,0.95926005345046,0
27842,0.5891820961858104,1
27843,0.5058947621810408,1
27844,0.8867753723220954,1
27845,0.867614887336942,1
27846,0.9999999999239941,1
27847,0.5466534647468634,0
27848,0.550671221596224,0
27849,0.945950067246651,0
27850,0.8530566384479997,0
27851,0.9820463547205037,0
27852,0.7399663672493881,0
27853,0.9800408187779619,0
27854,0.9558141710299353,1
27855,0.9999949746672925,1
27856,0.9446409205516272,0
27857,0.9842893322932096,0
27858,0.6112565032951727,0
27859,0.9495666881570883,0
27860,0.9922609392251939,0
27861,0.9866269925657297,0
27862,0.9019426241410248,0
27863,0.9839389934616973,0
27864,0.9910172309615943,0
27865,0.8627530428825724,0
27866,0.7306113132494252,0
27867,0.9646330333046577,0
27868,0.9855384387691178,0
27869,0.9993656622831609,1
27870,0.7365150223185702,0
27871,0.9863967584253746,0
27872,0.9039463211771094,0
27873,0.6820166152119437,0
27874,0.5348896464508992,1
27875,0.8559226492954262,0
27876,0.9450173648721396,0
27877,0.9838024046312744,0
27878,0.999999619250732,1
27879,0.9548229531864343,0
27880,0.9446513674997519,0
27881,0.9697153195715466,0
27882,0.973077302281521,0
27883,0.9638732241642506,0
27884,0.9932575292312534,0
27885,0.7376617279238322,1
27886,0.9233910763422536,0
27887,0.9030433433309927,0
27888,0.7212673247249782,0
27889,0.9901558618985793,0
27890,0.8598210551366446,0
27891,0.9952421828201536,0
27892,0.5546799540605736,1
27893,0.8450928510660116,0
27894,0.9793151374536413,0
27895,0.9803491581252607,0
27896,0.9465229182109673,1
27897,0.9858199760694837,1
27898,0.9775669183345749,0
27899,0.9952458958554664,0
27900,0.883850619245807,1
27901,0.9998132423933536,1
27902,0.9126597596312049,0
27903,0.7733638968331559,0
27904,0.917780114293181,0
27905,0.877279553582973,0
27906,0.6224816248185499,1
27907,0.9884880000505692,1
27908,0.7576514660460334,0
27909,0.9830922907331817,0
27910,0.5664315634440523,0
27911,0.9998779606492024,1
27912,0.7146699504492586,0
27913,0.9208465773500667,0
27914,0.9818121116205211,0
27915,0.9921957680558057,0
27916,0.9654901919728267,0
27917,0.9999999988453621,1
27918,0.9498183314353068,0
27919,0.9772157043696823,0
27920,0.9989401957656863,1
27921,0.9908212305386229,0
27922,0.7490617525289961,0
27923,0.9635793573428018,0
27924,0.9946304974791641,1
27925,0.9976827467560799,1
27926,0.6547467544844424,1
27927,0.9886866899171616,0
27928,0.989263308271125,0
27929,0.8332211847110281,0
27930,0.9347334993347818,0
27931,0.7614390341584747,0
27932,0.9905401333646497,1
27933,0.9900697722626317,0
27934,0.9342637896520476,0
27935,0.9870487141686126,0
27936,0.8573171397576299,0
27937,0.6008203290122236,0
27938,0.9994656648539391,1
27939,0.6950235713870395,0
27940,0.7185676676144236,1
27941,0.8206070195069263,0
27942,0.8809835259739286,1
27943,0.9643035071511811,0
27944,0.8418028975644257,0
27945,0.9374119871973386,0
27946,0.9999987161177676,1
27947,0.9868648643321521,0
27948,0.982621377321545,0
27949,0.9863800522458859,0
27950,0.9493240749101788,0
27951,0.9823895924536096,1
27952,0.9812031331093651,1
27953,0.9390831573474838,0
27954,0.9501529954698443,0
27955,0.9423713297014322,1
27956,0.5865421169205203,1
27957,0.9874482816980749,0
27958,0.5113667669253886,0
27959,0.9893453689341887,0
27960,0.9832277847284526,0
27961,0.7147128558391908,0
27962,0.9925663719855856,1
27963,0.9087711678502931,1
27964,0.93037535972113,1
27965,0.5351404065489069,0
27966,0.99851828666189,1
27967,0.9614891644713178,1
27968,0.9953589345839531,1
27969,0.9907298894167778,0
27970,0.9999999999999725,1
27971,0.9898463960133993,0
27972,0.9850335487839087,0
27973,0.988478200605409,0
27974,0.9799476233568976,0
27975,0.9841246970966022,0
27976,0.9220886386888113,1
27977,0.9823364524908437,0
27978,0.8158630804483977,0
27979,0.9838363794555443,0
27980,0.9550478735662907,0
27981,0.6114340115739249,1
27982,0.8487113002320895,0
27983,0.6538435113077216,1
27984,0.8499283051438128,0
27985,0.8154001212852005,1
27986,0.9228224264398829,0
27987,0.7524502627970582,0
27988,0.8220866681636395,1
27989,0.9214030021166079,0
27990,0.6505939039227796,0
27991,0.9999999874589817,1
27992,0.5449456323447052,1
27993,0.9722025486401812,1
27994,0.9953361325192536,1
27995,0.9924437691827753,1
27996,1.0,1
27997,0.9053305441415155,0
27998,0.9999100638739703,1
27999,0.7461325149905769,0
28000,0.9218372063932795,0
28001,0.9686155449370616,0
28002,0.7212218434205288,0
28003,0.5768353826706181,0
28004,0.9181288007808934,0
28005,0.9523400620861878,0
28006,0.9994107908957875,1
28007,0.9910033764950524,0
28008,0.9824157250298332,0
28009,0.9045920926514391,0
28010,0.6140090482348297,0
28011,0.8224951382688301,0
28012,0.9999696367579722,1
28013,0.9859052915065469,0
28014,0.8751077405698595,0
28015,0.9864963921480957,0
28016,0.9924719578334533,0
28017,0.9774358074437821,0
28018,0.9490958616318766,1
28019,0.9653935987409821,0
28020,0.9280610164418597,0
28021,0.9999993501408564,1
28022,0.5280354352575194,1
28023,0.868108538787108,0
28024,0.9839684017462135,0
28025,0.944947599741871,0
28026,1.0,1
28027,0.9678144864358541,1
28028,0.6284479702884389,0
28029,0.5849446839087112,1
28030,1.0,1
28031,0.9618156980959849,0
28032,0.998340870723628,1
28033,0.9879342637515969,0
28034,0.938389200399731,0
28035,0.9910598493411099,0
28036,0.9769272596068225,0
28037,0.9994116543541754,1
28038,0.8481295271649578,0
28039,0.9594124931476122,1
28040,0.9572673036393918,0
28041,0.6202717832154462,1
28042,0.9806188422806885,0
28043,0.9756875662489619,0
28044,0.9355209007568246,0
28045,0.9300570991047815,0
28046,0.830936017960301,0
28047,0.9689494138733549,0
28048,0.9977621581271762,1
28049,0.9149319179466725,0
28050,0.9961118017412557,1
28051,0.9474082649811143,0
28052,0.6414949050620204,1
28053,0.9769484073591718,0
28054,0.9611407147029052,0
28055,0.9523094127714422,0
28056,0.9801589513850524,0
28057,0.9387695837881083,0
28058,0.9673748368906323,0
28059,0.9840538912528571,1
28060,0.7168291719142252,0
28061,0.955360643025752,0
28062,0.5482901730115631,0
28063,0.9625027744480168,0
28064,0.9620389180326064,0
28065,0.7052456122225464,0
28066,0.7027613544316885,0
28067,0.9830108158566658,0
28068,1.0,1
28069,0.7239773470865578,1
28070,0.9908192265684242,0
28071,0.9898876070639591,0
28072,0.9838046529937439,0
28073,0.989057821932854,0
28074,0.7747427070374068,1
28075,0.7919534925922668,0
28076,0.5375550692460925,0
28077,0.9653087642717187,0
28078,0.9729492767936718,0
28079,0.831700103572914,0
28080,0.7096038510606391,0
28081,0.9626691194640689,0
28082,0.9918694898495712,1
28083,0.556415882774721,1
28084,0.6796192664121722,1
28085,0.9326807811513907,0
28086,0.9895358785499224,0
28087,0.9699015149860399,0
28088,0.9995703262546223,1
28089,0.5073220448262624,0
28090,0.6609348467655689,0
28091,0.9472740103375192,1
28092,0.8529109134048751,0
28093,0.9800885262776846,1
28094,0.9562174556769001,0
28095,0.9983025950737968,1
28096,0.5815708993347657,1
28097,0.9806491161582547,0
28098,0.9181668476714709,0
28099,0.9857157670303105,0
28100,0.9069398133561717,0
28101,0.9406831924034973,0
28102,0.98508187549006,0
28103,0.9444397604835957,0
28104,0.5231125767627496,1
28105,0.7837414018936847,1
28106,0.7786886393933096,0
28107,0.9518314588128387,0
28108,0.8783416717106163,0
28109,0.991373870435474,0
28110,0.9316997151386552,0
28111,0.9579202183631588,0
28112,0.9765597955400018,0
28113,0.6424972379519568,0
28114,0.9461617223520968,1
28115,0.9915328077732003,0
28116,0.6348629813014234,1
28117,0.6922811002208195,1
28118,0.7011836681051685,0
28119,0.9744792336964619,0
28120,0.9388146923467483,0
28121,0.9880698051107467,0
28122,0.9922114654456885,1
28123,0.9875060014857677,1
28124,0.9863346241058801,0
28125,0.994027806513195,0
28126,0.9836188312287737,0
28127,0.9999747508433029,1
28128,0.7817527295126393,0
28129,0.9844597294565924,0
28130,0.9948230783729665,1
28131,0.9929948171967142,1
28132,0.9134784894629285,0
28133,0.9999999977536582,1
28134,0.9902867533721339,0
28135,0.9939447977986674,0
28136,0.6032088880644723,0
28137,0.9847521421658124,0
28138,0.9592928414109749,0
28139,0.5460853494841482,0
28140,0.5713460058877682,1
28141,0.6075712138322354,1
28142,0.8634600447158975,0
28143,0.7565869682275923,1
28144,0.9903384966944077,0
28145,0.9736539424348137,1
28146,0.8964508702216868,0
28147,0.834711477284518,0
28148,0.9801156158173016,0
28149,0.9880349573825322,0
28150,0.9649335150359651,0
28151,0.9524924536227621,1
28152,0.9895056262260309,0
28153,0.995678126328433,1
28154,0.9999987692798756,1
28155,0.9845846619304912,0
28156,0.979953674797715,0
28157,0.9886518056786257,0
28158,0.9742394910834499,0
28159,0.8973874623709944,0
28160,0.589381444597347,1
28161,0.9459055600185686,1
28162,0.9368760201014543,0
28163,0.9773272410486945,0
28164,0.9611640610891958,0
28165,0.9801850628835757,0
28166,0.999980427232588,1
28167,0.9763705686817248,0
28168,0.9470284769145648,0
28169,0.7717981640034033,0
28170,0.9877738169461867,0
28171,0.9876094266162585,0
28172,0.98663591097761,0
28173,0.9709609669045218,0
28174,0.6466944946916278,0
28175,0.9042867734774191,0
28176,0.6931394887271086,0
28177,0.9690204418726212,0
28178,0.9893794614466633,0
28179,0.9873593847968966,0
28180,0.9589614240167674,0
28181,0.9999863694762231,1
28182,0.9864516167882701,1
28183,0.8677137734823953,1
28184,0.7427337593563852,0
28185,0.5903730649147774,1
28186,0.9885038909519883,0
28187,0.9803089203734144,0
28188,0.9881036529768004,1
28189,0.9895944196894664,0
28190,0.6895752037003813,1
28191,0.9740352665118713,0
28192,0.9930384850100913,1
28193,0.9827441853607981,0
28194,0.8279584903516458,0
28195,0.9999999992101978,1
28196,0.9750707833524084,0
28197,0.9430661051517215,0
28198,0.9754482541465164,0
28199,0.8111747458913594,0
28200,0.9556789842688626,0
28201,0.9560957554229371,0
28202,0.8114130710864619,1
28203,0.9782737918417046,0
28204,0.9828793371211778,0
28205,0.9998231014639622,1
28206,0.9326676963365802,0
28207,0.9391578623322587,0
28208,0.8294328200409707,0
28209,0.9721893972057337,0
28210,0.9403541330293614,0
28211,0.9451440276775004,0
28212,0.9772557497500182,0
28213,0.9755403859901981,0
28214,0.9953068328846283,1
28215,0.9216039465898963,0
28216,0.8829747906296725,0
28217,0.9694626475216348,1
28218,0.8997749399645772,1
28219,0.9597775434524959,1
28220,0.6133029246038769,1
28221,0.9073789979964337,0
28222,0.9938114405870224,0
28223,0.9724000470977183,0
28224,0.8778667592620144,0
28225,0.772442695209185,0
28226,0.9067627302250293,0
28227,0.9895375264732389,0
28228,1.0,1
28229,0.6325001066090007,1
28230,0.6826006476207743,0
28231,0.8464591851233216,0
28232,0.567324461768474,1
28233,0.9007700642710207,0
28234,0.9870886464419781,0
28235,0.7336295765494589,1
28236,0.809857950019217,0
28237,0.9872695444415062,0
28238,0.9997717440632571,1
28239,0.9912813323404331,0
28240,0.719400190269509,1
28241,0.9610230863890339,0
28242,0.913141318221549,0
28243,0.9834228970508555,0
28244,0.7680676393680381,0
28245,0.978362716334643,0
28246,0.9343578321260877,0
28247,1.0,1
28248,0.9857399807244072,0
28249,0.9880000701267423,0
28250,0.9781982548409149,1
28251,0.9719413716643229,0
28252,0.9903135628032831,0
28253,0.9999999986862886,1
28254,0.9648831836628302,0
28255,0.9150106261080576,0
28256,0.9781243163426273,0
28257,0.9842860839120273,0
28258,0.9907094936494262,0
28259,0.7398965631601981,0
28260,0.973023263474199,0
28261,0.9754534788527836,0
28262,0.9080052475196861,0
28263,0.660561435463883,0
28264,0.8428428901012234,0
28265,0.9809491494278202,0
28266,0.9928570008589686,0
28267,0.9661519865947504,0
28268,0.9804304953524866,0
28269,0.9703021912156428,0
28270,0.9997984141673589,1
28271,0.9507392738379005,0
28272,0.9848623890614995,0
28273,0.9870459932728242,0
28274,0.9600875245053302,0
28275,0.9289674830527532,1
28276,0.987232573650302,0
28277,0.9014280482018265,0
28278,0.9377961281420307,0
28279,0.9518213567530374,0
28280,0.9999695243864907,1
28281,0.8427364973360967,0
28282,0.5366167258369178,1
28283,0.5123330520896063,0
28284,0.9999999999999063,1
28285,0.9119563384829608,0
28286,0.5840330246785971,0
28287,0.9827853701513786,0
28288,0.8722960391394009,0
28289,0.9263361888169614,0
28290,0.9917459078015642,0
28291,0.9649823884275692,0
28292,0.9812282787706295,0
28293,0.9774789968091115,0
28294,0.925458725261532,0
28295,0.7881638772825794,0
28296,0.9113752870982161,1
28297,0.9994983218728787,1
28298,0.9154029349594798,1
28299,0.9835526036870987,0
28300,0.6089087446581403,1
28301,0.7136715234145454,1
28302,0.9808615097878641,0
28303,0.7552352178082165,0
28304,0.7924341865449988,0
28305,0.9324448692984321,0
28306,0.9783234116727251,0
28307,0.8818653483668659,0
28308,0.9746471654136064,0
28309,0.9999719160608318,1
28310,0.9690909555740096,0
28311,0.9911417715709476,0
28312,0.9880510612075558,0
28313,0.6948161906098371,0
28314,0.9620861797486917,1
28315,0.995902233027892,1
28316,0.998602615761521,1
28317,0.9152160990248427,0
28318,0.9721080396480887,0
28319,0.9962341451581708,1
28320,0.9820356265626762,0
28321,0.8658485790123183,0
28322,0.807875897708688,1
28323,0.6522327486987506,1
28324,0.9010941526538628,0
28325,0.7600415231618247,1
28326,0.9725965286387973,1
28327,0.9999961267319946,1
28328,0.9576227507470014,0
28329,0.9999999710579341,1
28330,0.9272963788122455,0
28331,0.9473331136913155,0
28332,0.9739593025052168,0
28333,0.9873824197076894,0
28334,0.9583527471856391,0
28335,0.9910117462816744,0
28336,0.949935959311978,0
28337,0.9551717294716177,0
28338,0.9754816039419815,0
28339,0.5344856579269135,0
28340,0.9891019522813198,0
28341,0.9706760737176859,0
28342,0.9665081097972609,0
28343,0.9880708206373335,0
28344,0.9899323777391824,0
28345,0.6185775030589269,0
28346,0.9712204840505766,1
28347,0.6521564801678362,1
28348,0.7024419151350656,0
28349,0.9925473255986628,0
28350,0.9827767722772389,0
28351,0.9992687913518927,1
28352,0.9209548788244921,0
28353,0.9883011107413633,0
28354,0.9928128717696255,0
28355,0.9774670878051931,0
28356,0.8252511970322713,0
28357,0.9710297120761067,1
28358,0.9802418042411525,0
28359,0.972704062115962,0
28360,0.984914106901716,0
28361,0.8960428348813783,1
28362,0.9964770605395893,1
28363,0.9878280789006381,0
28364,0.9361434977334295,1
28365,0.9851335636217841,0
28366,0.9873014131564133,0
28367,0.7045040103657332,0
28368,0.6201473313180549,0
28369,0.9264223819227441,0
28370,0.9990597704539971,1
28371,0.991867010847547,0
28372,0.9790666550857571,0
28373,0.9458605030085088,0
28374,0.5539548106422534,0
28375,0.6216137339933555,1
28376,0.9888296509460374,0
28377,0.9402915893332578,0
28378,0.960558321448588,0
28379,0.9342534380485339,1
28380,0.9999999999996461,1
28381,0.8218142927520077,1
28382,0.9631994537931083,0
28383,0.852394745768315,0
28384,0.9688696100891039,1
28385,0.9225358569580204,1
28386,0.9992142501698575,1
28387,0.9813716498640019,0
28388,0.7747610364216203,0
28389,0.9999999985546062,1
28390,0.9020638935114917,1
28391,0.9845720061681096,0
28392,0.965931306055944,0
28393,0.9618253312951057,0
28394,0.6420328267190546,1
28395,0.9897745365828412,0
28396,0.9999515625481527,1
28397,0.9406948773643629,0
28398,0.9657724147887228,0
28399,0.70716029008983,0
28400,0.9871244435452952,0
28401,0.9634868206252737,1
28402,0.9729068897522618,0
28403,0.5139090670727485,0
28404,0.9915873338188499,0
28405,0.9662642589878794,1
28406,0.9999834539900647,1
28407,0.9999543396589946,1
28408,0.9765522866649453,1
28409,0.9890793816271268,0
28410,0.9356840264171083,0
28411,0.9886126010331232,0
28412,0.9909068699081024,0
28413,0.9936955456002887,1
28414,0.8702374614824581,0
28415,0.9839548486559622,0
28416,0.7343681896168527,0
28417,0.9376527595181114,0
28418,0.8084725412707437,0
28419,0.9663026597805984,0
28420,0.8829761326149999,0
28421,0.925260192605744,0
28422,0.5869139323281956,0
28423,0.96701438958665,0
28424,0.9999999999968283,1
28425,0.9036850164796136,0
28426,0.857253644142518,0
28427,0.9983761913823912,1
28428,0.9729084396995561,0
28429,0.9079856265602343,0
28430,0.9887968827873376,0
28431,0.8880719742522041,0
28432,0.9868556626981407,0
28433,0.9834861039852474,0
28434,0.9914881998560078,0
28435,0.877906402936749,0
28436,0.6251025735604567,0
28437,0.9624983099045707,0
28438,0.9787886096194542,0
28439,0.9919432126078637,0
28440,0.8270802517164481,1
28441,0.9955557237078467,1
28442,0.7343732949460088,0
28443,0.6634946722486859,0
28444,1.0,1
28445,0.9508788596444387,0
28446,0.9924991352874809,0
28447,0.9997726125908367,1
28448,0.6735054241386719,1
28449,0.9016266702132937,0
28450,0.9514964050841527,0
28451,0.9355023616030024,0
28452,0.9784509761684214,0
28453,0.9830035149888883,0
28454,0.9748142891330056,0
28455,0.830812470677673,1
28456,0.9867696893922918,1
28457,0.9776078545612382,0
28458,0.9654204444723732,0
28459,0.9218608752153468,0
28460,0.992151139438542,1
28461,0.9854280825542678,0
28462,0.6872919892704071,0
28463,0.9507471638925219,0
28464,0.9989547487413871,1
28465,0.9993314069320082,1
28466,0.9897417133358333,0
28467,0.9904022901529393,0
28468,0.9781591941624043,0
28469,0.9425249703007813,0
28470,0.9905623944156733,0
28471,0.5726487158920328,1
28472,0.9309732513165019,0
28473,0.9196957786317369,1
28474,0.5562394868851461,0
28475,0.9866602199346209,0
28476,0.9757823058245676,0
28477,0.9811145592372494,0
28478,0.9999962359973678,1
28479,0.9966693321721848,1
28480,0.7885364587176591,0
28481,0.9315878633095812,0
28482,0.9914035847800263,1
28483,0.9566146308503424,1
28484,0.9906813686658462,0
28485,0.9221388804270457,0
28486,0.8798166490453324,0
28487,0.738030616358855,0
28488,0.9904489294172564,0
28489,0.5617266705141044,1
28490,0.9709117340280652,0
28491,0.8813229667836141,0
28492,0.9812193401120732,0
28493,0.7815840253494539,0
28494,0.9999999996240474,1
28495,0.9666561876057361,0
28496,0.9702748500316276,0
28497,0.9907245762687121,0
28498,0.8315365795199365,0
28499,0.984788364084443,0
28500,0.8827192014216815,0
28501,0.9814702771330788,0
28502,0.9870997180592458,0
28503,0.9898713312390539,0
28504,0.5362099735059979,0
28505,0.9772746988333563,1
28506,0.971893825110409,0
28507,0.6750797259143151,1
28508,0.9746196135935999,0
28509,0.964972301129289,0
28510,0.9913694768479335,0
28511,0.6978766078807244,1
28512,0.6157938211347108,0
28513,0.9903551102728748,0
28514,0.9390327684529178,1
28515,0.5131822139947321,1
28516,0.9768352128674862,0
28517,0.9892395199608878,0
28518,0.9883619962796194,0
28519,0.8385182149655712,0
28520,0.9919357489145959,0
28521,0.9396477593799221,0
28522,0.9705989743961578,0
28523,0.9797452895372932,0
28524,0.7086111153511823,0
28525,0.9797740490822303,0
28526,0.807205602600889,0
28527,0.6199814920972311,0
28528,0.8957770561568807,1
28529,0.8030315007357498,0
28530,0.9516746115581411,0
28531,0.7131766688944295,1
28532,0.992403048493097,0
28533,0.6808731068325365,1
28534,0.8407705420995932,1
28535,0.9999947267557658,1
28536,0.8657053185661447,0
28537,0.9907150737876842,1
28538,0.9891630609700645,0
28539,0.9509403868144839,0
28540,0.9643782083796973,0
28541,0.99242325647829,0
28542,0.9980944546399507,1
28543,0.8896574009884022,0
28544,0.8091460655536648,0
28545,0.8393427759331237,0
28546,0.9938756569448949,0
28547,0.9988925739693474,1
28548,0.9999999934299069,1
28549,0.9449707697927946,0
28550,0.8921698808553025,0
28551,0.8843324562855469,0
28552,0.8871613735817032,0
28553,0.9893794614466633,0
28554,0.9788753483583228,0
28555,0.9885599570554906,0
28556,0.9893139662710672,0
28557,0.9869625341792595,0
28558,0.9107144151182687,0
28559,0.6497715156936207,0
28560,0.6651306443333627,0
28561,0.5907598999074469,1
28562,0.999747050937157,1
28563,0.9428004613767578,0
28564,0.6837508852200535,1
28565,0.9999984286775349,1
28566,0.9919080152649936,0
28567,0.9953026435864438,1
28568,0.6394604731420761,1
28569,0.5063085089581749,1
28570,0.9232174556172589,0
28571,0.9999999999073006,1
28572,0.993678304147924,1
28573,0.9661472254545783,1
28574,0.9956868351704563,1
28575,0.9088383340962769,1
28576,0.9188714894119118,0
28577,0.9864562509739332,0
28578,0.9210579533407833,0
28579,0.9912391768371502,0
28580,0.926552747615962,0
28581,0.9163527288889302,0
28582,0.9504587714865623,0
28583,0.9935141224941407,0
28584,0.775152045059756,1
28585,0.8906914464034233,0
28586,0.8427793585736002,0
28587,0.9754092713059256,0
28588,0.9999999999999996,1
28589,0.919668303772421,0
28590,0.9871038139138363,0
28591,0.7636950898016842,1
28592,0.9660774648434653,1
28593,0.6919481114125938,0
28594,0.9907696299046139,0
28595,0.9302974991169684,0
28596,0.6974466733006265,0
28597,0.6786670523912302,1
28598,0.9826805873329539,0
28599,0.8902027725703234,1
28600,0.9649509497637772,1
28601,0.9619520326745397,0
28602,0.9645092790456369,1
28603,0.5473967178900875,0
28604,0.9736417753291633,0
28605,0.7553791170515805,0
28606,0.9631360138441842,0
28607,0.999967869436437,1
28608,0.9396609765705449,0
28609,0.6067824437851572,1
28610,0.9892640663678969,0
28611,0.8889638935795335,0
28612,0.9963856373206715,1
28613,0.9766615955088379,0
28614,0.9921374857490876,0
28615,0.6645767040298866,0
28616,0.8775453991610218,0
28617,0.9818101794875791,0
28618,0.999999970736893,1
28619,0.680041453347441,1
28620,0.8431735341322475,1
28621,0.7446608094003819,0
28622,0.9530658576396557,0
28623,0.5421603701865639,0
28624,0.9700261917941206,1
28625,0.9171548617669357,0
28626,0.7622848379039866,0
28627,0.9388460242689847,0
28628,0.8554908038933351,1
28629,0.9310488260298337,0
28630,0.9865419069757569,0
28631,0.6060817882382431,1
28632,0.9999999999451987,1
28633,0.9623536118218903,0
28634,0.9748904750340247,0
28635,0.9788913558982794,0
28636,0.9887790391009933,1
28637,0.7763801725809996,1
28638,0.9624782406991623,0
28639,0.9242595820004337,0
28640,0.8844931498848274,1
28641,0.991792131662904,0
28642,0.9999784001959595,1
28643,0.9842196397090749,0
28644,0.6344997844044846,0
28645,0.9839398365790062,0
28646,1.0,1
28647,0.9461306522581904,0
28648,0.9575945753351911,0
28649,0.6351411623756525,1
28650,0.98244275811855,0
28651,0.9641509311678702,1
28652,0.9923815167202701,0
28653,0.8896016896450529,0
28654,0.807678908038173,0
28655,0.885285074326591,1
28656,0.9766357651029849,0
28657,0.9738372219903221,1
28658,0.9883478705927025,0
28659,0.5317048666012307,1
28660,0.9800926778773927,0
28661,0.9604422476818204,0
28662,0.7847705938931756,0
28663,0.62928869223936,0
28664,0.9625555811432124,0
28665,0.9737020274261146,0
28666,0.9364471531981456,0
28667,0.9765212018210416,0
28668,0.937692179966176,0
28669,0.6911752615640497,1
28670,0.9068022044012259,0
28671,0.9840219534087596,0
28672,0.518854115147931,1
28673,0.9779923646167614,0
28674,0.9698426938035999,1
28675,0.993346150357609,0
28676,0.9449600552365472,0
28677,0.9862933309366547,0
28678,0.9786652701025739,0
28679,0.5799559113119488,0
28680,0.9999716157700175,1
28681,0.7499481441715806,1
28682,0.979298757985594,0
28683,0.8238911376202389,0
28684,0.9599298136385723,0
28685,0.8956108560621611,0
28686,0.9928690188534556,0
28687,0.9855682445573063,0
28688,0.9927677058492839,0
28689,0.9906578168204923,0
28690,0.9820308759533878,1
28691,0.9998027070101074,1
28692,0.9563710722452651,0
28693,0.9853253664989696,1
28694,0.5161423054556828,0
28695,0.9796621825241965,0
28696,0.6946552021869101,1
28697,0.8741781505431032,1
28698,0.9682673942965002,0
28699,0.998665272128284,1
28700,0.8866659742805961,0
28701,0.6976626319236771,0
28702,0.9895183770584816,0
28703,0.9955232293115291,0
28704,0.9922562838454287,0
28705,0.8390236893666297,0
28706,0.9184585592403227,0
28707,0.9998261937276341,1
28708,0.7593991468634534,0
28709,0.9915469616665719,0
28710,0.9999994925828777,1
28711,0.9999999999335161,1
28712,0.900312591584286,0
28713,0.9733602945825426,0
28714,0.9770664936646699,0
28715,0.750758370576553,1
28716,0.8643915310325373,0
28717,0.9788593290674609,1
28718,0.9389162719954686,0
28719,0.9770665712630062,0
28720,0.5355334788646461,0
28721,0.94669504205817,0
28722,0.9443189070016239,0
28723,0.9999962692024154,1
28724,0.9779418498783987,0
28725,0.9687514961932526,0
28726,0.9213520843973473,0
28727,0.9714277635381677,1
28728,0.982166394544076,0
28729,0.9823914598376443,0
28730,0.9912706048496636,0
28731,0.5661308580494082,0
28732,0.8367315080567685,0
28733,0.9929898575161157,1
28734,0.9988554443180455,1
28735,0.9941735950953968,1
28736,0.9930855017503686,0
28737,0.9582303479709515,0
28738,0.9778081840573092,0
28739,0.9915334887799527,0
28740,0.9913094315753832,0
28741,0.9836683392184862,0
28742,0.8235000751976523,0
28743,0.982506930621864,0
28744,0.838335435448821,0
28745,0.9284205388393698,0
28746,0.9720999632238964,0
28747,0.9858867681188779,0
28748,0.9667508474815123,0
28749,0.8979446865077052,0
28750,0.9928005661730371,0
28751,0.9724176310724336,1
28752,0.9495689158949375,0
28753,0.8197602554109987,0
28754,0.9999999999936247,1
28755,0.9915116824151078,0
28756,0.6686999504850839,0
28757,0.9926242609581858,0
28758,0.9992543054932349,1
28759,0.9999990301069105,1
28760,0.9998714600278049,1
28761,0.9390639402073221,0
28762,0.7185362274995243,1
28763,0.9653888891132182,0
28764,0.9641491973188531,0
28765,0.9823055147427826,0
28766,0.9758144158586168,0
28767,0.9936750229731119,1
28768,0.9820208757988169,0
28769,0.9947345452031031,0
28770,0.9834407713546441,0
28771,0.9999999230683739,1
28772,0.9999999999999831,1
28773,0.9541374182524346,0
28774,0.9752483209105792,0
28775,0.9710963036116732,1
28776,0.8960772408598215,0
28777,0.9685381524739145,0
28778,0.9300681876038253,1
28779,0.9758691717042949,0
28780,0.7287143482517394,1
28781,0.8444139804627702,0
28782,0.9889324675985497,0
28783,0.9821779608717998,0
28784,0.9834184178451175,1
28785,0.9742497412326081,0
28786,0.9955232293115291,0
28787,0.883492560097519,0
28788,0.9725903778773213,0
28789,0.7385413363727016,0
28790,0.9856114859081878,0
28791,0.9235989780269245,0
28792,0.9905791219428545,1
28793,0.9304904709437499,0
28794,0.881009474692652,0
28795,0.9999308165762942,1
28796,0.514642444970357,0
28797,0.8859660415269094,0
28798,0.9791817197980769,0
28799,0.9692252831470859,0
28800,0.9999638204510163,1
28801,0.9523785568911567,0
28802,0.9462666282357792,0
28803,0.9716683666914921,0
28804,0.985368643035866,0
28805,0.9998614765157176,1
28806,0.9623950361379952,1
28807,0.7829523286971177,1
28808,0.9779947710510608,1
28809,0.9289495223421819,0
28810,0.6010990603083883,0
28811,0.9357925440658162,0
28812,0.9997387893570874,1
28813,0.8617754538639614,0
28814,0.8913643984222017,0
28815,0.9784617750341545,0
28816,0.9901810801694093,0
28817,0.9999999999963343,1
28818,0.7640574149831205,0
28819,0.8267204799333192,1
28820,0.9999999995601687,1
28821,0.9743993040740484,0
28822,0.8618523993342052,0
28823,0.8119235904175873,1
28824,0.985007508435983,0
28825,0.9419811061285741,0
28826,0.9846343448637429,0
28827,0.9875081089625097,0
28828,0.8956914953836621,0
28829,0.5392182308462835,1
28830,0.7016870154257773,0
28831,0.8936712206557096,0
28832,0.9997651519862368,1
28833,0.9784725900259527,0
28834,0.8091525927660864,0
28835,0.963650073962285,0
28836,0.93087114187273,0
28837,0.9321098346419081,1
28838,0.9676180050763143,0
28839,0.5972196295970582,0
28840,0.6791095046423494,1
28841,0.9790226624762588,0
28842,0.9702152779490454,0
28843,0.9909233125166308,0
28844,0.9994708059966497,1
28845,0.9606146428779351,0
28846,0.5972418994111351,0
28847,0.66599337693422,1
28848,0.7218036168105301,0
28849,0.9323367325392502,0
28850,0.9463778339376495,0
28851,0.9850507323338621,0
28852,0.7484185535968173,0
28853,0.8343897327116198,0
28854,0.9893794614466633,0
28855,0.966868700117139,0
28856,0.9867358674778179,0
28857,0.5135145696335603,1
28858,0.5821289050299868,0
28859,0.9895044496863936,1
28860,0.9999898169553424,1
28861,0.895692393923172,0
28862,0.6232081207512227,1
28863,0.9261268087408326,0
28864,0.9996222626749754,1
28865,0.7454270939979105,0
28866,0.6829934500792186,1
28867,0.825434389702696,0
28868,0.8868662909611883,1
28869,0.9946167674099591,1
28870,0.998778809214667,1
28871,0.9576468702271779,0
28872,0.910332537750555,0
28873,0.88114260645654,1
28874,0.6577833524135036,0
28875,0.6178562245557743,0
28876,0.9903000704071554,0
28877,0.8394106644460056,1
28878,0.725977029210034,0
28879,0.5669500295448742,0
28880,0.8689277920940858,1
28881,0.9773640442358731,0
28882,0.8159533351027385,0
28883,0.9999999999999436,1
28884,0.9663071804192294,1
28885,0.9748437576404262,0
28886,0.999999971987252,1
28887,0.5396116018674835,0
28888,0.9896338679719863,1
28889,0.8960029592915856,0
28890,0.9666753108232368,0
28891,0.9880821752029987,0
28892,0.8146146550957032,1
28893,0.9800756763941751,1
28894,0.9581006460210298,0
28895,0.9908476888284367,0
28896,0.9999985781630102,1
28897,0.959405773590099,0
28898,0.9705730979917896,0
28899,0.9223491279260452,0
28900,0.9881330568955439,1
28901,0.9723263837892029,0
28902,0.9823419458398466,0
28903,0.8797633129443626,0
28904,0.999996378070471,1
28905,0.9930616436251853,1
28906,0.7999402091986142,0
28907,0.9866515530430303,1
28908,0.9999999999999714,1
28909,0.8730099530830341,1
28910,0.5360996129775435,0
28911,0.6137381967345081,1
28912,0.9931765268660834,0
28913,0.5874653576257509,1
28914,0.7498647618250016,0
28915,0.904808194335593,0
28916,0.9620822384011692,0
28917,0.7072165825745844,0
28918,0.9343510226874939,1
28919,0.8208554973690375,0
28920,0.9891885424542065,0
28921,0.9592028546791485,0
28922,0.619094970556205,0
28923,0.9899149498146438,0
28924,0.9978334073361331,1
28925,0.9999999277922142,1
28926,0.9617954175981813,0
28927,0.9047528709083039,0
28928,0.9896847429109111,0
28929,0.9999999999729394,1
28930,0.99969523237266,1
28931,0.9261393199773532,0
28932,1.0,1
28933,0.9989905500921478,1
28934,0.9183405264432435,0
28935,0.9924417093430419,0
28936,0.7007124655693697,1
28937,0.977033391493592,0
28938,0.9911193316819903,0
28939,0.9711951662882231,0
28940,0.947727551452463,0
28941,0.9836757608909165,0
28942,0.7517255728280362,0
28943,0.802464135218083,1
28944,0.9728460091075514,0
28945,0.9843938323206054,0
28946,0.9693063413045092,0
28947,0.9819606138313216,0
28948,0.9358283216403988,0
28949,0.8345632778224824,1
28950,0.9736986005387595,1
28951,0.9906840230109628,1
28952,0.9774658629056976,0
28953,0.9829284314237761,0
28954,0.6621642331829494,1
28955,0.578515894668886,0
28956,0.6824904292881491,0
28957,0.9854150444408614,0
28958,0.7739572364111345,1
28959,0.6623457103934693,0
28960,0.7105626712728301,0
28961,0.615579626042356,1
28962,0.7832337827976146,0
28963,0.8324783629161605,0
28964,0.5808603988903868,0
28965,0.8859488685101823,1
28966,0.9850616184322575,0
28967,0.9800146492146352,1
28968,0.9871661297820283,0
28969,0.9711731912188236,1
28970,0.625554883423765,0
28971,0.6173452378684252,0
28972,0.9216493506538168,0
28973,0.9496401379191469,0
28974,0.9592229427649697,0
28975,0.9999292425851519,1
28976,0.6000251992110399,0
28977,0.874566245482674,0
28978,0.905988982502932,1
28979,0.8722852057060889,0
28980,0.9739525882653861,0
28981,0.7672698367133122,0
28982,0.9470641097037565,0
28983,0.9654252757442582,0
28984,0.9598534284979812,1
28985,0.9853061782234842,0
28986,0.8562939494538719,1
28987,0.7982032330346149,1
28988,0.6123858305611758,0
28989,0.9544407583578642,0
28990,0.5847466917125861,0
28991,0.8166546197107534,0
28992,0.6204960868037432,1
28993,0.8481959884069119,1
28994,0.9560005089430614,0
28995,0.9999754543461595,1
28996,0.990892918514765,0
28997,0.9481000853240347,1
28998,0.7188053464898195,1
28999,0.8192906635390063,0
29000,0.5008924023698491,1
29001,0.999265188109207,1
29002,0.5688723212531962,0
29003,0.9934223928467859,0
29004,0.5221844945227332,1
29005,0.9827396436664464,0
29006,0.9916048691169719,0
29007,0.9920324433387192,0
29008,0.6531787758813448,0
29009,0.9499327510658784,0
29010,0.8719930218171007,1
29011,0.9758199595886669,0
29012,0.9697760261224863,0
29013,0.5529112516218334,0
29014,0.9028795731336835,0
29015,0.9395356184090818,1
29016,0.9070582648566284,0
29017,0.9999999373656518,1
29018,0.984589314717041,0
29019,0.9350267667466374,0
29020,0.505844766542314,0
29021,0.9999275375498383,1
29022,0.5221950572676826,1
29023,0.9935463669436,0
29024,0.9874074859229816,0
29025,0.6360271099831549,0
29026,0.8679812723801142,0
29027,0.7559574506954461,1
29028,0.9981245576786965,1
29029,0.7028960885907107,0
29030,0.8476825187619837,0
29031,0.650916519551183,0
29032,0.9627002145301358,0
29033,0.9802250761208551,0
29034,1.0,1
29035,0.567135249611155,0
29036,0.9796585109776655,0
29037,0.9981183665027065,1
29038,0.9904506293908285,0
29039,0.5624995967187176,1
29040,0.9391115161606172,1
29041,0.9397834549407929,0
29042,0.8045160926553322,1
29043,0.9785201710423576,0
29044,0.9835156064921077,0
29045,0.9780923506947071,0
29046,0.961791782686971,1
29047,0.7260335236802491,1
29048,0.991792131662904,0
29049,0.9891630609700645,0
29050,0.9447908733414219,1
29051,0.7987833665676697,0
29052,0.7187596984172211,0
29053,0.9423165650714614,0
29054,0.7358325931456339,1
29055,0.9878233501012407,0
29056,0.6631401321583335,1
29057,0.9985379861928455,1
29058,0.7695692882091998,0
29059,0.6542487297398377,1
29060,0.9243469624110686,0
29061,0.9648210011073132,0
29062,0.96268691153634,0
29063,0.6329462463955399,1
29064,0.611865072660171,1
29065,0.9340324368397793,0
29066,0.8206130402146373,0
29067,0.8179385332464039,0
29068,0.973617938769009,0
29069,0.885360713051363,1
29070,0.6860347633813669,0
29071,0.6400675558515496,1
29072,0.9251960093934111,0
29073,0.9999998193436713,1
29074,0.5950015622437164,0
29075,0.9515035443815498,0
29076,0.9848372280748434,0
29077,0.725861262761234,0
29078,0.9576219111555699,0
29079,0.9727243965449032,1
29080,0.8262714196119141,0
29081,0.934390785951276,1
29082,0.9732015526485444,0
29083,0.9751502919582511,0
29084,0.6264404699885363,0
29085,0.9421187729059,0
29086,0.9582521108700597,0
29087,0.6253533351726639,1
29088,0.9340949611991888,1
29089,0.649552751740493,0
29090,0.9995339212326074,1
29091,0.9808937637238517,1
29092,0.6284299208952038,0
29093,0.9812728924065404,1
29094,0.8973360175285796,0
29095,0.9886946967251896,0
29096,0.9842009246850806,0
29097,0.9837167686356733,0
29098,0.9999999346063809,1
29099,0.8645352701933863,1
29100,0.892176962759447,0
29101,0.9913130738059379,0
29102,0.9241042717478342,0
29103,0.9999999997613793,1
29104,0.9146767355436172,0
29105,0.9046160834148927,0
29106,0.9894396512082236,0
29107,0.9658260587739258,0
29108,0.7587799997743009,0
29109,0.9672085143508566,0
29110,0.8079610331431153,1
29111,0.9708798394453381,0
29112,0.9999919432790567,1
29113,1.0,1
29114,0.6761428954344602,0
29115,0.7404236462798924,0
29116,0.9874550299619913,0
29117,0.9922562838454287,0
29118,0.9924323251303934,1
29119,0.9436341341769804,0
29120,0.9928690188534556,0
29121,0.9835678411454296,0
29122,0.8031669525626997,1
29123,0.9220485358261996,0
29124,0.8148883464019953,0
29125,0.9692989914245854,0
29126,0.9777271177703538,0
29127,0.9448997826044071,0
29128,0.9468087931963706,0
29129,0.6089587963122962,1
29130,0.8276292364357544,0
29131,0.8609808533667476,0
29132,0.9915005451540388,0
29133,0.9042488893223475,0
29134,0.6040993411297879,1
29135,0.9835694685347139,0
29136,0.9911545678143093,0
29137,0.785723241825821,0
29138,0.9834931237447548,0
29139,0.8620989120150634,1
29140,1.0,1
29141,0.9881774419622595,0
29142,0.5876335957550614,1
29143,0.9999999999541711,1
29144,0.9949091552336575,1
29145,0.9996398049510685,1
29146,0.9812499573409362,1
29147,0.992429884448797,0
29148,0.9889663632781835,0
29149,0.9879116812570186,0
29150,0.9918078117511205,0
29151,0.9767309090841858,0
29152,0.7134639817620705,0
29153,0.7393577855725937,1
29154,0.9927535478448886,0
29155,0.9999110483782013,1
29156,0.9124477847001756,0
29157,0.9241431231109248,1
29158,0.989012369658503,0
29159,0.898296850041817,1
29160,0.989342685612793,0
29161,0.9999974330187524,1
29162,0.9829517038824989,0
29163,0.9999999999107567,1
29164,0.7573178348019186,0
29165,0.8336590120034243,1
29166,0.989933212847144,0
29167,0.978341877620759,0
29168,0.8889249748200578,0
29169,0.6128090309109808,0
29170,0.9195327069727507,1
29171,0.9931236394888553,0
29172,0.8581853466240323,0
29173,0.9892876057396446,0
29174,0.9561090685546332,1
29175,0.9807100417779946,0
29176,0.9846738891953916,0
29177,0.5704310428445818,1
29178,0.9839970280678668,0
29179,0.6629823357757579,0
29180,0.9999748816772294,1
29181,0.9998944084909009,1
29182,0.9999951178748597,1
29183,0.9786457222015564,0
29184,0.9907288488916937,0
29185,0.95032042190531,0
29186,0.9912954975403946,0
29187,0.9375473852795927,0
29188,0.5340615813299633,1
29189,0.9621588106635333,0
29190,0.8952636617583092,0
29191,0.9999671452814447,1
29192,0.9887695585406842,0
29193,0.9908826141154538,0
29194,0.6714193667856337,0
29195,0.714212607553026,0
29196,0.9725682375339969,0
29197,0.9886345583378284,0
29198,0.7030239247948779,0
29199,0.9894769735427132,0
29200,0.988566052470579,0
29201,0.9509537363269261,0
29202,0.9655273412155428,0
29203,0.9870125809450749,0
29204,0.975815232070567,0
29205,0.9364737940714986,0
29206,0.9999999999999543,1
29207,0.9783532702815746,0
29208,0.9674780643100166,0
29209,0.9278797626114835,0
29210,0.9589133042848141,0
29211,0.5212713524555088,1
29212,0.9998934391651049,1
29213,0.9692390418467274,0
29214,0.9592945086423762,0
29215,0.814313476533515,1
29216,0.9690584723158872,0
29217,0.9905108048319993,0
29218,0.6689679288884358,0
29219,0.6558360301479783,0
29220,0.5340605327247531,0
29221,0.9891219804545714,0
29222,0.9650640328870662,0
29223,0.8860486580812321,0
29224,0.6791531302319517,0
29225,0.8832149191572292,0
29226,0.856596550000383,0
29227,0.5780042472787056,1
29228,0.7354808704644432,0
29229,0.9894032235162203,0
29230,0.9906579627828352,1
29231,0.9882159433740555,0
29232,0.5646017379401329,1
29233,0.9851950521788372,0
29234,0.9925802053908152,0
29235,0.6823643910751813,0
29236,0.999999844061694,1
29237,0.9841504710007517,0
29238,0.8799960374760345,0
29239,0.6210602165858312,0
29240,0.8566603399021548,0
29241,0.9664959652982976,0
29242,0.997405044635988,1
29243,0.956463576388479,1
29244,0.9939021045157558,0
29245,0.9455174375620499,0
29246,0.9822299478163917,1
29247,0.5269123296046592,1
29248,0.9887729901759651,0
29249,0.9743407500610634,0
29250,0.9697637731472998,1
29251,0.832361371835929,0
29252,0.8880475935211616,0
29253,0.9849930262151272,0
29254,0.8459625348651447,0
29255,0.9919080152649936,0
29256,0.991804686637774,0
29257,0.550517719147579,0
29258,0.9515293892478778,0
29259,0.9112796752219321,0
29260,0.9411650169748225,1
29261,0.9831094157424468,0
29262,0.6539800077415592,0
29263,0.991804686637774,0
29264,0.6602997205094486,1
29265,0.9643491407512892,0
29266,0.9868654981441995,0
29267,0.8854024719822101,0
29268,0.6787465869571249,0
29269,0.7506177416820407,0
29270,0.9967345313359701,1
29271,0.9651925945057143,0
29272,0.9912323881099309,0
29273,0.9955232293115291,0
29274,0.7931661718208943,0
29275,0.9885908945090921,0
29276,0.9982021890061199,1
29277,0.972844610557215,0
29278,0.8298788060448294,0
29279,0.9569120968406687,0
29280,0.9158499048079854,0
29281,0.9999999566391136,1
29282,0.9206570116250637,0
29283,0.6043898556825826,0
29284,0.9901224452565867,0
29285,0.9207406248005721,0
29286,0.9815677594227263,0
29287,0.810994848631093,1
29288,0.9922655376018615,0
29289,0.9936453194220732,0
29290,0.5961668151618061,1
29291,0.9996599350442512,1
29292,0.6803278842412754,0
29293,0.9774512745709149,0
29294,0.9882421447596051,0
29295,0.9845154176560125,0
29296,0.9724086501478392,0
29297,0.778061060683865,0
29298,0.9881793230211278,0
29299,0.9889776249832196,0
29300,0.9932739147445867,0
29301,0.6455267123823718,0
29302,0.9847856248447118,0
29303,0.9902242994200394,1
29304,0.854822351517059,0
29305,0.9900056742790525,0
29306,0.9441696233766119,0
29307,0.9889255694497467,0
29308,0.94795040158564,0
29309,0.8405695552133656,0
29310,0.9491107925504486,0
29311,0.9999994496642883,1
29312,0.985840220563759,0
29313,0.9836673462363328,0
29314,0.9521905607422749,0
29315,0.9803143448739473,0
29316,0.9345814073862984,0
29317,0.9984656555283511,1
29318,0.9783051068368606,1
29319,0.6884654699070858,0
29320,0.863057308974857,1
29321,0.7350635293655113,0
29322,0.5110658646539258,0
29323,0.7772690481457917,0
29324,0.658164729924333,0
29325,0.9999999415634705,1
29326,0.9192445531067865,1
29327,0.9984103841133488,1
29328,0.642203071497691,1
29329,0.9898650969806746,0
29330,0.9826488480769492,0
29331,0.9372457240638699,1
29332,0.9998265906878105,1
29333,0.9930473435791694,0
29334,0.7448714025840367,1
29335,0.713904216956917,0
29336,0.984451709372204,0
29337,0.9958675040692276,1
29338,0.9782265659832933,1
29339,0.7343991928004827,0
29340,0.939257717656468,0
29341,0.5721568875969644,1
29342,0.9942895306229171,0
29343,0.9753995771512475,0
29344,0.8638537526761333,0
29345,0.8131775353086705,0
29346,0.9880436113361406,0
29347,0.9999998364393954,1
29348,0.9922698506787705,0
29349,0.9769586976675155,0
29350,0.9854093667473665,0
29351,0.9386394341817406,0
29352,0.9789776128153552,0
29353,0.940744414707815,0
29354,0.8755229027215979,0
29355,0.9822107556460798,0
29356,0.9907961770646241,0
29357,0.9732241149675692,1
29358,0.9999995188364741,1
29359,0.969423630759141,0
29360,0.8194185586334966,1
29361,0.7538221503423328,1
29362,0.9997768897173102,1
29363,0.7429277543683804,0
29364,0.9902560036430519,0
29365,0.9836913339303097,0
29366,0.9014451766185649,0
29367,0.9999696074293841,1
29368,0.9954623283194322,0
29369,0.9819685721289831,0
29370,0.9881683842384942,0
29371,0.8363279512631149,1
29372,0.911930348848278,1
29373,0.988705249674491,0
29374,0.9853133884126531,0
29375,1.0,1
29376,0.9778639757315961,1
29377,0.7511180826305743,1
29378,0.9859793070733414,1
29379,0.9591198813944929,1
29380,0.9967585148491255,1
29381,0.760233429694715,1
29382,0.9063486018186051,0
29383,0.8285936232830294,0
29384,0.9157584475024123,0
29385,0.9774797325680505,0
29386,0.984648251848713,0
29387,0.9852282912081525,0
29388,0.9823055147427826,0
29389,0.9836071066710205,0
29390,0.9683048831203142,0
29391,0.7202085470067232,0
29392,0.8176647116979422,0
29393,0.5675584957178468,1
29394,0.9863183328247488,0
29395,0.9790456299789486,0
29396,1.0,1
29397,0.9999999948563874,1
29398,0.9820338986591487,1
29399,0.9797631013390785,0
29400,0.9504503327930562,0
29401,0.977621726813638,0
29402,0.5741127704753781,0
29403,0.9682436199785468,0
29404,0.9896454244669004,0
29405,0.9647431864481021,0
29406,0.566628275677659,0
29407,0.9585489171625536,0
29408,0.7860495761770885,0
29409,0.9555863228115352,0
29410,0.984108282353057,0
29411,0.7667796374915453,0
29412,0.6174685847313806,0
29413,0.9881992018799348,0
29414,0.9820073918402765,0
29415,0.8836198245977306,1
29416,0.99221713823156,0
29417,0.7404439745939271,1
29418,0.9294264333435367,0
29419,0.8396523101795518,0
29420,0.9962514611479509,1
29421,0.9914015610615019,0
29422,0.7864104510161654,1
29423,0.9708252962746508,0
29424,0.9924648983051123,1
29425,0.9999999659069082,1
29426,0.9393310057000289,0
29427,0.7880145314113506,0
29428,0.9999999999999858,1
29429,0.8513189786103755,0
29430,0.8305890836286293,0
29431,0.974204999022835,0
29432,0.9413613925122291,1
29433,0.9999999993069375,1
29434,0.9531809033773871,1
29435,0.9787353577216537,1
29436,0.8006200103796509,0
29437,0.9898546720904311,0
29438,0.9710498726982939,0
29439,0.9871432497308513,0
29440,0.947281017252497,0
29441,0.8397701824486078,0
29442,0.612295654132166,0
29443,0.9508912969210563,0
29444,0.954720005295165,0
29445,0.9820881009279672,0
29446,0.9999928680425424,1
29447,0.978620974410894,0
29448,0.958538613545004,1
29449,0.9895609632398842,0
29450,0.9323009205775419,0
29451,0.6598974646445269,1
29452,0.8085147257588197,0
29453,0.5595625134322768,0
29454,0.7009464163184981,0
29455,0.9915372619689982,0
29456,0.7772554170968168,0
29457,0.5026128420481174,1
29458,0.9761615723484194,0
29459,0.9879323619319526,0
29460,0.9809863487747847,0
29461,0.9870683986380329,0
29462,0.9339487828217956,0
29463,0.8053310572346012,1
29464,0.7189238449360408,1
29465,0.9845238754780997,0
29466,0.999300967750153,1
29467,0.8734938189278144,0
29468,0.5993924305952211,0
29469,0.9999999999993872,1
29470,0.9737092574212798,1
29471,0.7644002677290579,0
29472,0.8190374711879151,1
29473,0.8999330203260991,0
29474,0.9810595502672242,0
29475,0.9755740538497629,0
29476,0.9478429580722394,0
29477,0.9573221362635036,0
29478,0.8420574831012698,0
29479,0.9513721612093426,0
29480,0.963567265945236,0
29481,0.8522541248997778,0
29482,0.690310116753511,0
29483,1.0,1
29484,0.976247623590966,0
29485,0.9894157009162071,0
29486,0.9607119292319272,0
29487,0.9850453858347519,1
29488,0.7427029752069121,1
29489,0.7253651007405458,0
29490,0.9911829802160725,0
29491,0.9412902315400579,0
29492,0.9739888276576163,0
29493,0.9999879970726595,1
29494,0.9557517623604371,0
29495,0.9999999999938445,1
29496,0.9203991215968095,0
29497,0.68410567538082,0
29498,0.9960394065254832,1
29499,0.99998844547648,1
29500,0.9891489277640944,0
29501,0.5285921951827389,1
29502,0.9543752443022501,0
29503,0.9841726503459779,0
29504,0.9126435134311655,1
29505,0.9570990218251427,0
29506,0.661458840208496,0
29507,0.8234268112780568,1
29508,0.669768811940062,1
29509,0.949467902695101,1
29510,0.8163484949388315,0
29511,0.9464271835612871,1
29512,0.667044749348311,0
29513,0.6514798924570464,0
29514,0.7421451398226941,1
29515,0.5675196220596946,1
29516,0.9999942544255269,1
29517,0.7715071050391342,0
29518,0.9523437405161211,0
29519,0.9536053664114506,0
29520,0.9836497094969169,1
29521,0.7683431392964942,0
29522,0.9099219128259856,0
29523,0.8654770877457345,0
29524,0.7533071515100069,0
29525,0.9392181141000248,0
29526,0.9184025958174082,1
29527,0.9999786815091812,1
29528,0.9999999999999969,1
29529,0.9953192323894381,1
29530,0.9999999999425988,1
29531,0.9492672494341138,0
29532,0.5470752882185302,0
29533,0.9704870174068871,0
29534,0.7655662741168154,0
29535,0.9333462992618995,1
29536,0.9999994352407988,1
29537,0.9999946757863222,1
29538,0.9731925513827114,0
29539,0.5071654613780583,0
29540,0.9999999918593852,1
29541,0.8340947930797165,0
29542,0.9999999999941773,1
29543,0.6268111637794095,1
29544,0.9813901586488027,0
29545,0.749496644974107,0
29546,0.93611359236731,1
29547,0.9957010015184343,1
29548,0.6863980931015324,1
29549,0.9045241957878424,0
29550,0.9935540077826945,0
29551,0.8480173920598911,0
29552,0.973269455698003,0
29553,1.0,1
29554,0.9566842337903418,0
29555,0.9999968630288067,1
29556,0.538234061022597,1
29557,0.9683182296185548,0
29558,0.9998416753237525,1
29559,0.8841325780479243,1
29560,0.9669279501417904,0
29561,0.9982719921988059,1
29562,0.968813888811601,0
29563,0.8868254417191503,0
29564,0.9593444082174126,0
29565,0.5930144545507644,1
29566,0.9791299047128963,0
29567,0.8516527098579726,1
29568,0.6304388624128096,0
29569,0.9998474733929141,1
29570,0.7656136947395921,0
29571,0.9654671914479642,0
29572,0.9999999999999964,1
29573,0.919920158894681,0
29574,0.6531932488613965,0
29575,0.9648751048541532,0
29576,0.6936864557079807,1
29577,0.9825425528919797,0
29578,0.5689087913741179,0
29579,0.998402299718849,1
29580,0.615248453234283,1
29581,0.9693401541316956,0
29582,0.7059240607772176,0
29583,0.9932823873101716,1
29584,0.8735287624188418,1
29585,0.9739530086368626,0
29586,0.9821439584975582,0
29587,0.9750623875132725,0
29588,0.8836746400264446,0
29589,0.977557165013782,0
29590,0.875692916786526,0
29591,0.9807791605125347,0
29592,0.8804565131301826,1
29593,0.9040995399542552,0
29594,0.9947831651717337,1
29595,0.9999979446217686,1
29596,0.9832988713239609,0
29597,0.6129287033434138,1
29598,0.9768316536437547,0
29599,0.9869219861407588,0
29600,0.9638047392729725,0
29601,0.9145836358338513,0
29602,1.0,1
29603,0.932295279394554,0
29604,0.9269980324402156,0
29605,0.9445176767578435,0
29606,0.9904712530718526,0
29607,0.9914809797286773,0
29608,0.6285654637946875,0
29609,0.9997594803902355,1
29610,0.9450178330785117,0
29611,0.8584925012801713,1
29612,0.9880846837887187,0
29613,0.9813873449838942,1
29614,0.8890524508173132,0
29615,0.8463701864522383,0
29616,0.8498289681441829,1
29617,0.7057996520382602,0
29618,0.9552986173450815,0
29619,1.0,1
29620,0.8918036400342744,0
29621,0.9841394379662589,0
29622,0.9935146451656883,0
29623,0.7926742487785982,1
29624,0.817279231655387,0
29625,0.9965954877810507,1
29626,0.9692624398756393,0
29627,0.9906919470716972,0
29628,0.9740822181012888,0
29629,0.8195193645290805,1
29630,0.996505330622661,1
29631,0.9900996501294901,0
29632,0.6692111834695124,1
29633,0.9744568880004576,0
29634,0.9783530715035339,0
29635,0.9999999999986375,1
29636,0.6635799278599607,1
29637,0.9889712309773103,0
29638,0.9691758922310006,0
29639,0.9857974480360022,0
29640,0.6842156292729602,1
29641,0.977998282376202,0
29642,0.9788994813541054,0
29643,0.987978149442621,0
29644,0.9567851243037693,0
29645,0.9854012647205384,0
29646,0.5057994685216116,0
29647,0.9887984498625617,0
29648,0.9999999998806188,1
29649,0.9999984446808354,1
29650,0.6279535211892656,0
29651,0.988324728076048,0
29652,0.9035094128485641,0
29653,0.9539909425410587,0
29654,0.9412751828844318,0
29655,0.96763068057855,0
29656,0.8876838155061618,0
29657,0.8393477819047414,1
29658,0.9811274486163027,0
29659,0.8972074895277004,0
29660,0.9478491691554676,0
29661,0.9116875552038174,0
29662,0.8503021932681752,0
29663,0.9999999783402072,1
29664,0.9999999990808728,1
29665,0.9518025101961732,0
29666,0.6656280778772722,0
29667,0.6595641164584259,1
29668,0.9647207267392991,1
29669,0.987265144006246,0
29670,0.9550358794350104,0
29671,0.9863155474573144,0
29672,0.9980927149470467,1
29673,0.9801172463676039,0
29674,0.9803586725929737,0
29675,0.9909300912323142,0
29676,0.8795086141210596,0
29677,0.9141724747400991,1
29678,0.9999940595410877,1
29679,1.0,1
29680,0.6166336283304018,0
29681,0.7713053218583021,0
29682,0.9335534430341377,0
29683,0.974864518597552,1
29684,0.9808374256631669,0
29685,0.9998610699507865,1
29686,0.5607497943788361,0
29687,0.9999880697550274,1
29688,0.7438732973911615,0
29689,0.9876675088494522,0
29690,0.9999600892907505,1
29691,0.8989821610915874,1
29692,0.9824016181486489,0
29693,0.8854464805842605,1
29694,0.9891761869894061,0
29695,0.976680659137662,0
29696,0.970234816661876,0
29697,0.9441006330182561,0
29698,0.9999998529940312,1
29699,0.9999999999428058,1
29700,0.9221783303569936,0
29701,0.9783874703010416,0
29702,0.9897567898195883,0
29703,0.5081903341378224,1
29704,0.7629095427871609,0
29705,0.9989240438149986,1
29706,0.9766639627326613,0
29707,0.9053164668576175,0
29708,0.9558652187144357,0
29709,0.9999999999769911,1
29710,0.7145857767749114,0
29711,0.7038730939050415,0
29712,0.9911283516371093,1
29713,0.5963753089300822,1
29714,0.989171754133806,0
29715,0.9548404530085812,0
29716,1.0,1
29717,0.993392538746952,0
29718,0.8766190429105893,0
29719,0.9983020956047597,1
29720,0.9999491362501838,1
29721,0.9859835629743954,1
29722,0.9827269318056874,1
29723,0.9359652814372577,1
29724,0.9443491774019975,1
29725,0.9740850815435972,1
29726,0.6105102300356826,0
29727,0.9713507701471489,0
29728,0.6529380236338821,0
29729,0.9491395727175619,0
29730,0.8020756814297538,0
29731,1.0,1
29732,0.7260187305294639,1
29733,0.9955597641596668,1
29734,0.7817478678456524,1
29735,0.9754843328731068,0
29736,0.9322977012578467,0
29737,0.7776800981742755,0
29738,0.948548067918041,0
29739,0.6045976886442754,0
29740,0.9306689897889845,0
29741,1.0,1
29742,0.9902448018730394,0
29743,0.6285619990382578,0
29744,0.6869600885204699,0
29745,0.9999998429496441,1
29746,0.8746538059318058,0
29747,0.5906160575409242,1
29748,0.9768129950220735,0
29749,0.8303051120737323,0
29750,0.795550664700189,0
29751,0.8408101274758825,0
29752,0.8550616596622951,0
29753,0.9868562545296335,0
29754,0.8171922959431219,0
29755,0.7580928204938983,0
29756,0.7496906298533457,0
29757,0.9308243354666321,0
29758,0.9574263917865321,0
29759,0.9842966963682301,0
29760,0.9835299296790446,0
29761,0.5686167358128951,0
29762,0.9342097845512244,0
29763,0.9235741438617436,0
29764,0.9964781506272067,1
29765,0.9744331087023776,0
29766,0.9996796161900988,1
29767,0.9851315134671135,0
29768,0.9846371776525958,0
29769,0.9999999999998899,1
29770,0.973888579840026,0
29771,0.9999998362057881,1
29772,0.992310728049299,1
29773,0.9652590127671395,0
29774,0.8467327106259221,1
29775,0.9726771981054873,0
29776,0.9858274324272076,0
29777,0.9948326964552735,0
29778,0.9998736246057238,1
29779,0.9393649965214501,0
29780,0.7848187570632721,1
29781,0.8381962620520601,1
29782,0.8219549329897465,1
29783,0.9881763487759174,0
29784,0.8522496888138921,0
29785,0.6934401638970797,1
29786,0.9999829438007007,1
29787,0.9866809951566996,0
29788,0.9718420881378463,0
29789,0.9882309184122041,0
29790,0.6396637282565356,0
29791,0.70716029008983,0
29792,0.7990662838026213,0
29793,1.0,1
29794,0.9244705085355206,0
29795,0.9631152647010266,0
29796,0.9155339718477239,0
29797,0.9348302702978363,0
29798,0.9999505591472122,1
29799,0.8116979973596339,0
29800,0.8768174882802938,1
29801,0.6898081362359805,1
29802,0.9999936385760985,1
29803,0.8172489430375167,0
29804,0.8256106031754279,0
29805,0.5448628856923211,0
29806,0.8700915439788399,0
29807,0.9731344151361153,0
29808,0.5399757977892401,0
29809,0.9880070133186982,0
29810,0.6604226556691636,1
29811,0.5216102579507716,0
29812,0.5734585875770094,1
29813,0.976230425337917,0
29814,0.9815079014432315,1
29815,0.9835132916732552,0
29816,0.9885330488391357,0
29817,0.8180033322530903,1
29818,0.9575870207498145,0
29819,0.8873368983975216,1
29820,0.9789789158058936,0
29821,0.960144865511383,0
29822,0.8398226145926762,0
29823,0.984590766561836,0
29824,0.9792633776142146,0
29825,0.8114926960577475,0
29826,0.7891125941130391,0
29827,0.9743738788822763,0
29828,0.9792661291220602,0
29829,0.9964163332516253,1
29830,0.9812782919899156,0
29831,0.9999994380622117,1
29832,0.7000621565692188,0
29833,0.9998829061611457,1
29834,0.9667052456677073,0
29835,0.6615656267099173,1
29836,0.9699300338787483,0
29837,0.9552450265018678,0
29838,0.977429950131425,0
29839,0.9711279824841329,0
29840,0.951346950001625,0
29841,0.9885244951952477,0
29842,0.9691115853826708,0
29843,0.6678590928807281,0
29844,0.8343539644982032,0
29845,0.999314171981614,1
29846,0.8027179326712574,0
29847,0.9838603413529629,0
29848,0.949182183336612,0
29849,0.9874019345079068,0
29850,0.7121161240279448,1
29851,0.9901053836030151,0
29852,0.9876699295021732,0
29853,0.9999307803934787,1
29854,0.9611487487669264,0
29855,0.9915851704499021,0
29856,0.9830274102573434,0
29857,0.9917253461315085,0
29858,0.5632117497353605,1
29859,0.9611618055803459,0
29860,0.9909887298185694,0
29861,0.9350094708679896,0
29862,0.931949309289795,0
29863,0.9994501826700489,1
29864,0.954876865494218,1
29865,0.9217083815874357,0
29866,0.9064211420245214,0
29867,0.7666827778073209,0
29868,0.9413076406581437,0
29869,0.9709919913053153,1
29870,0.8874144035385204,0
29871,0.5666066340704345,1
29872,0.9852144007995723,0
29873,1.0,1
29874,0.9764469453120972,0
29875,0.9635515412106371,0
29876,0.9617201866327033,0
29877,0.7713594248924704,0
29878,0.92589749568567,0
29879,0.9999969260020763,1
29880,0.8605197809733494,1
29881,0.9864456837896004,0
29882,0.9839309354711833,0
29883,0.9388359569387,0
29884,0.9876900327864717,0
29885,0.9836294755478788,0
29886,0.7281482985038331,0
29887,0.9934296681295146,0
29888,0.9863040113364282,0
29889,0.9966325794342683,1
29890,0.9781639021350216,0
29891,0.9648609465669271,0
29892,0.9901948106145629,0
29893,0.9407005811382044,0
29894,0.9716622356305972,0
29895,0.9883761899535439,0
29896,0.85659153000444,0
29897,0.9881252911573629,0
29898,0.5460683944662879,1
29899,0.6359842622781632,1
29900,0.8373703078862963,0
29901,0.661527724433081,0
29902,0.8280060386108544,0
29903,0.6673018359851886,0
29904,0.9845278885264847,0
29905,0.7178799270183287,0
29906,0.9518115217616893,0
29907,0.9854907341607895,0
29908,0.9893794614466633,0
29909,0.9892804436179363,0
29910,0.8411645995681462,1
29911,0.9999999999999993,1
29912,0.6474063808994683,1
29913,0.9663018778281226,0
29914,0.8386603483950205,1
29915,0.978532343931668,0
29916,0.973015367048605,0
29917,0.9903437774030507,1
29918,0.991362475226038,0
29919,0.9763510951589761,0
29920,0.9612016296011973,0
29921,0.6201787847424118,0
29922,0.9671616070463679,0
29923,0.5333888677671685,0
29924,0.9257918809762286,0
29925,0.9916955762482004,0
29926,0.5815149439460007,1
29927,0.8936067266820297,0
29928,0.5430483125463113,1
29929,0.9848256078413864,0
29930,0.9922562838454287,0
29931,0.7788938593164989,1
29932,0.9747238743800823,1
29933,0.8535475099556835,0
29934,0.9661232211847538,0
29935,0.798467050162362,1
29936,0.8461957107202245,0
29937,0.8760146289898916,0
29938,0.6942971917139573,0
29939,0.9999708218794666,1
29940,0.9916254388432912,0
29941,0.9020072927830164,0
29942,0.9863448470736972,0
29943,0.949033403851097,0
29944,0.9927757259635847,0
29945,0.9893538913588142,0
29946,0.6973241140989567,1
29947,0.8025018349014413,0
29948,0.5144833411258474,0
29949,0.5161267420931117,1
29950,0.9346509008324421,0
29951,0.9899714937897612,0
29952,0.8495034962460619,0
29953,0.8973996157758897,0
29954,0.8838358231828068,0
29955,0.8423486196226743,1
29956,0.9597915157443695,0
29957,0.9856649343682705,0
29958,0.9813760387467695,0
29959,0.9999999999987397,1
29960,0.6987126934868688,0
29961,0.9725421930303986,0
29962,0.9676023323531067,0
29963,0.9803540651548235,0
29964,0.7696389391451319,0
29965,0.79021888075953,0
29966,0.9017492579511982,0
29967,0.9809228993370837,0
29968,0.9786898283864836,0
29969,0.9837977144939712,0
29970,0.7802146638104897,0
29971,0.970374970174739,0
29972,0.9735664300026522,0
29973,0.7991855557530357,0
29974,0.885479330947601,0
29975,0.7250276332239044,1
29976,0.9057286533802972,1
29977,0.950117555509236,0
29978,0.6956128432822668,0
29979,0.9961755382057479,1
29980,0.9843727949619682,1
29981,0.9129859094867717,0
29982,0.9999438342890056,1
29983,0.926804114889501,0
29984,0.9500477039243888,0
29985,0.7888997051009297,0
29986,0.9829732329443016,0
29987,0.9736052082558064,0
29988,0.7033450098761784,0
29989,0.7395228556620247,0
29990,0.7980412544619222,0
29991,0.7061203145497554,0
29992,0.9852515270622343,0
29993,0.9994828701258415,1
29994,0.9442408178680034,0
29995,0.9305394536776744,0
29996,0.9723464715628903,0
29997,0.8431065437497439,1
29998,0.7914911561045381,1
29999,0.9877082423834443,1
30000,1.0,1
30001,0.5464693522190496,0
30002,0.6292281464151568,1
30003,0.9406693160691252,0
30004,0.7667402582786265,0
30005,0.92868682024431,1
30006,0.5916183940089184,0
30007,0.9999993394142831,1
30008,0.9811694282635363,0
30009,0.9999999128747281,1
30010,0.9842204864524977,0
30011,0.5252493649490967,1
30012,0.9999999963074102,1
30013,0.909342073919477,1
30014,0.9872928880760136,0
30015,0.7582731944069135,0
30016,0.5654182850772715,1
30017,0.5397791687654145,0
30018,0.9838249210172995,0
30019,0.8832662048551734,0
30020,0.9463740962950263,0
30021,0.9323311928909356,0
30022,0.9587826047862253,0
30023,0.9373934315334798,0
30024,0.917251715166006,0
30025,0.6665284942217895,0
30026,0.9712795371609986,0
30027,0.9817689766401437,1
30028,0.8885775869726817,0
30029,0.9774536023355923,0
30030,0.9903162858120038,0
30031,0.9754533572185924,0
30032,0.8278000045111634,0
30033,0.8080737944133215,0
30034,0.6018468084350267,0
30035,0.9173842186893103,1
30036,0.8864626631977162,0
30037,0.8942361169733548,0
30038,0.9754000085970149,0
30039,0.6073537792432271,0
30040,0.7518310534942257,1
30041,0.9683988523447125,0
30042,0.9920108605172008,0
30043,0.904005367046377,0
30044,0.7124122763269548,0
30045,0.5811694624800369,0
30046,0.8875439324671176,0
30047,0.9146756593362941,0
30048,0.7056334472960935,1
30049,0.9999999999975417,1
30050,0.8138180138397626,1
30051,0.9768461297413471,0
30052,0.9905543423271435,0
30053,0.9650947986143659,0
30054,0.9949539433517884,1
30055,0.9010607990597064,0
30056,0.9705807562906759,0
30057,0.7175977945304346,1
30058,0.7906470474577345,0
30059,0.7706894518346676,0
30060,0.9823409600901714,0
30061,0.5499280654424287,1
30062,0.5735797688903163,0
30063,0.6284949705090561,0
30064,0.513363087797793,1
30065,0.9010757277960476,0
30066,0.9357385195835561,1
30067,0.9999994006257291,1
30068,0.8117925084228267,0
30069,0.8623336270944307,1
30070,0.8788421153425474,0
30071,1.0,1
30072,0.8518576597731521,0
30073,0.9805724298660156,0
30074,0.6569747856194481,1
30075,0.9515268042703363,0
30076,0.672142552793615,0
30077,1.0,1
30078,0.9690680482407493,0
30079,0.8276799605090291,0
30080,0.9996539788838049,1
30081,0.8058950980950574,1
30082,0.7310413474634878,0
30083,0.8474143906565088,0
30084,0.9750984761115687,0
30085,0.6451371755162794,1
30086,0.9869589069659838,0
30087,0.993704228877055,0
30088,0.8891340173525426,0
30089,0.9998040163409867,1
30090,0.977397274049037,0
30091,0.9894872447946502,0
30092,0.8286649921550455,0
30093,0.9460573324733184,0
30094,0.6966427423086319,1
30095,0.9764187821774899,0
30096,0.779014940576905,1
30097,0.9997884220671601,1
30098,0.9720772059079094,0
30099,0.9848617621709669,0
30100,0.748149431781884,0
30101,0.9303183161576124,1
30102,0.605442010303749,1
30103,0.9997555616069022,1
30104,0.916292033984803,1
30105,0.9890627891592186,0
30106,0.9931988865795599,0
30107,0.9417224976769881,0
30108,0.7515189497376591,1
30109,0.9403103945679989,0
30110,0.5296953799807308,1
30111,0.9999756979663846,1
30112,0.9648614168739171,0
30113,0.9368815884120985,0
30114,0.6752141667340581,1
30115,0.9657502314729537,0
30116,0.8768893991788639,1
30117,0.9893458839406938,0
30118,0.9980290611358426,1
30119,0.982198262971208,0
30120,0.9645727316118268,0
30121,0.9632149364772665,0
30122,0.9072302942449656,0
30123,0.9784191347378681,0
30124,0.7609569729315133,0
30125,0.9781825453709584,0
30126,0.9316091515578986,0
30127,0.7430558277914817,0
30128,0.8874237867313153,0
30129,0.9839591116310008,0
30130,0.9446265743313321,0
30131,0.9304131924492217,1
30132,0.9643735581460848,0
30133,0.9634572581141593,1
30134,0.724629928455931,0
30135,0.9975087187013223,1
30136,0.9337635449616356,0
30137,0.9922011224805125,0
30138,0.8987010445506206,1
30139,0.9742618805545591,0
30140,0.988107267870845,0
30141,0.9685265521516108,0
30142,0.927665407911355,1
30143,0.883782880078402,0
30144,0.9679244404399413,0
30145,0.6093524808528678,0
30146,0.9920557654941972,0
30147,0.9357908494736129,0
30148,0.9806682245517169,0
30149,0.5957091536378738,0
30150,0.5238324070986417,0
30151,0.6642761597764012,1
30152,0.8447490026388816,0
30153,0.9079086240339908,1
30154,0.9486848730559075,0
30155,0.9431938827131248,0
30156,0.9999999999999996,1
30157,0.9809101208656149,0
30158,0.9421377376936463,0
30159,0.9819339742444231,0
30160,0.7200242694593721,1
30161,0.7061257414950578,0
30162,0.9883635656793074,0
30163,0.9999999999999938,1
30164,0.9999992352239147,1
30165,0.8564446559069306,0
30166,0.9897791482482999,0
30167,0.9829732008999466,0
30168,0.8600564092699345,0
30169,0.9456423148523364,0
30170,0.9668353241050732,1
30171,0.982068155885242,0
30172,0.9683807812767599,0
30173,0.98947075991582,0
30174,0.9919432126078637,0
30175,0.6656258544606023,0
30176,0.8949754125080135,0
30177,0.9998678317997088,1
30178,0.5185516047387839,1
30179,0.8156996514106549,0
30180,0.552280309698968,0
30181,0.9573129418825524,0
30182,0.8843355210956168,0
30183,0.995392130540775,0
30184,0.9165182968164639,0
30185,0.9999966142280975,1
30186,0.9890857840956669,0
30187,0.9999999999953051,1
30188,0.9951031175726186,1
30189,0.9425025477203602,0
30190,0.7531718043015082,1
30191,0.7931627941522036,0
30192,0.8983826997212393,0
30193,0.988395764676464,0
30194,0.9797971002273197,0
30195,0.8735746871108715,1
30196,0.6821806306761696,1
30197,0.6077749927761472,1
30198,0.9492700902748986,0
30199,0.9802823829979975,0
30200,0.9846089511223286,0
30201,0.8218445625673894,1
30202,0.9743383379006253,1
30203,0.581874424948875,1
30204,0.6789202991979768,0
30205,0.7438836172652921,0
30206,0.9671705566270047,0
30207,0.9736681671351223,0
30208,0.7454946625196169,1
30209,0.9612453522304288,0
30210,0.9327110972781391,1
30211,0.993709060758085,0
30212,0.9983862535895851,1
30213,0.9512104674421846,0
30214,0.9834522386959633,0
30215,0.9828154820436679,0
30216,0.9894750828206695,0
30217,0.9152540696832974,0
30218,0.9031602274169118,0
30219,0.8992271165102796,0
30220,0.9644773110285296,0
30221,0.9258525866961925,0
30222,0.9871376449742328,0
30223,0.9999999999925386,1
30224,0.7968415222970562,0
30225,0.9858163501382371,0
30226,0.983994835459702,0
30227,0.9777403044772134,1
30228,0.9193674681086249,0
30229,0.999999994033375,1
30230,0.9569771677556105,0
30231,0.9289942795406035,0
30232,0.8995946996905283,0
30233,0.6348227744945355,0
30234,0.9757095883579632,0
30235,0.9882473419286806,0
30236,0.8941119302855555,0
30237,0.978609848768097,0
30238,0.9754192087280645,0
30239,0.999999937315664,1
30240,0.923381084825528,0
30241,0.9222893318777848,0
30242,0.9829493307211866,0
30243,0.9754688024141274,0
30244,0.8329604665189269,1
30245,0.5783795280902355,0
30246,0.9950101294568142,0
30247,0.9870447065212186,0
30248,0.5574510304426813,1
30249,0.899877424920976,0
30250,0.785400540167332,0
30251,0.9142078224206965,0
30252,0.519829603833426,1
30253,0.9886315723837795,0
30254,0.8983033656017563,0
30255,0.8231037415896834,0
30256,0.9999999999999829,1
30257,0.9999166776787721,1
30258,0.8269039534611435,1
30259,0.9919206411437669,0
30260,0.9849114672352852,0
30261,0.9871600378244285,0
30262,0.9902913613375354,0
30263,0.9999991763566024,1
30264,0.9792663693606458,0
30265,0.9915828131182519,0
30266,0.96576093903815,0
30267,0.8087420796191146,0
30268,0.9589805569093555,1
30269,0.6993638860396452,0
30270,0.5903665392864669,1
30271,0.986048645767836,0
30272,0.8866586447378361,0
30273,0.9936936998405284,0
30274,0.9640723593953963,0
30275,0.9366879920798379,0
30276,0.8977131105734796,0
30277,0.999975550739524,1
30278,0.9743347360217276,0
30279,0.9454478282981301,0
30280,0.950676555867054,0
30281,0.5833559763296943,0
30282,0.9580033491611964,0
30283,0.9056834385436515,0
30284,0.9184895631095541,1
30285,0.7207875866426723,1
30286,0.9813807914397633,0
30287,0.8627119571907254,1
30288,0.9999287946814587,1
30289,0.6102610088658523,0
30290,0.9865435853835601,0
30291,0.9909532010461539,0
30292,0.7628217705257946,0
30293,0.7907441932068737,0
30294,0.6235298386258799,0
30295,0.7953170040502532,0
30296,0.9851248048081571,0
30297,0.5986151239990964,1
30298,0.9756651575368858,0
30299,0.9879711414617833,0
30300,0.9895434616177113,0
30301,0.9476198867234792,0
30302,0.8175098238607088,0
30303,0.9898514577524734,0
30304,0.7186644853033263,1
30305,1.0,1
30306,0.6852174617975546,0
30307,0.9801748523449387,0
30308,0.9684650236178776,1
30309,0.6671597137405293,0
30310,0.8946629112239541,0
30311,0.9918037995957452,0
30312,0.9676557442600239,1
30313,0.9819016753690063,0
30314,0.9999999299045632,1
30315,0.9659232153838593,0
30316,0.929636761323869,0
30317,0.9924247556806948,0
30318,0.8661465489714797,1
30319,0.9999592654464441,1
30320,0.9681121855600614,0
30321,0.9491593001238953,0
30322,0.9463071886964806,0
30323,0.5802937397336559,1
30324,0.9390186709685734,1
30325,0.9893113259467244,0
30326,0.9392524834887722,0
30327,0.9831435496982848,0
30328,0.8527759098987086,0
30329,0.794452112684853,0
30330,0.8749519197327038,0
30331,0.962773190088608,1
30332,0.9409510209397701,0
30333,0.5922392981607122,0
30334,0.7038090825473494,1
30335,0.9999999999954272,1
30336,0.9888903102956864,0
30337,0.6110474919483709,1
30338,0.8412050402977511,0
30339,0.9999999999720579,1
30340,0.9643920993530642,0
30341,0.8357374836465997,1
30342,0.9313987884065986,0
30343,0.9000719931901923,0
30344,0.9324657316465527,1
30345,0.8698153334089218,0
30346,0.680297385453557,0
30347,0.9112475341393571,0
30348,0.9675695527696002,0
30349,0.9829180180814842,0
30350,0.9128581124702553,0
30351,0.7647454058143864,0
30352,0.9851897842787739,0
30353,0.9281378255405416,0
30354,0.9782668186417214,0
30355,0.6154059127317657,1
30356,0.9698986397830778,0
30357,0.9774535894683479,1
30358,0.9594413752154836,0
30359,0.9126583066070704,0
30360,0.9899126867730164,1
30361,0.9866451232308774,0
30362,0.9753904354817983,0
30363,0.5844692894914354,0
30364,0.9913860431272885,0
30365,0.932705948958217,0
30366,0.999999999841469,1
30367,0.9901971771338788,1
30368,0.9980130488858387,1
30369,0.993226618917847,1
30370,0.6689022192304328,0
30371,0.970374970174739,0
30372,1.0,1
30373,0.9347008415646102,1
30374,0.939031501200998,1
30375,0.7973423358052825,0
30376,0.7356217527284562,0
30377,0.9998210722979425,1
30378,0.9779448073032223,0
30379,0.9297505721820476,0
30380,0.5539194455003891,0
30381,0.6511627937181091,1
30382,0.7145423894100222,0
30383,0.9480862256811678,0
30384,0.6057904493780766,0
30385,0.9921492364604038,0
30386,0.9877955725049781,0
30387,0.9955232293115291,0
30388,0.8166245797783146,1
30389,0.9901033637296196,0
30390,0.8164560688832844,1
30391,0.9999999999998614,1
30392,0.8460459777915147,0
30393,0.9880274009293919,0
30394,0.6923403555816074,1
30395,0.710719188966072,1
30396,0.9881304242231671,1
30397,0.9721634786028714,0
30398,0.7563304636429121,0
30399,0.7482193638826098,0
30400,0.9999854645615632,1
30401,0.7084557914422814,0
30402,0.8921089580181416,0
30403,0.9844432231804043,0
30404,0.7413956080154317,1
30405,0.8760415583622492,0
30406,0.9781139190839022,0
30407,0.9783186181598695,0
30408,0.991804686637774,0
30409,0.9872478687123275,0
30410,0.9996908226385833,1
30411,0.9778702016521886,0
30412,0.9999935617409291,1
30413,0.9128300592239336,0
30414,0.9999891300076535,1
30415,0.722311460332871,0
30416,0.81204149942481,0
30417,0.9759285727740182,1
30418,0.9846561660806521,0
30419,0.5352685814142402,1
30420,0.67809236114569,0
30421,0.990986544454127,0
30422,0.9415422951961282,0
30423,0.8163484949388315,0
30424,0.9580118348382448,0
30425,0.9712196642590747,1
30426,0.9909698179884857,0
30427,0.9926200380440525,1
30428,0.9734357716903597,0
30429,0.9850157738341098,0
30430,0.977218214799806,1
30431,0.8621997561608502,0
30432,0.9178152946701853,0
30433,0.9707369321877067,0
30434,0.8125550172892545,0
30435,0.5833169058366711,0
30436,0.9930812962351906,1
30437,0.6524389316799737,0
30438,0.9503126225537136,0
30439,0.8462306088097178,0
30440,0.9992561367892743,1
30441,0.9964942372261234,1
30442,0.9078131202541831,0
30443,0.9651731991951848,0
30444,0.9883813666412389,0
30445,0.7105237104658086,0
30446,0.9039600630167685,0
30447,0.9494838422569523,0
30448,0.9632991978255976,0
30449,0.976034783194027,0
30450,0.8282662925564939,0
30451,0.7352346587879881,1
30452,0.8807927642381232,1
30453,0.9999934677083001,1
30454,0.7409436179195396,1
30455,1.0,1
30456,0.533262535731644,1
30457,0.6754645051915378,0
30458,0.988408024347494,0
30459,0.989469446051995,0
30460,0.9590474360447259,0
30461,0.9673337165332297,0
30462,0.7142176936027245,0
30463,0.9345859467329416,0
30464,0.5904657823212985,1
30465,0.9748382074781068,0
30466,0.8806677914871462,0
30467,0.9957862880766268,1
30468,0.9299345186408402,0
30469,0.9712770551186398,0
30470,0.7118761506400736,0
30471,0.9726386822334575,0
30472,0.9895275433717953,0
30473,0.984177640196353,0
30474,0.9406065746623155,0
30475,0.6637892347778669,0
30476,0.8161541521179828,0
30477,0.9259375319125439,0
30478,0.9839948202486868,0
30479,0.7956864765873328,1
30480,0.8549172171865989,1
30481,0.8491917477156166,0
30482,0.9573829957945376,0
30483,0.5889033119543006,1
30484,0.8531994241494241,0
30485,0.9998487967287384,1
30486,0.9927862923425175,0
30487,0.92908555783015,0
30488,0.9709427405016855,0
30489,0.9843700065401155,0
30490,0.9406080846502081,1
30491,0.9270222424318336,0
30492,0.9586127461289365,0
30493,0.9869955533579847,0
30494,0.9999738572645225,1
30495,0.773740587196186,0
30496,0.5027554862834472,0
30497,0.9905108048319993,0
30498,0.7348609110025184,0
30499,0.9999999894202672,1
30500,0.8862064773723357,0
30501,0.9850478098753508,0
30502,0.646388041037027,1
30503,0.9999999969351279,1
30504,0.9917666697849835,0
30505,0.9164000594006514,0
30506,0.8527283881144128,0
30507,0.9724700244384604,0
30508,0.8543022458658285,1
30509,0.967901192720707,0
30510,0.9834706754154885,0
30511,0.501273687468786,0
30512,0.9358046716984969,0
30513,1.0,1
30514,0.9835532882714862,0
30515,0.9880468950239528,0
30516,0.9716997254191001,0
30517,0.9912308976291586,0
30518,0.9911141545537544,0
30519,0.5816572873559666,0
30520,0.986423008096838,0
30521,0.9884663173980061,0
30522,0.7758758141240727,0
30523,0.970350285943877,0
30524,0.9524378937549206,1
30525,0.9727337451698097,0
30526,0.6240104210572778,0
30527,0.9650996469966006,1
30528,0.9399650268007369,0
30529,0.9872441729160543,0
30530,0.7331748263907203,0
30531,0.6765641716743581,0
30532,0.9927677058492839,0
30533,0.9888865139889643,1
30534,0.939727498931554,0
30535,0.7540442070741615,0
30536,0.6383587634995416,0
30537,0.9996013907113641,1
30538,0.6008923552427069,0
30539,0.6022082353631046,0
30540,0.9367577909096949,0
30541,0.8898339388225042,0
30542,0.9020783016819836,0
30543,0.9715522764233049,0
30544,0.9385736279783755,0
30545,0.9880995941358561,0
30546,0.7641487480435544,1
30547,0.9840567013711552,0
30548,0.8598926658864671,0
30549,0.9602013769603691,0
30550,0.9999993633757104,1
30551,0.6515146254025351,0
30552,0.9629154713762806,0
30553,0.9634309207377791,0
30554,0.9721239874138341,0
30555,0.8827173326845184,0
30556,0.9816191204777278,0
30557,0.902784388476847,0
30558,0.9579526407775728,0
30559,0.9465653484049124,0
30560,0.7323946771320154,1
30561,0.9979853841744601,1
30562,0.9271508856573822,0
30563,0.9511744508565679,0
30564,0.9297395483287249,0
30565,0.9614682020412207,1
30566,0.9999999989339807,1
30567,0.9597511091128719,0
30568,0.5911373484864406,1
30569,0.6317129590491265,0
30570,1.0,1
30571,0.9787259951305571,1
30572,0.9360544467034267,0
30573,0.8222080208843497,1
30574,0.9823178822213456,0
30575,0.8895304991902285,1
30576,0.9658375738619177,0
30577,0.5621097876695785,0
30578,0.9674508029588639,0
30579,0.9677639669519983,0
30580,0.9879437008041454,0
30581,0.60262576854851,1
30582,0.827391820124845,1
30583,0.9199845765269058,0
30584,0.9803361732357252,0
30585,0.9812744700861092,0
30586,0.9235757536734346,0
30587,0.7932513197836506,0
30588,0.9916382790773707,0
30589,0.9574468881809953,0
30590,0.9994373637628764,1
30591,0.5121709855388789,1
30592,0.9908222321910568,1
30593,0.9614397265711555,0
30594,0.8265879924945673,0
30595,0.5839606852755144,1
30596,0.8402209928366694,0
30597,0.9221719896784748,1
30598,0.9786953511529202,0
30599,0.8911420321189634,0
30600,0.622550882185975,0
30601,0.8069191275620792,1
30602,0.9893519207248576,0
30603,0.9906600598848021,0
30604,1.0,1
30605,0.9999999999998881,1
30606,0.9525371249182811,0
30607,0.9889082583509974,0
30608,0.6406663529807144,1
30609,0.9864522418464691,0
30610,0.9858650196542229,1
30611,0.9927528706322775,0
30612,0.9885941032511859,0
30613,0.9999957371404973,1
30614,0.9778966228183991,0
30615,0.964905326805743,0
30616,0.8659908677085839,1
30617,0.9999991692682313,1
30618,0.959033811530571,0
30619,0.9350716409950677,0
30620,0.9843883667912664,0
30621,0.6093117182110072,0
30622,0.9907188692221268,0
30623,0.8579404186515657,0
30624,0.9108017993615858,0
30625,0.9867753538037628,0
30626,0.8880985255092445,1
30627,0.9618916538920328,1
30628,0.9630995584837521,0
30629,0.9999999999497637,1
30630,0.9359623843884338,0
30631,0.9201993525716793,0
30632,0.984460128510418,0
30633,0.7775454620087362,0
30634,0.8310361964178575,0
30635,0.9944266313107257,1
30636,0.910000779151741,0
30637,0.9897912813856824,0
30638,0.8424905615110588,1
30639,0.9999952393828426,1
30640,0.9776714339241054,1
30641,0.7157073134216714,0
30642,0.9789379990941661,0
30643,0.9791557566163159,1
30644,0.9856737258061223,0
30645,0.8838564956682794,0
30646,0.8651423813385715,0
30647,0.9321658522831552,0
30648,0.6981181543014875,1
30649,0.5166241341890964,1
30650,0.8770562618253998,1
30651,0.686738986871415,0
30652,0.9853527210590723,1
30653,0.990816111275643,0
30654,0.9974483781217377,1
30655,0.9211568052676481,0
30656,0.9999993320314171,1
30657,0.9435550573162585,1
30658,0.9813051829961926,1
30659,0.6767316401790053,0
30660,0.955726203052015,0
30661,0.7952537752259173,1
30662,0.9788501350093314,0
30663,0.9677051390024131,0
30664,0.9206957721623498,1
30665,0.9894846313285991,0
30666,0.8831915905122223,0
30667,0.9911896972488985,0
30668,0.9352872162298488,1
30669,0.5490036386897381,1
30670,0.9561668880462707,0
30671,0.961449182074806,0
30672,0.9857728667928347,0
30673,0.9853983501985952,0
30674,0.9711480718145159,0
30675,0.6777319623249544,0
30676,0.9666579151849287,0
30677,0.9586957963076351,1
30678,0.990451640245577,0
30679,0.9828589957113426,0
30680,0.9617718792536262,1
30681,0.9790954079213894,0
30682,0.9710988343135303,0
30683,0.6266974845068284,0
30684,0.7351222250128782,0
30685,0.9420847977365772,0
30686,0.8910904560682645,0
30687,0.9807313678075785,0
30688,0.9999999916955367,1
30689,0.7345615467724373,1
30690,0.9425411276179966,0
30691,0.9838528399706313,1
30692,0.8684702745527567,0
30693,0.5508108790462568,0
30694,0.9658541656058772,1
30695,0.9830422497705398,0
30696,0.9984758338913324,1
30697,0.8929855316241205,0
30698,0.95501568521486,0
30699,0.9450480219115809,0
30700,0.7725725295503294,0
30701,0.9969122597539719,1
30702,0.5092858899647734,0
30703,0.8173483656342064,0
30704,0.6593424468285776,0
30705,0.5618541943714375,1
30706,0.9857468358030665,0
30707,0.8668736907751387,0
30708,0.9827414471556022,0
30709,0.6612185891334749,1
30710,0.8562582529450954,0
30711,0.996253209858079,1
30712,0.8534246676557856,0
30713,0.8920283272173505,1
30714,0.9999981334044129,1
30715,0.9831138339906835,1
30716,0.9999676103651298,1
30717,0.9825746732557118,1
30718,0.981921095405806,0
30719,0.9952421828201536,0
30720,0.9676784798329139,0
30721,0.9952421828201536,0
30722,0.9801960449251708,0
30723,0.7503918376165996,0
30724,0.9805304610512656,0
30725,0.5054382152590591,0
30726,0.7735339607385554,0
30727,0.7060797106185004,1
30728,0.9760376957825508,0
30729,0.8499577205130835,1
30730,0.998467369522809,1
30731,0.9771796882870539,1
30732,0.9838695592223892,0
30733,0.8010463469147339,0
30734,0.5803753949371995,0
30735,0.7873521087441312,0
30736,0.9915277580876142,0
30737,0.9825476875949796,0
30738,0.8252967221410177,1
30739,0.9999679739396737,1
30740,0.9581296313970667,0
30741,0.9999999999967972,1
30742,0.913168888293897,0
30743,0.8750513931549256,0
30744,0.9330187856644923,0
30745,0.9790031874926598,0
30746,0.9789198894866814,0
30747,0.9781699810099856,0
30748,0.9999994123993127,1
30749,0.9854120357827898,1
30750,0.8088075585339896,0
30751,0.8941772676592071,0
30752,0.9830537257138491,0
30753,0.9866172010185856,0
30754,0.9792899109799624,0
30755,0.9785343457077281,0
30756,0.8691731519273372,0
30757,0.9827407466876705,0
30758,0.9949825348731555,1
30759,0.95646254509471,0
30760,0.976311949880367,0
30761,0.9999919685650285,1
30762,0.9890919600599654,0
30763,0.9295893710433359,1
30764,0.9999305426283415,1
30765,0.6842702028121395,0
30766,0.8864512639095831,0
30767,0.9863809055198569,0
30768,0.9890579019496061,0
30769,0.9821154760758283,0
30770,0.8367306341792959,1
30771,0.8821173442824681,0
30772,0.6194703722853233,0
30773,0.9189768818785923,1
30774,0.9580865083225462,0
30775,1.0,1
30776,0.9908187476905271,1
30777,0.9978642904191143,1
30778,0.891763637917044,1
30779,0.9828986605909644,0
30780,0.9891350344920096,0
30781,0.9608492868503643,0
30782,0.9561405941616933,0
30783,0.9655738738936583,0
30784,0.7207376335936988,0
30785,0.9413060644805543,0
30786,0.9529736947459739,0
30787,0.9999965894089694,1
30788,0.6282092788888426,1
30789,0.9914881998560078,0
30790,0.606171431545745,0
30791,0.5941268988832107,0
30792,0.971247490084156,0
30793,0.9401826737123943,0
30794,0.9192974972670922,0
30795,0.9709486430873308,0
30796,0.9458134555698879,1
30797,0.9968973301101008,1
30798,0.7238644324123699,1
30799,1.0,1
30800,0.863895468525697,1
30801,0.8705342183527902,0
30802,0.6837439249466614,1
30803,0.9905550600305789,0
30804,0.9493932860244574,0
30805,0.9939447977986674,0
30806,0.9847639879907198,0
30807,0.9913761000875069,0
30808,0.6310676647334905,0
30809,0.9999178210853569,1
30810,0.8621777344073419,1
30811,0.5815141464406831,0
30812,0.933967789422836,0
30813,0.9436475584339514,0
30814,0.9999999999945579,1
30815,0.9340087654077804,0
30816,0.7824078595807663,0
30817,0.7802692397182803,0
30818,0.9999919262235933,1
30819,0.9925645553240898,0
30820,0.7779691379344058,0
30821,0.9399622930388569,0
30822,0.5867445177837984,0
30823,0.9095454287580281,0
30824,0.9906171307995637,0
30825,0.9896196085177544,0
30826,0.98894021963098,1
30827,0.6064073208884018,1
30828,0.985558744348742,0
30829,0.6340670870166495,0
30830,0.9674037785898938,0
30831,0.9596459904663172,0
30832,0.9904367850476972,0
30833,0.7967936857904445,0
30834,0.8578854521593291,0
30835,0.7990959655085488,0
30836,0.9780474611791846,0
30837,0.9504990143898625,0
30838,0.9509958006862155,0
30839,0.9563270481875006,0
30840,0.8060504849960572,0
30841,0.5346074298065701,0
30842,0.9803281228213249,0
30843,0.9144263148300316,0
30844,0.8221160156223721,0
30845,0.9678821459264207,0
30846,0.9751779874182778,1
30847,0.910671477553001,0
30848,0.9898962037713243,0
30849,0.7476541143246539,1
30850,0.9685403245980497,0
30851,0.9734433230041536,0
30852,0.9814000612882006,0
30853,0.6019228134499319,0
30854,0.9822589327370802,1
30855,0.9879211299150312,0
30856,0.5214289081318259,1
30857,0.9776739902048616,0
30858,0.9797149528798643,0
30859,0.9553620659257988,0
30860,0.7613061803372324,1
30861,0.8145558137415047,0
30862,0.9913445471174244,1
30863,0.5890434092629779,0
30864,0.5831261847203469,0
30865,0.849363404839334,1
30866,0.8895921072355096,1
30867,0.7228085330195596,0
30868,0.9773202041357408,0
30869,0.7957789084186752,0
30870,0.9193071583890323,0
30871,0.9836137595863382,0
30872,0.9979874130207552,1
30873,0.9676465677296314,0
30874,0.9214027392629084,0
30875,0.9240725867054979,1
30876,0.7706097703481279,1
30877,0.8756332063702151,0
30878,0.9608767006746926,0
30879,0.9999697859026809,1
30880,0.9746824515675352,1
30881,0.9733420551086449,0
30882,0.9036694162988879,0
30883,0.6503458119713583,0
30884,0.7813065880685477,0
30885,0.5152365711560917,0
30886,0.8294190781668133,0
30887,0.5885300548510672,1
30888,0.7616091472964689,1
30889,0.99503395656567,1
30890,0.5241342607311105,0
30891,0.8879852760246701,1
30892,0.9996853936216736,1
30893,0.9227482494941093,0
30894,0.9962540071772035,1
30895,0.9689939276433086,1
30896,0.9104664601575337,0
30897,0.9999994918521534,1
30898,0.7808020603938413,0
30899,0.5780693063854133,1
30900,0.9321688452337944,0
30901,0.8955806727475109,0
30902,0.9728879027764398,0
30903,0.9999999998687878,1
30904,0.8297469315749045,0
30905,0.518620561035595,0
30906,0.9999865729825431,1
30907,0.9787425429228942,0
30908,0.9605243528915485,0
30909,0.9779870889594097,0
30910,0.9675292907954658,0
30911,0.7272398023095352,0
30912,0.8055214294942066,0
30913,0.6204512121018821,0
30914,0.8925786845106211,0
30915,0.9907362329371004,0
30916,0.5816720799232131,1
30917,0.9891745165243024,0
30918,0.837841419398322,0
30919,0.8317095466290219,1
30920,0.9870803274189753,0
30921,0.9776696866783563,1
30922,0.9757234701466231,0
30923,0.9816958408837555,0
30924,0.9907891183457662,0
30925,0.9037128984762355,0
30926,0.9623982406363304,1
30927,0.9546354717395031,0
30928,0.9999999952896159,1
30929,0.999999999841235,1
30930,0.8453123065945192,1
30931,0.5702727644618791,1
30932,0.9846030651821903,0
30933,0.9691406918373476,0
30934,0.9024590978651982,0
30935,0.9870465139621823,0
30936,0.8238025720795291,0
30937,0.9343212424752443,0
30938,0.9887863073474914,0
30939,0.9575116368407008,0
30940,0.5746725966244364,0
30941,0.873847096078216,0
30942,0.9732617777759714,0
30943,0.7825080968185668,1
30944,0.9892673884547182,0
30945,0.9567263704180228,0
30946,0.9870736136123184,0
30947,0.9755190495541293,0
30948,0.9883624833734431,1
30949,0.975387458061883,1
30950,0.9001350921431843,0
30951,0.9377201310283416,0
30952,0.9765279861729291,0
30953,0.8863313930036506,0
30954,0.9182652967726569,0
30955,0.9772065420761795,0
30956,0.8884996409071487,0
30957,0.9999999999733922,1
30958,0.9845536264637426,0
30959,0.9422213265046787,0
30960,0.9999988877540854,1
30961,0.9680521931879167,0
30962,0.6600885803048427,0
30963,0.9840433976022931,0
30964,0.9920802933840656,0
30965,0.9052417715210757,1
30966,0.6317877803825269,0
30967,0.931204450337896,0
30968,0.9840109538146359,0
30969,0.7876312646354982,0
30970,0.8883184646113846,0
30971,0.9583984333348077,0
30972,0.9997651519862368,1
30973,0.9941527770944311,1
30974,0.9630085527307879,0
30975,0.9827072222473413,0
30976,0.999999999999996,1
30977,0.9994736147973095,1
30978,0.9753507740626994,0
30979,0.9686028565613451,0
30980,0.9930906559169207,1
30981,0.9605958213655823,0
30982,0.9999990289610076,1
30983,0.8339870688704317,1
30984,0.9915074971131512,0
30985,0.9963554373002829,1
30986,0.9870190331240436,0
30987,0.7361475637481305,1
30988,0.5003387692926785,1
30989,0.5690184606421345,1
30990,0.9490398978816618,0
30991,0.9825107086205083,0
30992,0.9197856186584259,0
30993,0.9458981342584327,0
30994,0.9848588241373822,1
30995,0.6902347305966292,0
30996,0.9801283626577162,0
30997,0.9923996574329907,0
30998,0.988961835433345,0
30999,0.6780262749678707,1
31000,0.9999998608099236,1
31001,0.8012263360655039,0
31002,0.999998296605248,1
31003,0.9532978921597447,0
31004,0.9383516992361461,0
31005,0.9988817254953926,1
31006,0.8679740624049797,0
31007,0.9147548272241859,0
31008,0.6999319700314364,0
31009,0.906382384619178,0
31010,0.9264110029273224,0
31011,0.9999999999891365,1
31012,0.9919545605137479,0
31013,0.5936377736060383,0
31014,0.9882546915652389,0
31015,0.9617614073271952,0
31016,0.9668384433756989,0
31017,0.7663420430068808,0
31018,0.9979249873442214,1
31019,0.9085509443581202,0
31020,0.9586063099074879,1
31021,0.9938741891952572,0
31022,0.9891605154901885,0
31023,0.9965086365171126,1
31024,0.9310959048512942,0
31025,0.9970142464539677,1
31026,0.9824057326658668,0
31027,0.9756366962117502,1
31028,0.9955232293115291,0
31029,0.9994801781581345,1
31030,0.9999999999999949,1
31031,0.9909288628354415,0
31032,0.9739518429220869,0
31033,0.898240479870396,0
31034,0.802064325267377,0
31035,0.9508223750485373,1
31036,0.7362556037124812,0
31037,0.7917703945835756,0
31038,0.9505652467923597,0
31039,0.8015223930552615,0
31040,0.9784216316131068,0
31041,0.9985294430566919,1
31042,0.9994837377169463,1
31043,0.9673702440123483,0
31044,0.9922698506787705,0
31045,0.9735333254625822,0
31046,0.9485894255763172,0
31047,0.8607422684469148,1
31048,0.9999999999408025,1
31049,0.9898797009325223,0
31050,0.9880031334656401,0
31051,0.9565483622684948,0
31052,0.9729642244417983,0
31053,0.7138563918851372,0
31054,0.9724199641225685,1
31055,0.6946233539685305,0
31056,0.9999999999999569,1
31057,0.5263055790539274,0
31058,0.9677619750623532,0
31059,0.8691300399541337,0
31060,0.9989850070393247,1
31061,0.933765146788351,0
31062,0.9922917814800735,0
31063,0.9859325170783462,0
31064,0.991792131662904,0
31065,0.6297580106697793,1
31066,0.9999999999099514,1
31067,0.9800681264354176,0
31068,0.9410572880953695,0
31069,0.9914100944812109,0
31070,0.6831810514913157,0
31071,0.80344690429094,1
31072,0.9792921551475365,0
31073,0.9914097534638832,1
31074,0.9041580143696524,0
31075,0.6732091736988071,1
31076,0.8056818725312876,1
31077,0.9781646096508626,0
31078,0.9882160269999974,0
31079,0.6632612365548103,1
31080,0.9998831008613571,1
31081,0.9559008341599718,0
31082,0.6417270405224991,0
31083,0.9854167695944457,0
31084,0.6866746619645477,0
31085,0.9622984390640074,0
31086,0.951346402206228,0
31087,0.9156466569616565,0
31088,0.9784435680689167,0
31089,0.9685821910349177,0
31090,0.9461562887558771,0
31091,0.9994590490479045,1
31092,0.9913251157439225,1
31093,0.9889790609277679,0
31094,0.9890574738866682,0
31095,0.9073347100098152,0
31096,0.9253843677149376,0
31097,0.9999900954224189,1
31098,0.7863352133103143,1
31099,0.9730719931220333,0
31100,0.9496889946973234,0
31101,0.9928253979074095,0
31102,0.9914501924578731,0
31103,0.9754113939220646,0
31104,0.9711204669314533,0
31105,0.9824577301561593,0
31106,0.8311899294780186,0
31107,0.9861815757733143,0
31108,0.9493590833404583,0
31109,0.9886293653593365,0
31110,0.8919579038707355,0
31111,0.8741533586222867,0
31112,0.9919274595307309,0
31113,0.9829092470928819,0
31114,0.8546603693614291,1
31115,0.988483135604345,0
31116,0.9998455831946736,1
31117,0.7610292328070885,0
31118,0.7609806065110925,1
31119,0.6221083216111276,1
31120,0.9915383386908532,0
31121,0.9887018948789442,0
31122,0.9721279905147728,0
31123,0.9834062543909308,0
31124,0.7664164895663182,0
31125,0.991804686637774,0
31126,0.9918653449354292,0
31127,0.9847464898604712,0
31128,0.9999999999990594,1
31129,0.9394006646839885,0
31130,0.8771776448020621,0
31131,0.6302996818084023,1
31132,0.9618659570992112,0
31133,0.8348823942593833,0
31134,0.9930243388717012,0
31135,0.9168436600734227,0
31136,0.967724074349341,0
31137,0.7920168503361444,0
31138,0.6562148754146073,0
31139,0.9689380304066566,0
31140,0.8320269144146039,1
31141,0.9747099364693721,0
31142,0.7389256573897769,1
31143,0.9723893735586908,0
31144,0.8195627131425853,1
31145,0.9635318397967998,1
31146,0.988226608626732,0
31147,0.844981936527837,0
31148,0.9621911253097537,0
31149,0.9512586505687634,0
31150,0.7251949571926158,0
31151,0.9834232142557003,0
31152,0.8864114536314339,0
31153,0.9733005050321809,0
31154,0.527752051166399,1
31155,0.9780804241591656,1
31156,0.8184818444348517,0
31157,0.9908427751102327,1
31158,0.7179458846443632,0
31159,0.9916211397363905,1
31160,0.9341272209396172,0
31161,0.9845585018174791,0
31162,0.8231993879899866,0
31163,0.9468025219746034,0
31164,0.9894358725968014,0
31165,0.6342747767663897,0
31166,0.7559505677651954,0
31167,0.6956087797761094,0
31168,0.9814522039427351,0
31169,0.9832433152705259,0
31170,0.9580641076899022,0
31171,0.8380937967730814,0
31172,0.6660933844087402,1
31173,0.8959549578295153,1
31174,0.8980760084157229,0
31175,0.5587546011754133,0
31176,0.7541280358905736,0
31177,0.9331759597236257,0
31178,0.9453121386712189,0
31179,0.6404321836655521,0
31180,0.9203145844957121,0
31181,0.9756267023656326,0
31182,0.9840085853783255,0
31183,0.7559307064873722,0
31184,0.7892455843888582,0
31185,0.9443618234017299,1
31186,0.9756685409429732,0
31187,0.9475246106427542,0
31188,0.7316722557229801,1
31189,0.9792159685450406,0
31190,0.9669430788123017,0
31191,0.9999999999988802,1
31192,0.9660117698390281,0
31193,0.987006968512373,0
31194,0.8975565066632435,0
31195,0.988058832764306,1
31196,0.7641323607440904,0
31197,0.8253202034755733,1
31198,0.9759762300029307,0
31199,0.9888065758211212,0
31200,0.9816553916313858,0
31201,0.8835662338024654,0
31202,0.985287882068774,1
31203,0.986545489450322,0
31204,0.9931709642926646,0
31205,0.9762828453538811,0
31206,0.9609265141324533,0
31207,0.5016195008101482,1
31208,0.8152894862177537,0
31209,0.9991310358067341,1
31210,0.9925384798120004,0
31211,0.9142284419928766,0
31212,0.9802824972424886,0
31213,0.9763222079416641,0
31214,0.9795759964232019,0
31215,0.9735577184088332,0
31216,0.8242423660067668,0
31217,0.9126825421517639,1
31218,0.9999999994990683,1
31219,0.9671937990270791,0
31220,0.9909698179884857,0
31221,0.695823292416241,1
31222,0.9757095883579632,0
31223,0.7912721968764574,0
31224,0.6196250985725027,0
31225,0.9853614167880188,0
31226,0.7874284853198317,0
31227,0.9642067482088801,1
31228,0.8176953777324306,1
31229,0.9775481915888697,0
31230,0.9811518190548677,1
31231,0.6362655506163735,0
31232,0.8741885187781313,1
31233,1.0,1
31234,0.9116034100479647,1
31235,0.9700520923808886,0
31236,0.9874490467941541,0
31237,0.8878036545764201,0
31238,0.7812451704171742,1
31239,0.9828901981032597,0
31240,0.904808194335593,0
31241,0.8691371597870524,1
31242,0.8355992640592952,0
31243,0.8477525904771012,0
31244,0.7991447940337456,0
31245,0.992283929709188,0
31246,0.9842514940822975,0
31247,0.997253555863019,1
31248,0.9252932150355891,0
31249,0.9885629089249102,0
31250,0.9899297843687723,0
31251,0.5287065888412608,1
31252,0.6341557405232395,1
31253,0.6509766387160142,0
31254,0.9267640297827365,0
31255,0.798980737497791,0
31256,0.9489768970924399,0
31257,0.9441886540712038,0
31258,0.954322822585302,0
31259,0.5487468300816869,1
31260,0.9845473511826953,1
31261,0.9785800593501792,0
31262,0.9873257713562738,0
31263,0.9915067183765689,1
31264,0.9845848851312251,0
31265,0.6000459838315347,0
31266,0.9440222620078964,0
31267,0.9719986084312225,1
31268,0.9999999999985008,1
31269,0.9536113342026478,0
31270,0.994228514385143,0
31271,0.9802878732351098,0
31272,0.5595935044004225,1
31273,0.8104015021966436,0
31274,0.9610766378770635,0
31275,0.9999999877353762,1
31276,0.9841048568227757,0
31277,0.9922110075550068,0
31278,0.9888903102956864,0
31279,0.9904190725400883,0
31280,0.9917416951767483,0
31281,0.9809840657126223,0
31282,0.9999995147621912,1
31283,0.9597590267466964,0
31284,0.9923440235347055,0
31285,0.9858043070252608,0
31286,0.6416931622974218,0
31287,0.9863004953473742,0
31288,0.700442586014807,1
31289,0.5008039504073167,1
31290,0.9137839023844571,0
31291,0.9366186102593743,0
31292,0.8223434777353948,1
31293,0.97806135207488,0
31294,0.9908304357698609,1
31295,0.9884718862673665,0
31296,0.9657640859214646,0
31297,0.9999999997216309,1
31298,0.9675042416886876,0
31299,0.9572056307762485,0
31300,0.9787058046475372,1
31301,0.8050538173597578,0
31302,0.9857333437112222,0
31303,0.9924642422786923,0
31304,0.9982965266050444,1
31305,0.7593927831499638,0
31306,0.9205773145506743,0
31307,0.947672450751806,0
31308,0.9702066961796625,0
31309,0.673485037049311,1
31310,0.9862989349698671,0
31311,0.9924531030475446,0
31312,0.989760876612515,0
31313,0.9871608924513622,0
31314,0.7264570047602428,0
31315,0.9045124391085442,0
31316,0.5271720986057747,0
31317,0.7041866203353544,0
31318,0.9670242890051457,0
31319,0.8366566608665386,0
31320,0.9887865302259143,0
31321,0.9986839254395173,1
31322,0.9509253322094362,0
31323,0.976057772402837,0
31324,0.967821541982672,0
31325,0.7946020563172136,0
31326,0.7866465606275389,0
31327,0.9138603552778614,0
31328,0.6103864174056339,0
31329,0.9642546068398345,0
31330,0.9291067709860515,0
31331,0.9952421828201536,0
31332,0.9541566841902035,0
31333,0.9424028641886842,0
31334,0.9792393286466051,0
31335,0.9895133437802421,0
31336,0.7388839513752848,0
31337,0.9844268959029803,0
31338,0.7314775503514346,0
31339,0.9502188726019567,0
31340,0.9247135180968998,0
31341,0.6191849304710326,0
31342,0.9624609712075121,0
31343,0.693329457310552,0
31344,0.9662629862352731,0
31345,0.8727474634839705,0
31346,0.9999999922439441,1
31347,0.9829648779059753,1
31348,0.9483336131966711,0
31349,0.9876924200954561,0
31350,0.9934789792462696,0
31351,0.891236239734536,0
31352,0.9561138073712093,0
31353,0.8181268228266416,1
31354,0.9813868190771923,0
31355,0.9996577996198399,1
31356,0.9687053324196699,0
31357,0.9884986850793804,0
31358,0.5734693477315863,0
31359,0.9914295510622136,0
31360,0.8363223058802022,1
31361,0.7357962021539936,1
31362,0.9703661864846314,0
31363,0.9838117030483856,0
31364,0.5904856351504357,0
31365,0.9833302245250435,0
31366,0.9925877361004304,0
31367,0.747451792635429,0
31368,0.9566181770603795,0
31369,0.9597617454035204,1
31370,0.999999096398313,1
31371,0.5860794284697615,0
31372,0.9693581423717231,0
31373,0.9832021724625426,0
31374,0.852782659157834,0
31375,0.9195749300563718,0
31376,0.9922879025594418,0
31377,0.9931709642926646,0
31378,0.562785852587001,0
31379,0.8908936311830763,0
31380,0.912249322288687,1
31381,0.9908947620982906,0
31382,0.9714977828925091,0
31383,0.7476868706655448,1
31384,0.745518873867937,1
31385,0.9560493549517688,0
31386,0.6972215393307256,0
31387,0.9999808908263027,1
31388,0.9354283080667928,0
31389,0.913072515080806,0
31390,0.6948700259520079,0
31391,0.9932224740008562,1
31392,0.8144479791791241,1
31393,0.9808903263416545,0
31394,0.948203744909421,0
31395,0.9725146774056249,0
31396,0.9942895306229171,0
31397,0.6874035194514755,1
31398,0.6858965386289461,0
31399,0.9999999999999925,1
31400,1.0,1
31401,0.9688129225499165,0
31402,0.8765783763565342,1
31403,0.828632780677268,1
31404,0.6037306324811221,1
31405,0.8757315156615192,0
31406,0.9348753964405658,0
31407,0.9932254877521949,1
31408,0.999999992712387,1
31409,0.9145020169061477,0
31410,0.9560930329452505,0
31411,0.9161404635751084,0
31412,0.8132585715253234,1
31413,0.9825820039177969,0
31414,0.991226803636374,0
31415,0.9853903641469909,0
31416,0.9999999999878106,1
31417,0.8256142424018473,1
31418,0.9555244743112039,1
31419,0.733186597281547,0
31420,0.9909945289831638,0
31421,0.9999218148030569,1
31422,0.8907404118720812,0
31423,0.9855355505068866,0
31424,0.9653434318027768,0
31425,0.8938481400364691,1
31426,0.9661808883637947,0
31427,0.9703083360324916,0
31428,0.762880531013906,0
31429,0.518161649628546,1
31430,0.7459774240803926,0
31431,0.9753367396201911,0
31432,0.5707576049171103,1
31433,0.9883089307095194,0
31434,0.9886287755439644,0
31435,0.9999999938919744,1
31436,0.9878233501012407,0
31437,0.9551748370285059,0
31438,0.991580726583994,0
31439,0.9697033395214292,1
31440,0.9653386502439665,1
31441,0.9883774407439818,0
31442,0.8537092987446778,1
31443,0.9932120111127529,0
31444,0.8399318210234828,1
31445,0.5439341022994171,0
31446,0.992253357487717,0
31447,0.9821049392887368,0
31448,0.9139257578863914,0
31449,0.9028651861995747,0
31450,0.7219812024214207,0
31451,0.9732765967077392,0
31452,0.9357923437579294,0
31453,0.9773384808175015,1
31454,0.6905501866736844,0
31455,0.9999996962877694,1
31456,0.8139727983885062,1
31457,0.952106042174212,0
31458,0.7605166689319941,0
31459,0.9997500127488399,1
31460,0.8739182317638575,0
31461,0.613492370466574,0
31462,0.9590751175834669,0
31463,0.9725112845793477,0
31464,0.9366603388448577,0
31465,0.8121126780241809,0
31466,0.7951703398479922,0
31467,0.9997790346782194,1
31468,0.9666858297023765,1
31469,0.9990689746004029,1
31470,0.9967624694251616,1
31471,0.9456344039513465,0
31472,0.999824867657347,1
31473,0.9523982468795382,0
31474,0.9908769376693721,0
31475,0.9594714572069096,0
31476,0.8636400595245564,0
31477,0.9999999999999245,1
31478,0.7599755983634104,0
31479,0.9934311028603794,0
31480,0.9999999324962583,1
31481,0.5340143221483901,0
31482,0.8154919385826568,1
31483,0.9804833093700777,1
31484,0.9590286242032912,1
31485,0.7175849790824466,1
31486,0.6308106558766595,0
31487,0.9431991394763374,1
31488,0.9461611644649607,0
31489,0.9320180451098456,1
31490,0.9788088423774389,1
31491,0.9997714306135526,1
31492,0.9035209869607442,0
31493,0.8462393143426489,1
31494,1.0,1
31495,0.545497241861318,0
31496,0.9771372656890815,0
31497,0.8289562982279064,0
31498,0.9896297309364306,0
31499,0.9842867250905006,0
31500,0.6965917643396503,0
31501,0.9638667036394162,0
31502,0.9881008667214733,0
31503,0.9851356296000914,0
31504,0.6094670842900217,1
31505,0.6731485012087809,0
31506,0.9289639850769089,1
31507,0.9120881117117817,0
31508,0.7091119948800362,0
31509,0.9627605445453444,0
31510,0.970610867461471,0
31511,0.8512477860303638,0
31512,0.9999041319701624,1
31513,0.9730538113445115,0
31514,0.9995768272329736,1
31515,0.9703311142765809,0
31516,0.9793077158819649,0
31517,0.9922690606719238,0
31518,1.0,1
31519,0.987265144006246,0
31520,0.8271855471821408,1
31521,0.9903027596033038,0
31522,0.9383890799601066,0
31523,0.9849499088581097,0
31524,0.8187311747725198,0
31525,0.9998265688497276,1
31526,0.9819822591290271,0
31527,0.9999998995892193,1
31528,0.5418269719358675,0
31529,0.9927597545755386,1
31530,0.9948941146981007,0
31531,0.6416401557783827,0
31532,0.7236891179415325,0
31533,0.8102258483486378,1
31534,0.876116878852684,0
31535,0.9857114116229996,0
31536,0.9999975295897069,1
31537,0.792831767824218,0
31538,0.9913764416571341,0
31539,0.8745366668905841,0
31540,0.8902379259484886,1
31541,0.9785255162222792,0
31542,0.6376176605175662,0
31543,0.9996234134201974,1
31544,0.7819423068718324,0
31545,0.9900090333721615,0
31546,0.9700396750007763,1
31547,0.9893241799989636,0
31548,0.9995569880726793,1
31549,0.9759776316263914,0
31550,0.9999999670680035,1
31551,0.991049616022638,1
31552,0.6849855921783647,0
31553,0.8203626385734103,1
31554,0.9559443679781802,0
31555,0.9490005180849608,0
31556,0.6254371563669834,0
31557,0.8643643716258256,0
31558,0.979432035026151,0
31559,0.9999999999323892,1
31560,0.999999981851862,1
31561,0.9517714546946234,0
31562,0.6917211983451055,0
31563,0.8202314670806151,1
31564,0.7706308744541671,1
31565,0.970452493530428,0
31566,0.9632343981689526,0
31567,0.9956540733136251,1
31568,0.7359590124795131,0
31569,0.980663370503236,0
31570,0.9681229445411069,0
31571,0.9999662081102224,1
31572,0.9880927246269251,0
31573,0.9810618504819737,1
31574,0.9736334017469321,1
31575,0.5128142856673866,1
31576,0.6547784874828687,1
31577,0.9762839684278619,1
31578,0.8967345997359255,1
31579,0.9687834457189253,0
31580,0.7869024710851559,0
31581,0.9989582750905504,1
31582,0.9748855205593008,0
31583,0.9305970824600663,0
31584,0.9725745070067123,0
31585,0.6479187068811111,1
31586,0.6540867354892886,1
31587,0.8284196484491416,0
31588,0.5125226957531955,0
31589,0.9873880078001419,0
31590,0.9999977554656103,1
31591,1.0,1
31592,0.7738680674229442,1
31593,0.8201131745222042,0
31594,0.7419975446621305,0
31595,0.563655043407049,1
31596,0.9999999912649224,1
31597,0.9989075560724437,1
31598,0.8906907425715793,1
31599,0.9920061924921999,0
31600,0.9999959061459378,1
31601,0.6974110077565951,0
31602,0.9740003316035084,0
31603,0.9813235829030766,1
31604,0.9925305902572815,0
31605,0.832372752322239,0
31606,0.9207834957457967,0
31607,0.9867743597965761,0
31608,0.9999999313448505,1
31609,0.9252597671620748,0
31610,0.94908518526961,0
31611,0.9757527598953127,0
31612,0.9497394594646269,0
31613,0.7809398428056064,0
31614,0.9149429592173112,0
31615,0.9750066000455331,0
31616,0.8859299217168332,0
31617,0.9979964014981055,1
31618,0.9312652401537513,1
31619,0.9216884852146356,0
31620,0.9777218176878257,0
31621,1.0,1
31622,0.9990110580604348,1
31623,0.9834553521046464,0
31624,0.5202333341601808,1
31625,0.9521345293430049,0
31626,0.9967856422789515,1
31627,0.936561332004455,0
31628,0.9737028346969426,0
31629,0.9900385975181561,0
31630,0.797839915049146,0
31631,0.9830880495111224,0
31632,0.950595499523677,0
31633,0.7738817557633092,0
31634,0.9265607711697141,0
31635,0.9287020716015382,0
31636,0.9762268333607678,0
31637,0.991804686637774,0
31638,0.816066991732469,1
31639,0.9559301952637012,0
31640,0.9513221940955536,0
31641,0.9477585778756038,1
31642,0.9445561353841863,0
31643,0.8876039993946926,1
31644,0.8982286182256315,0
31645,0.5996317237858743,1
31646,0.6005748272018533,0
31647,0.9935243571111466,0
31648,0.9567844036356532,0
31649,0.9776912425232184,1
31650,0.5203083985736798,0
31651,0.9037384324630204,1
31652,0.6376389179869622,0
31653,0.8886978694977432,1
31654,0.8991251168303158,0
31655,0.6628790468234433,0
31656,0.7271673820821807,1
31657,0.5326651732006141,0
31658,0.9996241314982968,1
31659,0.9324076756667156,0
31660,0.8602115773320735,0
31661,0.964279648890323,0
31662,0.9325045113398326,0
31663,0.9605482774789736,0
31664,0.9770366015151228,0
31665,0.9955232293115291,0
31666,0.8901017015262729,0
31667,0.9517109393087684,0
31668,0.9706151328961888,0
31669,0.9160508654522777,0
31670,0.987022011548895,0
31671,0.9999993879518192,1
31672,0.9812610643278442,0
31673,0.6792556478248697,0
31674,0.9868037568240702,0
31675,0.9909523089625868,0
31676,0.5130768611856966,0
31677,0.9868648410221067,0
31678,0.9639834060455114,1
31679,0.9601100405996806,0
31680,0.9999738587562297,1
31681,0.9793974388507649,0
31682,0.9888674304873847,0
31683,0.9496512889681055,1
31684,0.9802549203617951,0
31685,0.9938759814348935,0
31686,0.99999412246732,1
31687,0.9734364036410643,0
31688,0.8943790251767559,0
31689,0.9472353124253071,0
31690,0.928611033426443,0
31691,0.9707271913481609,0
31692,0.9317985790249472,0
31693,0.9905145095694626,1
31694,0.9236074426655952,0
31695,0.987962914292919,1
31696,0.9822874482455767,0
31697,0.9829173083726421,0
31698,0.990472916122527,1
31699,0.9393811394632471,0
31700,0.7089279169124201,0
31701,0.696169005662874,1
31702,0.988319140112448,0
31703,0.9620087957494534,0
31704,0.9740788157919759,0
31705,0.9906029209827527,0
31706,0.9858781396198996,0
31707,0.9000676895971542,0
31708,0.9508668836977318,0
31709,0.9853560784784032,0
31710,0.9815806761777202,0
31711,0.682938913347216,1
31712,0.9999683202182775,1
31713,0.9857842786284216,0
31714,0.9140813478707034,0
31715,0.9591129050884986,0
31716,0.9900413568437164,0
31717,0.9772942710648308,0
31718,0.789783018293744,0
31719,0.9999999801474895,1
31720,0.9795090068087043,0
31721,0.8371211086496607,1
31722,0.8863915477741747,0
31723,0.6310914116299969,0
31724,0.9879870554116986,0
31725,0.965711382605465,1
31726,0.9903813626680856,1
31727,0.7300784302143188,1
31728,0.9680927736525003,0
31729,0.905240736548191,0
31730,0.9642072287773812,0
31731,0.9327120671006082,0
31732,0.5696891517041093,1
31733,0.8998724091746412,1
31734,0.96718720164581,0
31735,0.5971606686710915,1
31736,0.9547589091602772,0
31737,0.968358244403634,0
31738,0.8392558486824498,0
31739,0.8927365409940404,0
31740,0.9842160900640005,0
31741,0.9715286395642239,0
31742,0.9512474173740161,0
31743,0.8621116236974997,0
31744,0.981491664891425,0
31745,0.9347517455192479,0
31746,0.9825651862071271,1
31747,0.9732232147247408,1
31748,0.9930548054184447,0
31749,0.9951158475576029,0
31750,0.9180929884647806,0
31751,0.9747428330234179,0
31752,0.8282110878720382,0
31753,0.8903863320452984,0
31754,0.6170502297065344,0
31755,0.684216536453017,1
31756,0.689882605154669,1
31757,0.9648680384908696,0
31758,0.7593168780012514,1
31759,0.9695406880915379,0
31760,0.9998067756223743,1
31761,0.646426916231457,0
31762,0.8982641122045677,0
31763,0.958646513744873,0
31764,0.6310915558652134,0
31765,0.9658357829412219,0
31766,0.9743248791461988,0
31767,0.9852641938509663,0
31768,0.9767109834793051,1
31769,0.9578949193663073,0
31770,0.9534866506649016,0
31771,0.9919696760366736,1
31772,0.6145197567008156,0
31773,0.5311584118049312,1
31774,0.9917051416798628,0
31775,0.9999416338208565,1
31776,0.8731452203921789,0
31777,0.8205707850408968,1
31778,0.999999825035498,1
31779,0.9834072507603486,1
31780,0.6131665578911776,0
31781,0.9880270129042084,0
31782,0.9304745631779238,0
31783,0.9930709690832942,1
31784,0.9999994881693912,1
31785,0.9892113220018155,0
31786,0.8074646117554964,1
31787,1.0,1
31788,0.9488150864936025,0
31789,0.8992053456479172,0
31790,0.9618648379521251,0
31791,0.9683152291347632,0
31792,0.9752109790421516,0
31793,0.993026826057081,0
31794,0.9004399713868344,0
31795,0.9889368221291487,0
31796,0.9446463378038421,0
31797,0.9919772048336327,0
31798,0.9834163442648184,0
31799,0.9709604023562804,1
31800,0.9999939091880451,1
31801,0.9468601730554034,0
31802,0.9112386331682157,0
31803,0.9867609747398873,0
31804,0.5787590232933719,0
31805,0.9535839869198868,0
31806,0.7570351237802255,1
31807,0.8161490416674549,0
31808,0.9177921352572093,0
31809,0.5129355435423681,1
31810,0.9995756852247427,1
31811,0.9921792924968669,0
31812,0.9855237499144053,0
31813,0.9258462150194126,0
31814,0.9550400934195338,0
31815,0.7507534101698194,0
31816,0.5498878743779106,0
31817,0.9594281855940359,0
31818,0.9879678033080272,0
31819,0.9809997529771833,0
31820,0.9644804480818155,0
31821,0.9999821553051137,1
31822,0.9999995353084592,1
31823,0.6731618428018473,0
31824,0.7133087153490468,0
31825,0.5749951218206023,1
31826,0.9917311937587314,0
31827,0.9884040001909996,0
31828,0.9896800433401175,0
31829,0.999999724092444,1
31830,0.9486031129370596,0
31831,0.5027421613444933,1
31832,0.9829570154551817,0
31833,0.8352382308944913,1
31834,0.9337249575442744,0
31835,0.5974843718460977,0
31836,0.9999999458137526,1
31837,0.878376665960819,1
31838,0.9999999997664766,1
31839,0.9998848246653056,1
31840,0.9399507953663327,0
31841,0.858411086672412,1
31842,0.5962191511753021,1
31843,0.5086531362526288,0
31844,0.9978479439571546,1
31845,0.9855657549883878,0
31846,0.9813122346036488,0
31847,0.9467230202599531,0
31848,0.9629991840543516,0
31849,0.9759937585524541,0
31850,0.934948123350392,0
31851,0.9609262918511502,0
31852,0.6523183977689776,0
31853,0.9720428014133323,0
31854,0.9532407346895496,0
31855,0.5529055481451765,1
31856,0.9864440262518401,0
31857,0.8354483270726412,1
31858,0.9816715962188098,0
31859,0.9121490410037607,0
31860,0.9999999998899289,1
31861,0.7581985390102771,0
31862,0.6989576233674716,1
31863,0.9988605788100354,1
31864,0.9897170048535843,0
31865,0.8649946104983116,0
31866,0.9706001750114311,1
31867,0.9749740737506782,0
31868,0.730312533029244,0
31869,0.5315700664181122,0
31870,0.9646005847648863,0
31871,0.9999999858316891,1
31872,0.9792464204102472,0
31873,0.8170048809950513,0
31874,0.9929790054688115,0
31875,0.9721520125692057,0
31876,0.9680559355932226,0
31877,0.6761453330062084,0
31878,0.9696911773907232,0
31879,0.6776745452928185,0
31880,0.981800256941413,0
31881,0.9999736178310022,1
31882,0.9044990682913596,0
31883,0.9995866074298431,1
31884,0.9875477332801698,0
31885,0.9065435522564036,1
31886,0.6955863528324524,0
31887,0.9225379482838478,0
31888,0.8514034887041246,0
31889,0.5590471809515268,0
31890,0.9999998409793687,1
31891,0.5099530811899583,1
31892,0.9832715288408373,0
31893,0.9999999999999998,1
31894,0.9721156902545732,0
31895,0.5006296683076031,0
31896,0.9841186757845326,0
31897,0.931997114098411,0
31898,0.9930929592262235,0
31899,0.9010114655092818,1
31900,0.8830305306773856,0
31901,0.6420673474583131,0
31902,0.999999999999496,1
31903,0.98663591097761,0
31904,0.5297910849076325,1
31905,0.9423263352136763,0
31906,0.9340871839564642,0
31907,0.9999999936279675,1
31908,0.9870180542744451,0
31909,0.9696414977615927,0
31910,0.9148221433271829,0
31911,0.7009323291109955,1
31912,0.8362001424048434,0
31913,0.8591055010084276,1
31914,0.9518771794632361,0
31915,0.7941636253674859,0
31916,0.9734380830766578,0
31917,0.9083045935821776,0
31918,0.9746762888976177,0
31919,0.9880847578900407,0
31920,0.6014918721629162,1
31921,0.9691897310626367,0
31922,0.9372861359616946,1
31923,0.9531875139807103,0
31924,0.9174098399347522,0
31925,1.0,1
31926,0.9906183049047397,0
31927,0.9843229823715102,0
31928,0.9884509631452839,0
31929,0.8913546567419742,0
31930,0.990275541852943,0
31931,0.9018555417033348,0
31932,0.6035650210776728,1
31933,0.9771613390923805,0
31934,0.9999999999997768,1
31935,1.0,1
31936,0.8255565866133779,1
31937,0.9867014588229599,0
31938,0.9786439701822109,0
31939,0.9921855944116817,0
31940,0.9797550347794223,0
31941,0.987583431711671,1
31942,0.9404119629372929,0
31943,0.9868857260727063,0
31944,0.9889441830944284,0
31945,0.5205670938817824,0
31946,0.9920330820552039,0
31947,0.9999444473805734,1
31948,0.997560562418086,1
31949,0.9973608745422347,1
31950,0.8171358464751775,0
31951,0.9634185358862398,0
31952,0.9974055391451652,1
31953,0.9851145341275543,0
31954,0.9634047097780807,0
31955,0.9999999999999973,1
31956,0.9875462275078294,0
31957,0.9719684011510996,0
31958,0.9891793798615761,0
31959,0.8669465607687281,0
31960,0.9599523495610939,0
31961,0.8241207757393694,0
31962,0.9906815530789963,0
31963,0.9206668280746055,0
31964,0.9868359924815443,0
31965,0.9609588825203206,0
31966,0.8165748571105738,0
31967,0.9937924799499119,0
31968,0.9999956100561662,1
31969,0.9837760224994105,1
31970,0.9716673011745239,0
31971,0.814189058128813,0
31972,0.9993371045819305,1
31973,0.9775827615597867,0
31974,0.9595087519308002,0
31975,0.9274287484862214,1
31976,0.6228954708968322,1
31977,0.8791632072718827,0
31978,0.6589681475682692,1
31979,0.9846957274762648,0
31980,0.9307971701243793,0
31981,0.5849815171534429,0
31982,0.999872102764723,1
31983,0.9994816345535349,1
31984,0.9216025631464572,1
31985,0.7597877403753466,0
31986,0.5518747889792792,0
31987,0.687883685865701,0
31988,0.9558077241336643,1
31989,0.9856388887470512,0
31990,0.9384770438938116,0
31991,0.8701999045922392,0
31992,0.9640366057433627,0
31993,0.8713291412742822,0
31994,0.8960709809167998,1
31995,0.5002602204701951,0
31996,0.5116030465127922,0
31997,0.990795628082041,0
31998,0.9722661796496567,0
31999,0.7167960552450792,0
32000,0.9016912713387039,0
32001,0.987059241355853,0
32002,0.9424249313246881,0
32003,0.9743815785904902,0
32004,0.9812023350439228,0
32005,0.6253530459222194,1
32006,0.8531161607165944,0
32007,0.7154013546841601,0
32008,0.9696195897678364,0
32009,0.9587117422713418,0
32010,0.7705060448507804,0
32011,0.9900738560314386,0
32012,0.9605285530971462,0
32013,0.984991245867645,0
32014,0.9999838247808713,1
32015,0.9854585126754903,0
32016,0.976178814579044,0
32017,0.9999879580796195,1
32018,0.7013193556391154,0
32019,0.9999999999998859,1
32020,0.8208492560879797,0
32021,0.5349969041318094,1
32022,0.9983389315898608,1
32023,0.9853837555699079,0
32024,0.9324187685165153,0
32025,0.5802045489141217,1
32026,0.990824988418452,0
32027,0.9926719786221944,0
32028,0.9205169186080173,1
32029,0.9886533910644445,0
32030,0.877663841830812,1
32031,0.5237892172282155,1
32032,0.9844754275556096,0
32033,0.9990635246962148,1
32034,0.5482746322486652,1
32035,0.6339103501979542,0
32036,0.9429116592226168,0
32037,0.977732644103837,0
32038,0.8729440085811955,1
32039,0.9998361187219171,1
32040,0.9628685035268556,0
32041,0.9864475465463697,0
32042,0.7452934743467096,0
32043,0.9463789257938048,0
32044,0.8590376027755366,0
32045,0.99293954211244,0
32046,0.9661795377175201,1
32047,0.7527407039788768,1
32048,0.9479782370821767,0
32049,0.8640573040435423,0
32050,0.6967527804208187,0
32051,0.6012247545514405,0
32052,0.5918689752024753,1
32053,0.9998530610238132,1
32054,0.9997639489903819,1
32055,0.9897902438487667,0
32056,0.544254958573737,1
32057,0.9882381197717225,0
32058,0.9999999999735243,1
32059,0.9869714578658001,0
32060,0.9569739452889173,0
32061,0.9675487108589745,0
32062,0.6460591818063237,1
32063,0.9192210906801245,0
32064,0.9805794437009183,0
32065,0.971778485931201,0
32066,0.9895903445398262,0
32067,0.9124106808878059,0
32068,0.9788965310517981,0
32069,0.9999940803448247,1
32070,0.84599520935664,0
32071,0.9301996862468789,0
32072,1.0,1
32073,0.9999999999983886,1
32074,0.8461383672989499,1
32075,0.7906044508554326,0
32076,0.9928316516903891,0
32077,0.9681669884862005,0
32078,0.9807453949113479,0
32079,0.9265651216552124,0
32080,0.6090797804993905,0
32081,0.7220920530037912,0
32082,0.8937419143190357,0
32083,0.7034606371041456,0
32084,0.9849927758369845,0
32085,0.8962666533192583,0
32086,0.9805009508297294,0
32087,0.5050479786184974,0
32088,0.8996652303977486,1
32089,0.952235313965571,0
32090,0.9639754749061203,0
32091,0.925903463043967,1
32092,0.8123013441482324,0
32093,0.9843149407218592,0
32094,0.9825402425316514,0
32095,0.8997340872573589,0
32096,0.98204182389513,0
32097,0.8925838423794415,0
32098,0.9291406831515788,0
32099,0.791401787389723,0
32100,0.9191896257534836,0
32101,0.7741393283279293,0
32102,0.9756759013610631,0
32103,0.992775381989104,0
32104,0.9994991495659529,1
32105,0.9330305026014791,0
32106,0.7412340216129656,0
32107,0.9860272140108685,1
32108,1.0,1
32109,0.8409406897831153,1
32110,0.8171744164461379,0
32111,0.8831580854429312,0
32112,0.682744754147215,1
32113,0.9886071384138264,0
32114,0.8072838329562824,0
32115,0.9998790708433464,1
32116,0.8229340244737143,1
32117,0.7470033969237507,0
32118,0.5243489429728891,0
32119,0.999762850991357,1
32120,0.9904369267184405,0
32121,0.9916970969438539,0
32122,0.9270488090604876,1
32123,0.9276174485364348,1
32124,0.8980263030258909,0
32125,0.7780498325770414,0
32126,0.9044163397183105,1
32127,0.9633333594907951,0
32128,0.9999998305023363,1
32129,0.9870021641308527,0
32130,0.9898891102425305,0
32131,0.770930449405904,1
32132,0.7741341161067095,0
32133,0.8842607835593944,0
32134,0.7509919200819488,0
32135,0.9927315225067473,0
32136,0.981445935556294,0
32137,0.9934921846829156,0
32138,0.5555734599592408,0
32139,0.99472987933316,1
32140,0.9915013804389893,0
32141,0.93237745245272,0
32142,0.8265671181651081,0
32143,0.9793055639951629,0
32144,0.5379070075299512,0
32145,0.991202008788242,0
32146,0.648578685257524,1
32147,0.5518940419278169,1
32148,0.9761618796289713,0
32149,0.8442838363087742,0
32150,0.9913106886207259,1
32151,0.9792096074691902,0
32152,0.9900794372213236,0
32153,0.8588840405497222,0
32154,0.823783258855583,0
32155,0.8272423368434988,1
32156,0.8884008154158605,0
32157,0.9580924634708627,0
32158,0.929604082777888,1
32159,0.9908050968032348,0
32160,0.9284778349693116,0
32161,0.9864538730179649,0
32162,0.9870900906217157,0
32163,0.9988335157094478,1
32164,0.8144906479270859,0
32165,0.9579774030506366,0
32166,0.8793648838778829,0
32167,0.820146941882779,1
32168,0.8143487883480516,0
32169,0.9848147371425292,0
32170,0.9780334045951457,0
32171,0.9880936186490635,0
32172,0.8962345949101495,0
32173,0.5476739305832111,1
32174,0.9968779141295409,1
32175,0.8844630945761631,0
32176,0.8919055887772229,0
32177,0.9627169322376657,0
32178,0.9803211294467548,0
32179,0.8409239284279076,0
32180,0.6566833979820198,0
32181,0.9864907877518307,0
32182,0.9856574560458745,0
32183,0.9791157905214751,0
32184,0.98516396958376,1
32185,0.8716561184341228,0
32186,0.9864682351916103,0
32187,0.9480686216919223,0
32188,0.7922772233808776,0
32189,0.9852609380809721,0
32190,0.9639364947968313,0
32191,0.9321045730099811,0
32192,0.6734086991363554,1
32193,0.9847568075238904,0
32194,0.7618217341247906,1
32195,0.9970417747586896,1
32196,0.6656289288626073,0
32197,0.8198800712197397,0
32198,0.9438098671406255,0
32199,0.9999623341989994,1
32200,0.9600602698563163,0
32201,0.9488321074194768,0
32202,0.9524692261544777,0
32203,0.9652532281268639,0
32204,0.7130878839666712,0
32205,0.993524643543151,1
32206,0.9555584532746965,1
32207,0.8500266309158283,1
32208,0.7162038256001302,1
32209,0.9984836296723787,1
32210,0.6364619034031925,0
32211,0.9384144673533507,0
32212,0.744573794068193,1
32213,0.9520686435079596,0
32214,0.8489237819138262,0
32215,0.9999999999999931,1
32216,0.9908163635441151,0
32217,0.9911397487810126,0
32218,0.8352479025623496,0
32219,0.9920455886803297,0
32220,0.8794385058720068,1
32221,0.9005355155298442,0
32222,0.7664664496058018,1
32223,0.9905070023096351,1
32224,0.5576247168991733,0
32225,0.9623149706834627,0
32226,0.9505931195960241,0
32227,0.9869015998401203,0
32228,0.9939069975387238,0
32229,0.9889560666406892,0
32230,0.9498313027571975,0
32231,0.9638616206729146,0
32232,0.9740047559476869,0
32233,0.9999999999997922,1
32234,0.991632866813539,0
32235,0.5144386517947792,0
32236,0.9372878193280846,1
32237,0.8755575543817176,0
32238,0.8060263732013774,0
32239,0.9999935223104084,1
32240,0.9735590913834697,0
32241,0.5834021041047133,0
32242,0.8103322436449042,0
32243,0.6497613258343844,0
32244,0.9999882685140534,1
32245,0.965389148751385,1
32246,0.9763009112186688,0
32247,0.9953968868708221,0
32248,0.8597302936530082,1
32249,0.9999999894161077,1
32250,0.9901732218471796,1
32251,0.9636927950237264,0
32252,0.9870407945349762,0
32253,0.9721100818420939,0
32254,0.974873221280159,0
32255,0.9151213564594526,1
32256,0.9738668229939329,0
32257,0.5680286576673071,0
32258,0.9592338146651377,0
32259,0.9897401124042853,0
32260,0.557616878482115,0
32261,0.9977632103066983,1
32262,0.5281413547925594,1
32263,0.9873181396022581,1
32264,0.9979896161757142,1
32265,0.9976229968640782,1
32266,0.9763035393195153,0
32267,0.7598754452524422,0
32268,0.9744347575851692,0
32269,0.9193929244984023,0
32270,0.5466672614354047,0
32271,0.88954828845051,0
32272,0.8818137493537108,0
32273,0.5739004319492993,1
32274,0.9900103136033391,0
32275,0.999974851031249,1
32276,0.9541343390566978,0
32277,0.9921272446070035,0
32278,0.9999999464329816,1
32279,0.6332220418032912,0
32280,0.9913421850575068,0
32281,0.997233790134969,1
32282,0.942146876435538,0
32283,0.9995278340093474,1
32284,0.9766040965642767,0
32285,0.9461899230282157,0
32286,0.6998885087878867,0
32287,0.852107965212061,1
32288,0.9531969973082975,0
32289,0.9814934778671336,0
32290,0.9900762007408929,1
32291,1.0,1
32292,0.9703946593621626,0
32293,0.856510909383886,0
32294,0.942235279417861,0
32295,0.9838409841615348,0
32296,0.9760747265055904,0
32297,0.7029365703709255,0
32298,0.9999999999994482,1
32299,0.6004077696265021,0
32300,0.8180234843823656,0
32301,0.9875434213876308,0
32302,0.5193114241484288,0
32303,0.9776809256742994,0
32304,0.5540895687539444,0
32305,0.9999999998409703,1
32306,0.8095176801949382,0
32307,0.9192563464116924,0
32308,0.9999999589337767,1
32309,0.9886553739212951,0
32310,1.0,1
32311,0.9082917191171258,0
32312,0.9609233703422103,0
32313,0.9999911199972107,1
32314,0.9998813646008785,1
32315,0.9999997226054841,1
32316,0.7551989357392985,1
32317,0.9999999906102026,1
32318,0.7791244814561434,1
32319,0.9819988488528536,0
32320,0.7793795254170002,0
32321,0.9701294978142266,0
32322,0.9396796090814474,0
32323,0.934399886636381,1
32324,0.9999986574690772,1
32325,0.9033530610453776,0
32326,0.9681585238884797,0
32327,0.9855825121290557,0
32328,0.6101446217875021,0
32329,0.944690709197099,1
32330,0.9411838618327014,0
32331,0.957682810390636,0
32332,0.9855017160002406,1
32333,0.9906284993508423,0
32334,0.6104868333194632,0
32335,0.6667978299125468,0
32336,0.9721893972057337,0
32337,0.9810988959287379,0
32338,0.9199055457298768,0
32339,0.5745652429563513,1
32340,0.9797983210849562,0
32341,0.6390012747922662,0
32342,0.9485196631882739,0
32343,0.9840300659873038,0
32344,0.7454684214117002,0
32345,0.734572756640418,1
32346,0.9854041483101116,1
32347,0.9916733564009776,0
32348,0.9763038016226265,0
32349,0.9715331302420306,0
32350,0.8649912012766328,0
32351,0.9753333319110623,0
32352,0.9849094687024902,0
32353,0.9762027041277528,0
32354,0.9844236863792947,0
32355,0.5024479141919855,1
32356,0.9520198721126375,0
32357,0.9565133842635744,0
32358,0.8304410843138488,1
32359,0.7041330534702266,0
32360,0.9908313967563166,0
32361,0.8035932225886624,0
32362,0.901645683215873,0
32363,0.8430802831072419,0
32364,0.999997083634593,1
32365,0.9715407082032326,0
32366,0.9999999999999998,1
32367,0.9745372288150781,0
32368,0.9877825158355202,1
32369,0.7747455800745088,0
32370,0.9913512945582219,0
32371,0.9999999999999931,1
32372,0.9822803838894633,0
32373,0.670928685385294,1
32374,0.9928331311316957,1
32375,0.9630179160964673,0
32376,0.8876838155061618,0
32377,0.9687920750610155,0
32378,0.9999916603957318,1
32379,0.9825682447922086,0
32380,0.7689676937659091,0
32381,0.9877506895785456,0
32382,0.7751816375467245,1
32383,0.9423434205592623,0
32384,0.6909039638531892,0
32385,0.999915794942442,1
32386,0.9923321599205169,0
32387,0.9240817125157416,0
32388,0.9868860699805794,0
32389,0.9848808516585141,0
32390,0.9983060836056,1
32391,0.9742968717793646,0
32392,0.9330017189523234,1
32393,0.9656652469509097,0
32394,0.9601305823894521,0
32395,0.8400129247354566,0
32396,0.9601679284300698,0
32397,0.9305951242422018,0
32398,0.6289041002153205,0
32399,0.945208992460996,0
32400,1.0,1
32401,0.9953704449916077,1
32402,0.9868458777183305,0
32403,0.6581761778211707,0
32404,0.9395266801566411,0
32405,0.6692009502816842,1
32406,0.6822792372642154,0
32407,0.8946991913739177,1
32408,0.9829793011875634,0
32409,0.9846627160301515,1
32410,0.5908243953991039,0
32411,0.9377386999363833,1
32412,0.752572891416644,0
32413,0.8821252168388473,0
32414,0.6429154813650063,0
32415,0.9999565046484691,1
32416,0.6415886525602074,0
32417,0.9890223704521987,1
32418,0.991001873203972,0
32419,0.9999999296085968,1
32420,0.999428701953123,1
32421,0.8901133581883273,0
32422,0.9462323362049891,0
32423,0.9113497092921506,0
32424,0.5673403801117817,0
32425,0.9853118776505355,0
32426,0.991792131662904,0
32427,0.9092002499552833,1
32428,0.7663093533983119,0
32429,0.6302362760620185,1
32430,0.6031654386117609,0
32431,0.980016780369454,0
32432,0.5964671378915569,0
32433,0.9836490739795092,0
32434,0.5075963920966822,1
32435,0.9567018971808161,1
32436,0.99999998915563,1
32437,0.9999998883371541,1
32438,0.9787437865845282,1
32439,0.9645671648082472,1
32440,0.6864752082721669,0
32441,0.8936855099305296,0
32442,0.6096548097292933,1
32443,0.9601892009316649,1
32444,0.991792131662904,0
32445,0.9838026966807315,0
32446,0.9358033329005809,0
32447,0.5956056710260687,0
32448,0.9379030978617415,0
32449,0.8830043133494483,0
32450,0.9484716047284767,0
32451,0.9884677968247539,0
32452,0.8768491164602871,0
32453,0.5413230228353636,0
32454,0.9910828508875654,1
32455,0.9520505435523515,0
32456,0.5108033592710284,1
32457,0.9683398937360537,0
32458,0.9805186362288336,1
32459,0.9810439328511824,0
32460,0.5271194587068652,1
32461,0.7997121817446629,0
32462,0.7327241713899568,0
32463,0.9026448281077575,0
32464,0.8981093722835453,0
32465,0.9606269482988483,1
32466,0.9798334182087312,1
32467,0.988298592586529,0
32468,0.8627794480159219,0
32469,0.874214359359584,0
32470,0.999918779658439,1
32471,0.8298003371378174,0
32472,0.939349392513566,0
32473,0.9324282523780768,0
32474,0.9908642746137243,0
32475,0.9738627528033278,1
32476,0.9999738841855393,1
32477,0.999988968487252,1
32478,0.7046789888283019,1
32479,0.8861489874719812,1
32480,0.8729977004501404,0
32481,0.9999991024915782,1
32482,0.9970812769646351,1
32483,0.9998363229975802,1
32484,0.9475642141058587,0
32485,0.9582254774998293,1
32486,0.7033857762180704,0
32487,0.9738985342585825,0
32488,0.9761551818644147,1
32489,0.9978929353658761,1
32490,0.9999982073525939,1
32491,0.9871896945394802,0
32492,0.7570567971483424,0
32493,0.5838597180349857,1
32494,0.902253926219497,0
32495,0.5175270240436708,0
32496,0.967566294375065,0
32497,0.9995920752992803,1
32498,0.9602385698223511,0
32499,0.8009722203950517,0
32500,0.9646136676453085,0
32501,0.9662597152049973,0
32502,0.9187440824253456,0
32503,0.9795171687812904,0
32504,0.9499363576923286,0
32505,0.9999999990207227,1
32506,0.9405048781607515,0
32507,0.600534654282758,0
32508,0.651813273474795,1
32509,0.9792057081549519,0
32510,0.8957519777189907,0
32511,0.5746949136952112,0
32512,0.9428433886135319,0
32513,0.8369428217769213,0
32514,0.9999271011037472,1
32515,0.9798695028008114,0
32516,0.5592853087822979,1
32517,0.9722191895584981,0
32518,0.9805350436108298,1
32519,0.9914967902053721,0
32520,0.7654088816922646,1
32521,0.8691401967037491,0
32522,0.9897087737911175,0
32523,0.9999999998698901,1
32524,0.999986549075992,1
32525,0.9825117542715452,0
32526,0.9999999912975208,1
32527,0.9916049860296441,0
32528,0.9765891653981169,0
32529,0.5138113190884186,0
32530,0.9535397562259458,0
32531,0.9337961511583687,0
32532,0.8462976047284234,0
32533,0.9447582270291055,0
32534,0.9994378427586773,1
32535,0.8095018943315676,1
32536,0.9084755283255933,0
32537,0.6517472516656928,0
32538,0.7481199761242263,1
32539,0.9659182753451304,0
32540,0.9999999994463582,1
32541,0.9841012743688473,0
32542,0.9874826009573839,0
32543,0.9860648103099526,1
32544,0.9950004874040532,1
32545,0.8670274840717975,0
32546,0.9875965784308094,0
32547,0.9624530746339041,0
32548,0.82014717431989,0
32549,0.9883734690007083,1
32550,0.9988681681802825,1
32551,1.0,1
32552,0.7639004104870946,1
32553,0.6784391656597355,1
32554,0.9829338308181249,0
32555,0.8275481690537049,0
32556,0.9999631617301606,1
32557,0.9535880324152414,0
32558,0.977609701269909,1
32559,0.9134042759869834,0
32560,0.9581747289209932,0
32561,0.7486659282966512,0
32562,0.7976435213938553,0
32563,0.9721558885175642,0
32564,0.9554802400910548,0
32565,0.8672712864741945,0
32566,0.6012327530753006,0
32567,0.7824476557137187,0
32568,0.808676990000159,0
32569,0.7969114709415352,1
32570,0.9999999999916107,1
32571,0.9889644986226638,0
32572,0.5056400657056175,1
32573,0.9834295813545048,0
32574,0.9853767374051788,0
32575,0.986341681172365,0
32576,0.8348680527382845,0
32577,0.9988441278996879,1
32578,0.9775785246810845,0
32579,0.9602022786035895,0
32580,0.9651617747706172,0
32581,0.9386724562126353,0
32582,0.9904053690124343,0
32583,0.6159273623430028,1
32584,0.9921132936677209,0
32585,0.9999999999979361,1
32586,0.9891351402768888,0
32587,0.9999999999999993,1
32588,0.9716283243036444,0
32589,0.8063056468082493,0
32590,0.9999993633757104,1
32591,0.979985079607193,0
32592,0.999935687390771,1
32593,0.9999927136426163,1
32594,0.8630764771671473,0
32595,0.9927825964460237,0
32596,0.9999999602361921,1
32597,0.9999913285685795,1
32598,0.9792946153845812,0
32599,0.9811726397183539,0
32600,0.8774778693596662,0
32601,0.9685232453413248,0
32602,0.9166232551447668,0
32603,0.7462208187019478,0
32604,0.9720406316529667,0
32605,0.9689454920517333,0
32606,0.9580135473312357,0
32607,1.0,1
32608,0.9820240487836369,0
32609,0.6566784458489334,0
32610,0.9999994763417289,1
32611,0.9886206307650823,1
32612,0.5784320741647401,0
32613,0.9999303213016205,1
32614,0.9672777925681111,0
32615,0.9706349952848958,0
32616,0.9999876234957822,1
32617,0.9454007505628272,0
32618,0.9912865099130337,0
32619,0.9748847779030964,0
32620,0.5016314548284463,0
32621,0.9498936837265494,0
32622,0.9865647620024866,0
32623,0.9850644051362422,0
32624,0.9754332226031498,0
32625,0.9636201035929925,0
32626,0.9811315988400644,0
32627,0.9852578039708128,0
32628,0.9733198482225321,0
32629,0.9642259222204671,0
32630,0.6642347054032296,0
32631,0.6562813361879516,0
32632,0.9999981671843551,1
32633,0.7396299740287917,0
32634,0.7548900395139442,0
32635,0.989460299857198,0
32636,0.9703045432871646,0
32637,0.9876585230603643,1
32638,0.7357394108440842,0
32639,0.6179167278716072,0
32640,0.9938114405870224,0
32641,0.6651306443333627,0
32642,0.9922917814800735,0
32643,0.7178192903738371,0
32644,0.9975377411326406,1
32645,0.9304961281506611,1
32646,0.9876339369160101,0
32647,0.8054100584281825,0
32648,0.9951774252796592,1
32649,0.9888146642046091,0
32650,0.99999999999998,1
32651,0.9543087129714362,0
32652,0.9168896003527167,0
32653,0.8205240907432808,1
32654,0.6733993341891952,1
32655,0.7260679538986372,0
32656,0.8097048846571239,0
32657,0.840968049594547,0
32658,0.7237324669583165,1
32659,0.9783825709174184,0
32660,0.9999999999999445,1
32661,0.5639482750796132,1
32662,0.8974776248956089,0
32663,0.9849098941542614,0
32664,0.991804686637774,0
32665,0.909617482204616,0
32666,0.5929583132911522,1
32667,0.9132321648974308,0
32668,0.9999935031975359,1
32669,0.9998972040317694,1
32670,0.9674297433430471,0
32671,0.9942605093106329,1
32672,0.990606808185427,0
32673,0.7453527552166632,1
32674,0.9829712873339085,0
32675,0.973910440327001,0
32676,0.9999998664177348,1
32677,0.9858657456503317,0
32678,0.9714630386363576,0
32679,0.9854462842751144,0
32680,0.5243838974862464,0
32681,0.5662564900948469,0
32682,0.9854146373112479,0
32683,0.5399341278301302,0
32684,0.9749679691326831,0
32685,0.9925340108577628,0
32686,0.8396669394076035,0
32687,0.8358602833374607,0
32688,0.8752064062507007,0
32689,0.7740609876489595,0
32690,0.9997998100063422,1
32691,0.8508249098469213,0
32692,0.9209053403725999,0
32693,0.9911235375328312,0
32694,0.9978479431726114,1
32695,0.5826778357694563,0
32696,0.9977413627998244,1
32697,0.7730593272852171,1
32698,0.9854363618256523,0
32699,0.9999865266477358,1
32700,0.9714177868682765,0
32701,0.9136769817971188,1
32702,0.9751170467807326,0
32703,0.5845069202101272,0
32704,0.9258212480186073,0
32705,0.9898080782920629,0
32706,0.6183715621513991,0
32707,0.915228112440122,0
32708,0.9884209584115399,1
32709,0.9785052197532391,0
32710,0.9777766154118228,0
32711,0.9542667480671864,0
32712,0.9999999999919016,1
32713,0.94197978590247,0
32714,0.9668884035238684,0
32715,0.9137513781841191,0
32716,0.9857478504806064,1
32717,0.9706901127493937,0
32718,0.9415965920901043,0
32719,0.9789888270896694,0
32720,0.7695025936184364,1
32721,0.5856071587224826,0
32722,0.9812680757611558,0
32723,0.9872702044427958,0
32724,0.8821379664194633,0
32725,0.9635417185313129,0
32726,0.9883231549024615,0
32727,0.9781252020182829,0
32728,0.78554807583502,0
32729,0.995174097855038,1
32730,0.9950473168942355,0
32731,0.990235110638494,0
32732,0.989933958954751,1
32733,0.9625194022322736,0
32734,0.8474052449745,0
32735,0.9999509955405395,1
32736,0.9950269607464117,1
32737,0.9653012661832234,0
32738,0.8458005364756424,0
32739,0.9910088332676277,0
32740,0.9918959542080739,0
32741,0.8194047261254743,0
32742,0.5026221574989346,1
32743,0.9914095940939416,0
32744,0.9448875584382275,0
32745,0.9185443278786104,0
32746,0.9595671636571238,0
32747,0.9679062696375065,0
32748,0.6131361479494478,0
32749,0.933317453829899,0
32750,0.9998898957721999,1
32751,0.9002668953447772,0
32752,0.8998528168331887,1
32753,0.999999995782382,1
32754,0.9476182481581692,0
32755,0.8414964856722928,1
32756,0.9761758119923942,0
32757,0.9003433071240646,0
32758,0.9825973618535848,0
32759,0.8771774070929139,0
32760,0.9512867440740327,1
32761,0.9894506126575412,0
32762,0.989705027754,0
32763,0.9882717971061789,0
32764,0.9793182616237339,0
32765,0.8976488753512485,0
32766,0.9852243059020411,0
32767,0.552803332769987,0
32768,0.6965693924921552,0
32769,0.9158294051133014,0
32770,0.99145334520275,0
32771,0.9923072690133226,0
32772,0.9106557717901619,0
32773,0.9877064792299349,0
32774,0.9861336145997649,0
32775,0.6509901650792076,0
32776,0.9296611064033491,0
32777,0.9066757667614087,0
32778,0.8129442006719577,1
32779,0.92069551012888,0
32780,0.9714350421390192,0
32781,0.9020192015428492,0
32782,0.5501244437163246,0
32783,0.9814249804045008,0
32784,0.9787030001341592,0
32785,0.9928811837904915,0
32786,0.999999993406951,1
32787,0.9999999995594095,1
32788,0.9331058271884738,0
32789,0.9710058806141366,0
32790,0.9366477494101494,0
32791,0.6881573159236439,0
32792,0.9824938002807848,0
32793,0.9029285333206927,0
32794,0.9713038686816736,0
32795,0.5753292377939316,1
32796,0.9753019875379376,0
32797,0.9872069246431762,0
32798,0.9889116958037069,0
32799,0.9311086948101294,0
32800,0.6027990197980978,0
32801,0.9916026443440761,0
32802,0.9845538844407226,0
32803,0.9885704310756458,0
32804,0.9256420465049116,0
32805,0.9530048642017548,0
32806,0.9823109439948735,0
32807,0.9237865634618504,0
32808,0.9382112400626064,0
32809,0.9999999999998708,1
32810,0.6193517801349323,0
32811,0.891171463053366,0
32812,0.7729343305911323,1
32813,0.9395480706680106,0
32814,0.9871319910615702,0
32815,0.9852017746159523,0
32816,0.9776413927000588,0
32817,0.5580573233203365,0
32818,0.9874131608079696,0
32819,0.9785088737392222,0
32820,0.9895327340950891,0
32821,0.9898650969806746,0
32822,0.9640428996265045,0
32823,0.9848325796207593,0
32824,0.9994587570359503,1
32825,0.9999997145084015,1
32826,0.764719084849034,0
32827,0.9388656581459154,0
32828,0.9898085340793116,0
32829,0.9635259488837329,0
32830,0.9534731969789348,0
32831,0.9848617621709669,0
32832,0.9884752065966644,0
32833,0.9955741068336414,1
32834,0.9878197232428951,0
32835,0.9885527690651098,0
32836,1.0,1
32837,0.9010538826314817,1
32838,0.9781591941624043,0
32839,0.9020046701636246,1
32840,0.9782917355501174,1
32841,0.6495632964075398,0
32842,0.8057109828153283,1
32843,0.9718796942870144,0
32844,0.9872964877735474,0
32845,0.9620178276619399,0
32846,0.5249488223814178,0
32847,0.7933416453388995,0
32848,0.9817660326270414,0
32849,0.6260270864391482,1
32850,0.9180855793527325,0
32851,0.9942210205890392,1
32852,1.0,1
32853,0.9036618283588118,0
32854,0.5817176731140916,0
32855,0.9974298083817955,1
32856,0.989125312868062,0
32857,0.9606439937755465,1
32858,0.8746224702901555,0
32859,0.9942087003149513,1
32860,0.9792014675628533,0
32861,0.9898650969806746,0
32862,0.8578609256291839,0
32863,0.8560410472424668,0
32864,0.971812130452402,0
32865,0.9934415012645459,0
32866,0.9609368424689326,1
32867,0.9999650474969164,1
32868,0.7075019623445329,1
32869,0.5886193564628915,1
32870,1.0,1
32871,0.9324258738564162,0
32872,0.9396445735882353,0
32873,0.6453331195473377,0
32874,0.9881439775810575,0
32875,0.9885905792313382,1
32876,0.9594927590932086,1
32877,0.9932203812617377,0
32878,0.9891779024101875,0
32879,0.9801791289141957,0
32880,0.9828499017023282,0
32881,0.9949720963664619,0
32882,0.9567223953287834,0
32883,0.5037768386770036,0
32884,0.9526222132532889,0
32885,0.9844482871413711,0
32886,0.5463951806284416,1
32887,0.6991187292348386,0
32888,0.6471489854138546,1
32889,0.9702812067680749,0
32890,0.9813040349466322,0
32891,0.9860311377095193,0
32892,0.9925446498509508,0
32893,0.6389793193973478,1
32894,0.9907779449847082,0
32895,0.999811088044941,1
32896,0.7462023136507615,0
32897,0.9594027250673859,0
32898,0.995643631769678,1
32899,0.9450524702029008,0
32900,0.5148071204379294,1
32901,0.9251323183441806,0
32902,0.9719025257313384,1
32903,0.895270723604979,1
32904,0.6366872774553678,0
32905,0.7992734197118697,0
32906,0.9642904625979839,0
32907,0.9181419963616875,0
32908,0.988138990134488,0
32909,0.7736435252158105,1
32910,0.9999999999999998,1
32911,0.6176975271104239,0
32912,0.9741751424351454,0
32913,0.5345003324420374,1
32914,0.9088929124945405,0
32915,0.7477771049517817,0
32916,0.9822010323972348,0
32917,0.9453497373531078,0
32918,0.9809112387779025,0
32919,0.9794228081853565,0
32920,0.9226462468901242,0
32921,0.8781693522433569,1
32922,0.857064274334049,0
32923,0.5478477669381037,1
32924,0.9624868173139444,0
32925,0.6251180101248475,1
32926,0.6447332180744646,1
32927,0.9927010601031696,0
32928,0.9847037105711461,0
32929,0.7878406624435266,0
32930,0.9945426404371083,1
32931,0.7471013424609647,0
32932,0.8237821650315619,0
32933,0.790430383616293,0
32934,0.8456316742411756,1
32935,0.9999999501746542,1
32936,0.9486060339126833,0
32937,0.9915199832194923,0
32938,0.9999990724242958,1
32939,0.9404888693049863,1
32940,0.9174511325594416,0
32941,0.991804686637774,0
32942,0.6270422212852675,0
32943,0.9890324477004241,0
32944,0.9732018410791058,0
32945,0.9865323286629374,0
32946,0.9107514913033229,0
32947,0.9984529453256104,1
32948,0.6501619084920808,0
32949,0.7510319433231709,0
32950,0.9530562631037977,1
32951,0.9758215937165274,0
32952,0.8702551898617668,0
32953,0.9580819801580819,1
32954,0.9998296873847239,1
32955,0.9160585592260445,1
32956,0.9951158475576029,0
32957,0.9875965784308094,0
32958,0.6616189469712506,0
32959,0.9195918946752616,1
32960,0.5453792154587103,1
32961,0.9893984927514669,0
32962,0.5283170911072811,1
32963,0.9634155622502235,0
32964,0.9922958246852509,0
32965,1.0,1
32966,0.9999153076145382,1
32967,0.9918409779617657,1
32968,0.8476794058068107,0
32969,0.9811178197378844,0
32970,0.788174430428075,1
32971,0.7719847937800542,0
32972,0.933189476903209,0
32973,0.993124616829986,1
32974,0.9999999999451092,1
32975,0.7426625438475885,0
32976,1.0,1
32977,0.9941722507527107,1
32978,0.6956669148752875,1
32979,0.990411621763771,0
32980,1.0,1
32981,0.9998078645515145,1
32982,0.9306874007759207,1
32983,0.9936126943294296,0
32984,0.9304318505819865,0
32985,0.9898650969806746,0
32986,0.971041504297048,0
32987,0.978781717337465,0
32988,0.6530029596076486,1
32989,0.9639203607467962,0
32990,0.9440972544584454,1
32991,0.9977158578187666,1
32992,0.9906081247598492,1
32993,0.999986264511351,1
32994,0.9957211031509563,1
32995,0.6612598708598066,1
32996,0.5968284697982515,0
32997,0.9711420750772334,0
32998,0.8613855713828257,0
32999,0.548657020048441,1
33000,0.9684645911696599,0
33001,0.9779087149201549,0
33002,0.8500603421149574,1
33003,0.9666426901162439,0
33004,0.9685375120101525,0
33005,0.659445207382236,0
33006,0.9370310326224092,0
33007,0.522313898666881,1
33008,1.0,1
33009,0.5901465838109147,0
33010,0.6538359506267724,0
33011,0.9999813812614925,1
33012,0.9820117549510905,0
33013,0.526812960480197,0
33014,0.9729876948839096,0
33015,0.9296167480666405,0
33016,0.6205085484447757,0
33017,0.9821985825621856,0
33018,0.9313333800871862,0
33019,0.9474842089846662,0
33020,0.7766333688331852,1
33021,0.9994519338829828,1
33022,0.9608485016744279,0
33023,0.9719670501800945,0
33024,0.9930584351856337,0
33025,0.9804271671630587,0
33026,0.9880567573600127,0
33027,0.9591563420345642,1
33028,0.9999999999999938,1
33029,0.9787488361843643,1
33030,0.9843814657845464,1
33031,0.9187735383919482,0
33032,0.9696446900623745,0
33033,0.7877378680509525,0
33034,0.9595367601511662,0
33035,0.9649318898703311,1
33036,0.9479270493257957,0
33037,0.8283717028219818,0
33038,0.9398790746067214,0
33039,0.7320051530235854,1
33040,0.5422482431844472,0
33041,0.9999982672171275,1
33042,0.9003400069373276,0
33043,0.6304679481270239,1
33044,0.9694123665701365,0
33045,0.9286232654361058,0
33046,0.8428540868752287,1
33047,0.9869825762043342,0
33048,0.9801843303353294,0
33049,0.565503213011378,0
33050,0.8416749968797795,1
33051,0.5413403305701165,0
33052,0.9378085884022865,0
33053,0.7199869909297101,0
33054,0.9829079467366864,0
33055,0.9994633699551947,1
33056,0.7771549566770563,1
33057,0.8673856197789184,0
33058,0.9977062097178507,1
33059,0.9169674627833495,0
33060,0.8089357847049342,0
33061,0.9930301347542974,0
33062,0.9908147312833384,0
33063,0.9402748031904642,0
33064,0.9999997361918497,1
33065,0.5400392351437703,0
33066,0.7816406806970861,1
33067,0.851110622552996,0
33068,0.8439181284708202,0
33069,0.6058178041329723,0
33070,0.7360906056778869,0
33071,0.9845616355737069,0
33072,0.9999999996612763,1
33073,0.5729538696142626,1
33074,0.7171509107632765,1
33075,0.7522731597957183,1
33076,0.9801663287830589,0
33077,0.8293031773126207,1
33078,0.9820167098298663,0
33079,0.9826177511697136,0
33080,0.896766797916461,1
33081,0.9315265748664897,1
33082,0.9838410470478726,0
33083,0.9999999999978593,1
33084,0.9719539585147361,0
33085,0.9565028542583129,0
33086,0.5034728202839992,0
33087,0.8890817191068707,0
33088,0.9706478746433257,0
33089,1.0,1
33090,0.8530728382877836,1
33091,0.988460183467519,0
33092,0.898955222074458,0
33093,0.970073775206995,0
33094,0.8661053880520402,0
33095,0.9782671782758172,0
33096,0.9779480347144666,0
33097,0.999585943316104,1
33098,0.9795762907428641,0
33099,0.7475721215896357,1
33100,0.9756310585299984,0
33101,0.576382148537892,1
33102,0.8604429824952392,0
33103,0.9353925093425145,0
33104,0.9914563921558859,1
33105,0.9045652311053405,0
33106,0.9534437648015561,0
33107,0.8795688383571217,0
33108,0.9549269921670621,0
33109,0.9999999795378063,1
33110,0.8390141191208806,1
33111,0.9770600788850158,0
33112,0.9774795657702031,0
33113,0.9526530711787559,0
33114,0.6056407968289195,0
33115,0.9627835903863224,0
33116,0.8654641786347583,0
33117,0.9587635055404757,0
33118,0.9999999977033205,1
33119,0.6105282141850449,0
33120,0.9461267340875168,0
33121,0.9732171606011107,0
33122,0.9845177540476999,0
33123,0.991804686637774,0
33124,0.9801269522457531,0
33125,0.9853614840953159,0
33126,0.9979860411698921,1
33127,0.9591549680512463,0
33128,0.9601007443243131,0
33129,0.6834818066278671,1
33130,0.9018794605877344,1
33131,0.8727376900320309,0
33132,0.7340146215474831,0
33133,0.965171497698506,0
33134,1.0,1
33135,0.9840879935071022,0
33136,0.7171931146655303,0
33137,0.9999641318304436,1
33138,0.9816523635072936,0
33139,0.9655186007194252,0
33140,0.9997429519862324,1
33141,0.9800905357321837,0
33142,1.0,1
33143,0.852403990509882,0
33144,0.8501888796533814,0
33145,0.9999463706093847,1
33146,0.9658157485934483,0
33147,0.9593860193413257,0
33148,0.7568955358600044,0
33149,0.9804969016124756,0
33150,0.9864029957812064,1
33151,0.9863108030757162,0
33152,0.5002560145913663,0
33153,0.82280208258732,0
33154,0.5614413109207937,1
33155,0.8246797523983492,0
33156,0.9999999999999574,1
33157,0.8838272314601899,0
33158,0.669271170294715,1
33159,0.9460681252592071,1
33160,0.9584157355837151,0
33161,0.9649279074678333,0
33162,0.9995919642735631,1
33163,0.9796256118257747,0
33164,0.9525030910207021,0
33165,0.8618026988007896,0
33166,0.7285885571091552,1
33167,0.8638986467502561,1
33168,0.9072532251895895,0
33169,0.6695664148127626,0
33170,0.7935712973398561,0
33171,0.9738302535672545,1
33172,0.9455369346496354,1
33173,0.8297832520792882,0
33174,0.9777192142091478,0
33175,0.923076125209829,1
33176,0.9596107815296898,0
33177,0.7075859452404357,0
33178,0.8433815914523825,0
33179,0.8672916015472449,0
33180,0.9737831111686115,0
33181,0.9321990215652954,0
33182,0.7901134605033582,0
33183,0.790974467602368,0
33184,0.9837692164885418,0
33185,0.7398724413049282,0
33186,0.9808622511789128,1
33187,0.8645674437238554,0
33188,0.967064882737794,1
33189,0.9772662037315248,0
33190,0.9906578168204923,0
33191,0.9999999999603892,1
33192,0.9182499383069096,0
33193,0.8078178065412739,0
33194,0.9563433516032696,0
33195,0.9911235375328312,0
33196,0.9714154096810876,0
33197,0.8412355114802555,1
33198,0.7739103494175816,0
33199,0.9810419569652565,0
33200,0.9865612247361639,0
33201,0.9693723502063566,0
33202,0.9768913525558912,0
33203,0.8113345592333935,0
33204,0.903917326525167,0
33205,1.0,1
33206,0.9829296242089391,0
33207,0.9999004308028804,1
33208,0.9917818539318697,0
33209,0.9056562637088297,0
33210,0.7417345157810149,0
33211,0.7132631160910484,0
33212,0.5355279814158848,1
33213,0.9869328761713645,0
33214,0.9355046583479065,0
33215,0.8892117086431993,0
33216,0.9999999986649746,1
33217,0.8856410298631159,0
33218,0.8842221389065732,0
33219,0.9882275786318518,0
33220,0.8870874312613091,0
33221,0.9964761904589844,1
33222,0.5164718646448965,0
33223,0.9691198069139559,0
33224,0.9999813005582261,1
33225,0.9786829473346632,0
33226,0.7299697142574576,0
33227,0.973419771610527,0
33228,0.9783656999712707,0
33229,0.9879835604717241,0
33230,0.7575031428077225,0
33231,0.9365237678477937,0
33232,0.9922562838454287,0
33233,0.9914140957822681,0
33234,0.8418788470980709,0
33235,0.8101131890934363,0
33236,0.9881960997354274,0
33237,0.9497968814550526,0
33238,0.9999998541629413,1
33239,0.90642034623599,1
33240,0.9893094457914382,0
33241,0.922002490982967,0
33242,0.8106385254488156,1
33243,0.9224058770813636,0
33244,0.8819490057840456,0
33245,0.5240275146459535,0
33246,0.9808034615671825,0
33247,0.9033836076920267,0
33248,0.6049972578285847,1
33249,1.0,1
33250,1.0,1
33251,0.9891673560812169,0
33252,0.5427277062341549,1
33253,0.9977433482965692,1
33254,0.999999998961167,1
33255,0.6334523561387181,0
33256,0.873317716367186,0
33257,0.9779147730461477,0
33258,0.9361796668362561,0
33259,0.5023718934467716,1
33260,0.5374781776740667,0
33261,0.9853618776279417,0
33262,0.9602195673411648,0
33263,0.7442610866385939,0
33264,0.7579952076398201,1
33265,0.975360193891004,0
33266,0.9999999999753713,1
33267,0.6201450194672361,1
33268,1.0,1
33269,0.8214043747526564,0
33270,0.91583929682611,1
33271,0.5429816695365551,0
33272,0.9149526033965549,0
33273,0.976540430148423,0
33274,0.8994622704851667,0
33275,0.9940420421521267,1
33276,0.9414650897591762,0
33277,0.57315723266543,0
33278,0.9886489371005202,1
33279,0.8516677101823135,0
33280,0.9670112971458483,0
33281,0.9994608575928365,1
33282,0.9999960454280348,1
33283,0.953682581474878,0
33284,0.9987043607514037,1
33285,0.8253622948775265,0
33286,0.8397828055929315,0
33287,0.5310073940720482,0
33288,0.6989804550111067,0
33289,0.8367695322602712,0
33290,0.781066566478568,0
33291,0.9633296737062766,0
33292,0.9906171307995637,0
33293,0.7576356756378324,0
33294,0.9277866297354583,0
33295,0.8251849307987198,0
33296,0.9757638971269486,0
33297,0.7376389652597957,0
33298,0.500433965109122,1
33299,0.9866308139308125,0
33300,0.9974939669992806,1
33301,0.9891352231116072,0
33302,0.7185362274995243,1
33303,0.9999999998210023,1
33304,0.9757518426652017,0
33305,0.9887865294050127,0
33306,0.902091003624145,0
33307,0.9999644029843008,1
33308,0.9632110358531568,1
33309,0.9995000710598119,1
33310,0.9776930555536003,1
33311,0.9989889887130247,1
33312,0.8329055416375719,0
33313,0.9787386533620759,1
33314,0.9922562838454287,0
33315,0.9980477048934167,1
33316,0.9763517139731781,0
33317,0.9739993857246884,0
33318,0.602631148205734,1
33319,0.9426753936763155,0
33320,0.9999999998274935,1
33321,0.9506045291816798,0
33322,0.983738747853444,0
33323,0.9889003924679524,0
33324,0.9999999999698819,1
33325,0.7246170212129396,0
33326,0.9841273629774887,0
33327,0.9942895306229171,0
33328,0.9943020324418498,0
33329,0.9830933750114794,0
33330,0.8629887748322309,0
33331,0.6806035588987982,0
33332,0.9113778943901111,0
33333,0.8580968042657067,0
33334,0.9939196213402562,0
33335,0.6339744055998155,1
33336,0.6225165690188138,0
33337,0.9752892163824721,0
33338,0.8472619686439503,0
33339,0.9967936751786385,1
33340,0.6238363441389028,1
33341,0.8457796390708026,1
33342,0.9225612716150623,0
33343,0.695371405562455,0
33344,0.999098392935207,1
33345,0.9832705715268807,0
33346,0.9896359414953005,0
33347,0.9999966924349625,1
33348,0.9489083007642566,0
33349,0.6270080914529909,0
33350,0.6179681448007308,0
33351,0.9460268961012634,1
33352,0.9866072683632341,0
33353,0.7577762852067118,0
33354,0.9756275519640999,0
33355,0.8602043518246373,0
33356,0.9889004477688722,0
33357,0.7468194728795695,1
33358,0.5903632665225769,0
33359,0.9857231662605785,0
33360,0.9874424746817755,0
33361,0.9922562838454287,0
33362,0.9353489225025964,0
33363,0.7057543812053257,1
33364,0.8200551864499398,0
33365,0.9999999437877551,1
33366,0.9999998731661881,1
33367,0.8546268251465692,1
33368,0.9745310695792696,0
33369,0.9714943172812853,0
33370,0.8027570843365456,1
33371,0.5806257646900576,0
33372,0.8735049577494406,0
33373,0.9999999999999949,1
33374,0.9908203815542255,0
33375,0.9999796110676009,1
33376,0.9584859503728872,1
33377,0.6209399928528739,1
33378,0.6113479751608226,1
33379,0.9865803589900515,0
33380,0.9941732515756452,1
33381,0.9524985347044637,0
33382,0.5234155680882959,1
33383,0.9886849556459977,1
33384,0.7633188590627071,0
33385,0.9475527840799002,0
33386,0.6125589376196313,0
33387,0.650118093668093,0
33388,0.9863258744495454,1
33389,0.9999965973669216,1
33390,0.6482407810039289,0
33391,0.9734650190477111,1
33392,1.0,1
33393,0.9844873479271616,0
33394,0.6837967870406021,0
33395,0.9673709581308401,0
33396,0.9388415056837239,0
33397,0.972802927093862,1
33398,0.9999731815790918,1
33399,0.5524035912470995,0
33400,0.9837237944187055,0
33401,0.9999999882954135,1
33402,0.9807458158868163,0
33403,0.7557225087151119,0
33404,0.9580794148864765,0
33405,0.9693617233234101,0
33406,0.9987966359435306,1
33407,0.9071186181817911,0
33408,0.9999999999999947,1
33409,0.9999985679087624,1
33410,0.8775268932245613,1
33411,0.9127585358480981,0
33412,0.9930718996231462,0
33413,0.9885282290804617,0
33414,0.9554428938362174,0
33415,1.0,1
33416,0.9949757483832757,1
33417,0.9998262551611262,1
33418,0.9779936899736343,1
33419,0.8860715145284674,1
33420,0.7275822144247546,0
33421,0.9006810000231871,0
33422,0.9827965557386209,0
33423,0.9999999948920435,1
33424,0.5855430654321585,1
33425,0.6653976945264141,1
33426,0.999827882553285,1
33427,0.9488272536976159,0
33428,0.9835515923841943,1
33429,0.9910923029680044,0
33430,0.9784930416151727,0
33431,0.9271049208809435,0
33432,0.9882082576520118,0
33433,0.9908178054127041,0
33434,0.9743468372232268,0
33435,0.9865612247361639,0
33436,0.9047878109080043,1
33437,0.988879297246087,0
33438,0.6136585494048112,1
33439,0.706576792270626,1
33440,1.0,1
33441,0.9503562159878374,1
33442,0.5049628217050927,1
33443,0.5693005808150163,1
33444,0.9633453747266586,0
33445,0.987967500095762,0
33446,0.908295885451717,0
33447,0.9134790660480501,1
33448,0.7387113176382613,0
33449,0.8669474433088431,1
33450,0.9910650992368216,0
33451,0.9481461463866411,1
33452,1.0,1
33453,0.8595082983703973,0
33454,0.8154438865198513,0
33455,0.7971769819925074,0
33456,0.9913540621312986,1
33457,0.9791494483021699,1
33458,0.9923841369912075,0
33459,0.8388547711391228,1
33460,0.9284197677819603,1
33461,0.946839080465438,0
33462,0.9861223575927546,0
33463,0.8859488229781919,1
33464,0.605709156203809,1
33465,0.9589382322168829,0
33466,0.9970107980272669,1
33467,0.9993262415730058,1
33468,0.9591923608202344,0
33469,0.9726438775030153,1
33470,0.9999998893691132,1
33471,0.801844787722493,0
33472,0.9899348440166399,0
33473,0.972206989550311,0
33474,0.8267596693561959,0
33475,0.9999999952617014,1
33476,0.8067891722495694,0
33477,0.9895689859219123,1
33478,0.8966687210065594,1
33479,0.9612329310200681,1
33480,0.7358175758201195,0
33481,0.6868879607007302,1
33482,0.9927911914266624,0
33483,0.9573504292921573,0
33484,0.8309180713846184,1
33485,0.5720766246273759,0
33486,0.939781075527211,0
33487,0.9718578654062238,0
33488,0.9931085251676758,0
33489,0.9893577895003564,0
33490,1.0,1
33491,0.986717493007048,0
33492,0.9894796928334677,0
33493,0.9781791825547613,0
33494,0.9764417035949409,0
33495,0.9779436773473833,0
33496,0.848124683801718,0
33497,0.8176278701850571,0
33498,0.9881077572854406,0
33499,0.9627973616034472,0
33500,0.5201222562505635,0
33501,0.9853450156093234,0
33502,0.6574538903273397,1
33503,0.5153602530011059,1
33504,0.8854495662176701,1
33505,0.8545370909656579,0
33506,0.9527522095867719,0
33507,0.78323975492908,0
33508,0.9211876116680346,0
33509,0.999991675756878,1
33510,0.9999997741322606,1
33511,0.8845083457389442,0
33512,0.9892579249204341,0
33513,0.972381371015513,0
33514,0.8541104014109534,0
33515,0.9865120218378274,0
33516,0.8578305460482486,0
33517,0.7539227187596725,0
33518,0.9903839055633422,1
33519,0.6234179278563992,1
33520,0.9931709642926646,0
33521,0.7439697810305307,0
33522,0.9872309847182377,0
33523,0.999389863660812,1
33524,0.9776175542919928,1
33525,0.7458090230571698,1
33526,0.9859267067538146,1
33527,0.8782013014332283,0
33528,0.9357707192021597,0
33529,0.9622042247626802,0
33530,0.9989680599640554,1
33531,0.9807972379367732,0
33532,0.9629303955444974,0
33533,0.9790229479869915,1
33534,0.7697059461207179,0
33535,0.9320101920968341,0
33536,0.9762687251133505,1
33537,0.9149847942644062,0
33538,0.8988201070324288,1
33539,0.999972892228006,1
33540,0.9430598465044079,0
33541,0.9873961370156664,0
33542,0.969302314411395,0
33543,0.7428130857100979,0
33544,0.8725565265290426,0
33545,0.950198894505338,1
33546,0.958714050070571,0
33547,0.531586010387344,1
33548,0.9933382793687893,1
33549,0.9999857236592249,1
33550,0.9814919702848545,0
33551,0.9920003323860516,0
33552,0.9770744109026697,0
33553,0.9999999999998199,1
33554,0.9857605437703006,0
33555,0.9833000113353216,0
33556,0.9999998908281922,1
33557,0.9924184880303966,0
33558,0.9999999795701882,1
33559,0.9850861433130568,0
33560,0.5826082967497258,1
33561,0.9542532014715379,0
33562,0.5535584306382869,0
33563,0.9522506857023522,0
33564,0.9903398052681232,1
33565,0.984942594259924,0
33566,0.8380998658417566,0
33567,0.9986557568343004,1
33568,0.7869413231186821,0
33569,0.9847145243448727,0
33570,0.5017130981008696,0
33571,0.9440151425690869,0
33572,0.9151727289747383,0
33573,0.9056414064330504,0
33574,0.5396106656557724,0
33575,0.9183451103240706,0
33576,0.999161306642769,1
33577,0.9829778140634544,1
33578,0.5144987908617327,0
33579,0.9999999752607546,1
33580,0.8571390053812045,0
33581,0.983861257636534,0
33582,0.7532721465550695,1
33583,0.9906926827368773,0
33584,0.7869668426819907,0
33585,0.9896367333052195,0
33586,0.6125980178549048,0
33587,0.9905227069483953,0
33588,0.9440358338713325,0
33589,0.9787695717806659,0
33590,0.6524138738812478,0
33591,0.5953339561368602,0
33592,0.7061173851454521,0
33593,0.9545482230007767,0
33594,0.9999999999324396,1
33595,0.88986483190074,0
33596,0.9787470398658421,0
33597,0.6771415476133397,0
33598,0.9877765215625068,0
33599,0.506752791605762,1
33600,0.6213430005328536,1
33601,0.9213177477266782,0
33602,0.7069575451982846,1
33603,0.9999078673267819,1
33604,0.9431351570212864,1
33605,0.997893641282385,1
33606,0.9871158906122337,0
33607,0.9912868937889715,0
33608,0.9794965489322813,0
33609,0.9989131340891192,1
33610,0.9822159340162405,0
33611,0.9900659709205095,1
33612,0.837062628112639,0
33613,0.7689525116128717,1
33614,0.7586458697546041,0
33615,0.8808650363592421,1
33616,0.9999999999914095,1
33617,0.9869907748808547,0
33618,0.9236229109399251,1
33619,0.9998596829374194,1
33620,0.9999977281326574,1
33621,0.9181723951073362,0
33622,0.6931625168995318,0
33623,0.5822202801913235,0
33624,0.9673501694221768,0
33625,0.9795446805939713,0
33626,0.8642000482160679,0
33627,0.8745395535988747,0
33628,0.8853632339783288,0
33629,0.9848152617435124,0
33630,0.9871200548629707,0
33631,0.8764190831965937,0
33632,0.9879649442855851,0
33633,0.6308936019605436,1
33634,0.9995951871424494,1
33635,0.979914223332444,0
33636,0.9243821350545854,0
33637,0.9891483199073051,1
33638,0.6374372801653547,1
33639,0.991804686637774,0
33640,0.9777298890277714,0
33641,0.9876033884494303,1
33642,0.9883770960887718,0
33643,0.7791282343012884,0
33644,0.5423309197608182,0
33645,0.729882580130055,1
33646,0.9762284070482717,0
33647,0.9832310682177329,1
33648,0.7699362271264463,1
33649,0.9983250519989921,1
33650,0.9663712913858268,0
33651,0.982709817499605,0
33652,0.5890434092629779,0
33653,0.9836818755218846,0
33654,0.9479669103909601,0
33655,0.9987943274551971,1
33656,0.9928690188534556,0
33657,0.6685544203440488,0
33658,0.9806031701981011,0
33659,0.9982021218754539,1
33660,0.9669105949755539,0
33661,0.9720007119786462,0
33662,0.993159218669016,1
33663,0.9912009305657692,0
33664,0.9770895982689165,0
33665,0.881285515181512,0
33666,0.9999709722984949,1
33667,0.9575014028185153,0
33668,0.9619999553864066,0
33669,0.9257370808877059,0
33670,0.9147747154831128,0
33671,0.9870736136123184,0
33672,0.9900215648006493,0
33673,0.9442753162255961,0
33674,0.9994910962966294,1
33675,0.978827631824992,1
33676,0.9999808923416486,1
33677,0.870271297716249,0
33678,0.9981501856516687,1
33679,0.8792000701080789,0
33680,0.9752789742320161,0
33681,0.8823247415008234,0
33682,0.9561666231099875,0
33683,0.958184491575289,0
33684,0.7079223091949925,0
33685,0.9458776329735261,0
33686,0.9970362473475879,1
33687,0.9999533857936754,1
33688,0.8997682061903212,0
33689,0.9999999999999041,1
33690,0.9623807402920125,0
33691,0.9164465816789773,0
33692,0.9999999894396022,1
33693,0.7355576698009169,0
33694,0.9922582203202468,1
33695,0.93189296937216,0
33696,0.9999854636333344,1
33697,0.9908769376693721,0
33698,0.9373782286848745,1
33699,0.5640233638749392,1
33700,0.9117097125488574,1
33701,0.5928484788934888,1
33702,0.7636451593343399,0
33703,0.9885715914139538,0
33704,0.9879601857959713,0
33705,0.97195439725746,0
33706,0.8705071372087894,0
33707,0.9999999999979203,1
33708,0.9437036169371087,1
33709,0.9423304808675815,0
33710,0.8232445654840865,0
33711,0.9255841472662939,0
33712,0.7413908526758762,0
33713,0.9750642499941555,0
33714,0.6775510143401038,1
33715,0.9860814587220676,0
33716,0.9047684050013451,0
33717,0.7371054153256101,1
33718,0.9309395088096878,1
33719,0.9738645006482273,0
33720,0.6704792894707502,1
33721,0.9684080200087769,0
33722,0.9856568016411219,0
33723,0.9999968779670662,1
33724,0.5603446542863463,1
33725,0.7230152563071504,0
33726,0.9916338900445204,0
33727,0.8744673614187052,0
33728,0.9732506667061114,0
33729,0.9947688426150807,1
33730,0.9524851229135319,0
33731,0.9777495259202778,0
33732,0.9962310257443552,1
33733,0.7929691587276552,0
33734,0.9876402749213263,0
33735,0.999953059991302,1
33736,0.9816191204777278,0
33737,0.9928072684195931,0
33738,0.885325189466564,0
33739,0.9732269735250394,0
33740,0.9801960449251708,0
33741,0.9496330746693985,0
33742,0.7240405539129955,1
33743,0.879160444135327,0
33744,0.9524460107231238,0
33745,0.9930643313371388,1
33746,0.9784193696156981,0
33747,0.963935197963675,1
33748,0.9808228151599473,0
33749,0.9900215648006493,0
33750,0.9768352128674862,0
33751,0.8657548542428951,1
33752,0.9731332501036682,1
33753,0.8616222104610839,0
33754,0.7322538974021194,0
33755,0.8582838271863501,0
33756,0.8937936328933572,0
33757,0.9583646340300439,0
33758,0.9999989784374963,1
33759,0.6636832503175736,0
33760,0.7527599295379704,0
33761,0.8917332639756068,0
33762,0.8298822773301149,0
33763,0.9999998442737263,1
33764,0.9654485048432664,0
33765,0.6526829666037441,1
33766,0.9780442133078525,0
33767,0.9893182343517286,0
33768,0.8699334567209158,0
33769,0.9812800939416824,0
33770,0.978562939110317,0
33771,0.9557236823822062,0
33772,0.957219922899259,0
33773,0.9985006602276172,1
33774,0.9874641296045966,1
33775,0.9868982612915448,0
33776,0.9893886877146607,0
33777,0.9999999999999956,1
33778,0.9267423815522557,0
33779,0.9870812367564753,0
33780,0.6121466407905253,0
33781,0.9726624359821106,0
33782,0.9250865890712635,1
33783,0.9660807254068245,0
33784,0.9833991781918509,0
33785,0.9296281412997915,1
33786,0.7041142737302117,1
33787,0.8911091919934131,0
33788,0.9399748832985824,0
33789,0.9942895306229171,0
33790,0.9276825773115731,0
33791,0.7592261272675734,1
33792,0.784608377332303,1
33793,0.8648930269338837,0
33794,0.9920557820602384,0
33795,0.7681645257048199,1
33796,0.9999999998995808,1
33797,0.8497683792398438,0
33798,0.9711899428229648,0
33799,0.8497944691790845,0
33800,0.9381434497974478,0
33801,0.7621017810892333,0
33802,0.9630650908331942,0
33803,0.5696350606395693,1
33804,0.9947479372720602,0
33805,0.8999513885285464,0
33806,0.9557654302030903,0
33807,0.9616255216140746,0
33808,0.998417604155691,1
33809,0.9614864119579218,0
33810,0.642657753192806,0
33811,0.98811680343831,1
33812,0.5490465586899136,0
33813,0.6266770618693258,0
33814,0.9980514512072727,1
33815,0.999999984169856,1
33816,0.7136320980017007,0
33817,0.6255518275180022,0
33818,0.9598801026890538,0
33819,0.7112000075562593,0
33820,0.605017504926926,0
33821,0.9079022707572101,0
33822,0.8556439536928014,0
33823,0.7260245869078005,0
33824,0.8554970952940009,0
33825,0.9999985900348469,1
33826,0.9846572814920255,0
33827,0.9853950968488842,0
33828,0.999999999518904,1
33829,0.940878729547382,0
33830,1.0,1
33831,0.9999999974897962,1
33832,0.955335574419982,0
33833,0.9999999111482628,1
33834,0.9557408334318621,1
33835,0.729222501845622,0
33836,0.7361800557943083,0
33837,0.8736384752624702,0
33838,0.9813486501416401,0
33839,0.9700145602485224,0
33840,0.8292500500198119,0
33841,0.8231745495128203,1
33842,0.767508277960192,0
33843,0.9103196239907803,0
33844,0.9714126349947287,0
33845,0.9896433392565777,0
33846,0.9959583711560173,1
33847,0.9859283331877846,0
33848,0.964401872321496,0
33849,0.7770055719179032,0
33850,0.5245073066682747,0
33851,0.6687413302306534,1
33852,0.8811760082982741,0
33853,0.9897040229484665,0
33854,0.8034817832590601,1
33855,0.9217257219464733,0
33856,0.9885683631799149,0
33857,0.9642520994348235,0
33858,0.9930693915122667,0
33859,0.6593914306474632,0
33860,0.9707410204790403,0
33861,0.9012698619179529,0
33862,0.9999999999130558,1
33863,0.9763748603162149,0
33864,0.9852023588879316,0
33865,0.6016870030661216,1
33866,0.960039814877311,0
33867,0.978232735786032,0
33868,0.9996995853424516,1
33869,0.7449179485157926,1
33870,0.5447520218006989,1
33871,0.9448988895225863,0
33872,0.5499620764975733,0
33873,0.9660859147691542,0
33874,0.6838477035271139,0
33875,0.9795805879544522,0
33876,0.9623304177949286,1
33877,0.6307563173247885,1
33878,0.9138843243632239,1
33879,0.96918547376943,0
33880,0.9884321749376695,0
33881,0.9886888403936053,0
33882,0.854926959103111,0
33883,0.6135158868995815,1
33884,0.9763913883363764,0
33885,0.9999999999999876,1
33886,0.9912954762613574,0
33887,0.9867613344334036,0
33888,0.9426209387966988,0
33889,0.7238009817638231,1
33890,0.9967529661043829,1
33891,0.8295964980301856,0
33892,1.0,1
33893,0.9999997260790618,1
33894,0.7041293286904238,1
33895,0.9142238579882905,0
33896,0.9829328168462186,0
33897,0.9999999225596085,1
33898,0.9807373285728292,0
33899,0.8373811476947745,0
33900,0.8779291044104974,0
33901,0.9740464757267585,0
33902,0.9820057233573661,0
33903,0.9858996796721587,0
33904,0.9634918243517023,0
33905,0.9815558125703465,0
33906,0.8309290818772725,0
33907,0.9784436908405921,1
33908,0.9595193271668443,0
33909,0.9686329805728682,0
33910,0.8070727035875609,0
33911,0.9992835415236836,1
33912,1.0,1
33913,0.794503667022661,0
33914,0.7772025092499953,0
33915,0.9674623260310328,0
33916,0.9847901603564525,0
33917,0.9474246037780694,0
33918,0.9999999999990146,1
33919,0.9337357885303085,0
33920,0.9738350187957845,0
33921,0.9063588076821397,0
33922,0.6925132534227091,0
33923,0.9155613658352053,0
33924,0.9239095673682257,0
33925,0.5930112728834445,1
33926,0.9177014790358166,0
33927,0.9765572420715822,0
33928,0.6499715292829501,1
33929,0.9915372619689982,0
33930,0.9999625476581865,1
33931,0.745954802755971,1
33932,0.9858566112289131,0
33933,0.992381044465061,0
33934,0.6486503782643507,0
33935,0.9736726541254211,0
33936,0.9817222681961665,0
33937,0.6450779089001364,0
33938,0.9720319747571318,0
33939,0.5595475084763675,1
33940,0.9544095937874454,0
33941,0.9840586065274013,0
33942,0.9707366020533577,0
33943,0.9873962766759998,0
33944,0.988298592586529,0
33945,0.9909824805003548,0
33946,0.8755404519594503,1
33947,0.8939926845740811,0
33948,0.9677213568243277,0
33949,0.7804603458216912,1
33950,0.9916575071284373,1
33951,0.7631247658829337,0
33952,0.9778267107156955,0
33953,0.5690234255520928,0
33954,0.9764175238078515,0
33955,0.772628705812809,1
33956,0.8697529950067914,0
33957,0.9999954346248593,1
33958,0.9932945722946359,1
33959,0.9880919763312683,0
33960,0.976428515745132,0
33961,0.9996329941894305,1
33962,0.9731155947152653,1
33963,0.9084869240124122,0
33964,0.9894751613049116,0
33965,0.9784534202245975,0
33966,0.9806088995410027,0
33967,0.7278729948197927,0
33968,0.9425225373873439,0
33969,0.7233529174774586,0
33970,0.9999906981677454,1
33971,0.9393133000856302,0
33972,0.9571642139358687,0
33973,0.981707474565877,0
33974,0.988437416982557,0
33975,0.9796836756666146,0
33976,0.6745015676672599,0
33977,0.9955232293115291,0
33978,0.9670039874318865,1
33979,0.9793624576397094,0
33980,0.626820498253709,1
33981,0.9917463965704669,0
33982,0.9892594675679661,0
33983,0.502106337450488,1
33984,0.9978087413091713,1
33985,0.9004202766662629,0
33986,0.9294838898010893,0
33987,0.9559939737444216,0
33988,0.9249163857095912,0
33989,0.8970993980637931,0
33990,0.8371511678232212,0
33991,0.9998888386386242,1
33992,0.9539036750182863,0
33993,0.72106783201161,0
33994,0.9744240135042488,0
33995,0.9999989816636308,1
33996,0.9876325830559417,0
33997,0.990176483968619,0
33998,0.6791758041711105,0
33999,0.9919432126078637,0
34000,0.9807563242668041,0
34001,0.9919475743237333,1
34002,0.7624041057871581,0
34003,0.9716256199901805,0
34004,0.8071709811516556,0
34005,0.9824450153334219,0
34006,0.9852739448962526,0
34007,0.999999975547284,1
34008,0.739911726329666,0
34009,0.9205173263525563,1
34010,0.9999919692120157,1
34011,0.9846036354327499,0
34012,0.5049174858750266,0
34013,0.900812896296664,0
34014,0.9846486108894018,0
34015,0.9985071801834691,1
34016,0.9999279813432816,1
34017,0.710460463439906,1
34018,0.9527899691703637,0
34019,0.9284690302607777,0
34020,0.979891999577135,0
34021,1.0,1
34022,0.9874031629798735,1
34023,0.9998515544863068,1
34024,0.6418923087615767,0
34025,0.921562207832519,0
34026,0.7688448567521926,0
34027,0.98185797001739,0
34028,0.9817540667778815,0
34029,0.9083364459673051,0
34030,0.8616947314947998,0
34031,0.9646828483896759,0
34032,1.0,1
34033,0.8934350296121487,0
34034,0.9667346871041069,0
34035,0.772511877732317,0
34036,0.9396829421037922,0
34037,0.9877500763268118,0
34038,0.9530091395364688,1
34039,0.8081516603814278,0
34040,0.884999376375764,0
34041,0.9583982408032892,0
34042,0.9110379299759166,0
34043,0.9999999053992099,1
34044,0.975747971194723,0
34045,0.6012194461004502,1
34046,0.9999949413144773,1
34047,0.7493628916059721,0
34048,0.9794053220001993,0
34049,0.8276940815492327,0
34050,0.8180665802919334,1
34051,0.5734511732594001,1
34052,0.9648838922210656,0
34053,0.9531978941723173,0
34054,0.9204415269270385,1
34055,0.9999999473150898,1
34056,0.7032654617976736,0
34057,0.9905327027555544,1
34058,0.8835501267328526,0
34059,0.8155359916596283,0
34060,0.711419880785417,0
34061,0.9908769376693721,0
34062,0.6958949842876776,1
34063,0.9192388683661692,1
34064,0.9704249976292681,0
34065,0.9217019379747227,1
34066,0.9999853331649851,1
34067,0.9998525336338039,1
34068,0.9933546507022862,1
34069,0.967615219023525,0
34070,0.9770249350115752,0
34071,0.986287181812023,0
34072,0.7672867518465503,0
34073,0.9689770811586518,0
34074,0.6835147102555479,0
34075,0.8891557155165526,0
34076,0.8159660090716674,0
34077,0.6793126964537092,1
34078,0.9999999999356379,1
34079,0.8468473554736456,1
34080,0.7406843173523017,1
34081,0.9597325335653529,0
34082,0.9905280128044269,0
34083,0.9586681754222314,0
34084,0.7986737940237434,1
34085,0.9023385279769623,0
34086,0.686787305710819,0
34087,0.9859617066026946,1
34088,0.9893991844418348,0
34089,0.9998960667518161,1
34090,1.0,1
34091,0.934010819461766,0
34092,0.9630217992834786,0
34093,0.8130770892269595,0
34094,0.9999978069835028,1
34095,0.9153368357064081,0
34096,0.9487091405013854,0
34097,0.7977131693083298,1
34098,0.9641058095788894,1
34099,0.9771687278222128,0
34100,0.9893979971112192,0
34101,0.9600703464172057,0
34102,0.9767480130755016,0
34103,0.9822485673211019,1
34104,0.9324309822058822,0
34105,0.9856506675678147,1
34106,0.6863297660652125,0
34107,0.5911880316916901,0
34108,0.9623358172014018,1
34109,0.8691589833663701,0
34110,0.8805414898277086,0
34111,0.7474233238294848,0
34112,0.9665357043393744,0
34113,0.9744707807859634,0
34114,0.8817246612702999,0
34115,0.9999981886464369,1
34116,0.6757398427487047,1
34117,0.6875664596495914,0
34118,0.9578807387407946,0
34119,0.9512182136771437,0
34120,0.7722831322672958,0
34121,0.9870039936345184,0
34122,0.9999598908614318,1
34123,0.9459246903034665,0
34124,0.9556609121027209,0
34125,0.8842658089270148,0
34126,0.9642038476720282,0
34127,0.6054664402306973,1
34128,0.9763297039178215,0
34129,0.9132993056702717,0
34130,0.9618495555333019,0
34131,0.9871705347396033,0
34132,0.9838911173343315,0
34133,0.9913209708059493,0
34134,0.7921069378042529,0
34135,0.9999645456387986,1
34136,0.9999999999999982,1
34137,0.9469417264947669,0
34138,0.9658870253950265,0
34139,0.9772858152516669,0
34140,0.7912291233007169,0
34141,0.9822947433545911,0
34142,0.9928286310971774,0
34143,0.8507135903858725,1
34144,0.5610552060404311,0
34145,1.0,1
34146,0.9930526393663255,1
34147,0.96819495426782,0
34148,0.9883144886722091,0
34149,0.8984647641453939,0
34150,0.9718272326870938,0
34151,0.9560581859818987,0
34152,0.987953625826148,1
34153,0.8501426330332764,0
34154,0.9839938195779593,0
34155,0.9844280289400306,0
34156,0.9915180787270447,0
34157,0.8594887195524443,0
34158,0.851499350463272,0
34159,0.9879456481524673,0
34160,0.985155196137199,1
34161,0.9979436629112551,1
34162,0.6174404626443527,0
34163,0.9999389696265434,1
34164,0.9946939993679251,1
34165,0.9920099182513504,0
34166,0.9899764944494288,0
34167,0.9497762409277872,0
34168,0.8785690970328349,0
34169,0.989976308616658,0
34170,0.9838799562450387,0
34171,0.8964217559984582,0
34172,0.9907772645337434,0
34173,0.8010465383226915,0
34174,0.9733873465904038,0
34175,0.8465619217590498,0
34176,0.9807568396455002,0
34177,0.9729216455223021,0
34178,0.7542809050167567,0
34179,0.9771708050877411,0
34180,0.8545654753941274,1
34181,0.9999999999999805,1
34182,0.9389389817714262,1
34183,0.9594417464564585,1
34184,0.9122000035159221,0
34185,0.9841899581362192,0
34186,0.9617899902144537,0
34187,0.969727419854217,0
34188,0.7880539458622146,0
34189,0.8233006380383252,0
34190,0.9775660236546876,0
34191,0.9848908561864488,0
34192,0.9404329016940626,0
34193,0.7784939516233248,0
34194,0.967039572159243,1
34195,0.8738319151433905,0
34196,0.8680479362004667,0
34197,0.8823382369588386,0
34198,0.5660152257903324,0
34199,0.9990109820856111,1
34200,0.9225820175145895,0
34201,0.9153420838345077,1
34202,1.0,1
34203,0.9171465064087505,0
34204,0.987851687875806,0
34205,0.8539032438859641,0
34206,0.5707171076576992,0
34207,1.0,1
34208,0.9592563717625087,0
34209,0.7642900270173199,1
34210,0.9798727085321648,0
34211,0.9881252911573629,0
34212,0.8768693243250512,1
34213,0.9851634213993996,0
34214,0.9645451321085693,1
34215,0.9508774752097793,0
34216,0.8638229516508942,0
34217,0.7078092021686534,0
34218,0.8372038632638613,1
34219,0.8833839791694889,1
34220,0.8400824111262496,0
34221,0.9419733364526416,1
34222,0.8195401625290315,0
34223,0.9997743376794835,1
34224,0.9999852220261034,1
34225,0.9508402926976831,1
34226,0.5404695020094404,1
34227,0.9932718392662018,1
34228,0.547915885193142,1
34229,0.9633551271711255,0
34230,1.0,1
34231,0.6513467259043599,0
34232,0.8195680976321975,0
34233,0.8868862147928464,1
34234,0.9078281525830145,0
34235,0.989611687215286,0
34236,0.9854663628723396,0
34237,0.9377814076159389,1
34238,0.9556393854064476,0
34239,0.9925877361004304,0
34240,0.982016447661442,0
34241,0.9932895283045713,1
34242,0.9199209476404341,0
34243,0.9835580715676284,0
34244,0.9838321523735211,0
34245,0.9541173287290323,0
34246,0.8768816175970954,0
34247,0.9990438918524717,1
34248,0.9673864615374134,0
34249,0.937251519888017,0
34250,0.9743298553148999,0
34251,0.9448931692320294,0
34252,0.9844658340798118,0
34253,0.9999999999996674,1
34254,0.5517680904646075,0
34255,0.9535363807987339,0
34256,0.9854116628290303,0
34257,0.5872328888796415,1
34258,0.9445134421031066,0
34259,0.9902166455278258,0
34260,0.9993684868027233,1
34261,0.9999999999713169,1
34262,0.5818944992681904,0
34263,0.9998240066936642,1
34264,0.8899414801736089,0
34265,0.9570468589587846,0
34266,0.9770292056148601,0
34267,0.9729707252254222,1
34268,0.9850013429197123,0
34269,0.9999999999762241,1
34270,0.8530397119565767,1
34271,0.9252017107439883,0
34272,0.9812403605591536,0
34273,0.790643282316842,1
34274,0.7364095231817152,0
34275,0.8926099530127252,0
34276,0.9883472565488557,0
34277,0.9423807527071173,0
34278,0.9894402855780784,1
34279,0.9970772571110683,1
34280,0.8527865558956188,1
34281,0.9876743009460901,1
34282,0.672216159811582,0
34283,0.9572347529509704,0
34284,0.6877903673546273,0
34285,1.0,1
34286,0.8702073538061704,0
34287,0.9613445761948203,0
34288,0.9593827036107114,0
34289,0.9907904818930822,0
34290,0.975630735231675,1
34291,0.9101952900876568,0
34292,0.9995831191403047,1
34293,0.985524863458139,1
34294,0.9745324523016655,0
34295,0.973555122744542,0
34296,0.9930569766847752,1
34297,0.9569127557526261,0
34298,0.9919650625746854,0
34299,0.9003959504667611,0
34300,0.9407574764633954,0
34301,0.978927387842109,0
34302,0.9999999999997033,1
34303,0.9596602542297513,0
34304,0.9968802858945298,1
34305,0.9915720276874858,0
34306,0.9866520829568596,0
34307,0.5425301316039254,0
34308,0.9148174993631634,0
34309,0.7983474881454429,0
34310,0.6074866605655307,1
34311,0.8603239887928718,0
34312,0.9767733315101835,0
34313,0.9388157012781053,0
34314,0.9915429903415635,0
34315,0.9221632490022854,1
34316,0.9999999954731242,1
34317,0.9039876221307447,0
34318,0.9893794614466633,0
34319,0.9999994419219623,1
34320,0.9906098910953614,0
34321,0.9213637727566472,0
34322,0.9912323881099309,0
34323,0.9913839976432455,0
34324,0.9887695585406842,0
34325,0.9892970954401644,0
34326,0.9901463004450645,0
34327,0.9662237808129164,0
34328,0.9482286957830433,1
34329,0.9823638363215842,0
34330,0.9864683350540911,0
34331,0.5570269830715426,0
34332,0.9915116824151078,0
34333,0.9999999999999953,1
34334,0.789484821621091,0
34335,0.9840449198876399,0
34336,0.9649046421773915,0
34337,0.9560950655589562,0
34338,0.7922518822630076,0
34339,0.8694760410414611,0
34340,0.9050841971820563,0
34341,0.9473961105937638,0
34342,0.7839363259887245,1
34343,0.9999999768943522,1
34344,0.9434273706333717,0
34345,0.8949629792864549,0
34346,0.9704299970733256,1
34347,0.8241479113839333,1
34348,0.9887117472152528,0
34349,0.9999424853614696,1
34350,0.9999697041337613,1
34351,0.9774596335582489,1
34352,0.9688673085860976,0
34353,0.982730924739489,0
34354,0.9856378113410575,0
34355,0.6509628804796304,1
34356,0.74934416041742,0
34357,0.990989567097611,0
34358,0.976881312318926,1
34359,0.766795409714952,1
34360,0.9686695905529288,0
34361,0.897775191635053,0
34362,0.949686510740075,0
34363,0.8840618995904463,1
34364,0.604621380038139,0
34365,0.7136363708267218,1
34366,0.9034520422164909,0
34367,0.5342698471459603,1
34368,0.9652768410895026,0
34369,0.9999999999890647,1
34370,0.987255942221703,0
34371,0.9892002641924172,0
34372,0.9300930651827755,0
34373,0.9918547711744823,0
34374,0.9704822306358115,0
34375,0.5878482842172492,1
34376,0.920011572602903,0
34377,1.0,1
34378,0.929799394578783,1
34379,0.7035093283027594,1
34380,0.9714854062345393,0
34381,0.9581375591550104,0
34382,0.7732525104442602,0
34383,0.9855120925475919,0
34384,0.9712483523726729,0
34385,0.999808469479926,1
34386,0.9835199416728265,0
34387,0.7498945004087209,0
34388,0.9902055073820824,0
34389,0.5729344636823105,0
34390,0.9985830163252427,1
34391,0.6896620199899097,0
34392,0.9598387882152066,1
34393,0.9895375264732389,0
34394,0.9447024121737354,0
34395,0.9847573424597637,0
34396,0.9705418846915093,0
34397,0.9707177446253565,0
34398,0.8134904057288537,0
34399,0.9927925235657296,0
34400,0.9712617317795973,0
34401,0.9806744118180496,1
34402,0.9999999999999996,1
34403,0.9805490926427853,0
34404,0.9403039785012463,0
34405,0.8842045256266059,0
34406,0.5821544492489705,1
34407,0.8150365358892685,0
34408,0.9999999998474549,1
34409,0.7837140133879966,1
34410,0.5533453740931735,0
34411,0.9801822302014251,0
34412,0.7753292657140068,0
34413,0.8848324966514461,1
34414,0.9458977365243322,0
34415,0.9090210634769217,0
34416,0.9738043828988875,0
34417,1.0,1
34418,0.8136538582110926,0
34419,0.9999994759643224,1
34420,0.9886095040142979,0
34421,0.981758650398394,0
34422,1.0,1
34423,0.9927499588651715,1
34424,0.971100007016112,0
34425,0.6493302608597158,1
34426,0.9707835790421201,0
34427,0.7516910720463292,0
34428,0.9018063299730356,0
34429,0.6651306443333627,0
34430,0.8849481369146119,1
34431,0.8062458286776006,0
34432,0.5757850328319543,1
34433,0.9999999994372721,1
34434,0.7875637677716035,1
34435,0.8245899309628232,0
34436,0.8918579650476083,0
34437,0.62949831016726,0
34438,0.9170341249850635,1
34439,0.9887594693014361,0
34440,0.9260083692742329,0
34441,0.7189883219439157,0
34442,0.5401106639828406,0
34443,0.927768825829434,0
34444,0.9890611563691583,0
34445,0.6478163593735932,0
34446,0.9688604857701352,0
34447,0.9419378795530096,0
34448,0.9999999999942191,1
34449,0.6984229143939075,1
34450,0.9911235375328312,0
34451,0.9909114613944761,0
34452,0.9727565397900394,1
34453,0.8760902368125728,1
34454,0.9521396352723491,0
34455,0.5538183165216661,1
34456,0.5616593575134788,1
34457,0.7015492816023151,0
34458,0.909438839905393,1
34459,0.9745146930891848,0
34460,0.9268740292718062,0
34461,0.9825080498790407,0
34462,0.9658454123649223,0
34463,0.9999820139454063,1
34464,0.9879319750788921,0
34465,0.9400863493511595,0
34466,0.974973525786288,0
34467,0.9866658834546251,0
34468,0.9519778222337109,0
34469,0.9640697397685641,1
34470,0.949676507335479,0
34471,0.9507566504947289,0
34472,0.9132709002644611,1
34473,0.5228979273819373,0
34474,0.9922562838454287,0
34475,0.9799046677537377,0
34476,0.6400070905356047,1
34477,0.9374020871819914,1
34478,0.979061400738495,0
34479,0.9819743143844281,0
34480,0.9894565633755394,0
34481,0.9404729777805084,0
34482,0.9142068804279277,0
34483,0.8179647210359912,0
34484,0.6673648963688684,0
34485,0.9347396605511864,0
34486,0.9349087014463778,1
34487,0.9832678085021083,0
34488,0.9999999393440112,1
34489,0.9999996534169104,1
34490,0.8867770580025633,0
34491,0.881891782510604,0
34492,0.7691814615263224,0
34493,0.9627918892750361,0
34494,0.9901612856596345,0
34495,0.6669369012397817,0
34496,0.8444798671866702,1
34497,0.9792753264641707,0
34498,0.9908281611966413,0
34499,0.9662646409453567,0
34500,0.8952513525729596,0
34501,0.6421602804563278,1
34502,0.9171900953791161,1
34503,0.6840171640614764,0
34504,0.9877754929059791,1
34505,0.599213563831855,1
34506,0.9921547186345683,0
34507,0.9190587878959875,0
34508,0.9618157357000069,0
34509,0.9620962898672141,0
34510,0.9194189004493393,0
34511,0.9333932532975497,0
34512,0.816881992803374,1
34513,0.9991110082846625,1
34514,0.9969043408626336,1
34515,0.9720909014447973,0
34516,0.9844894877803676,0
34517,0.9515109854229264,0
34518,0.9956255702015876,1
34519,0.8198838618160043,1
34520,0.7000621565692188,0
34521,0.686046022579848,1
34522,0.9932400713107586,0
34523,0.9999999758495005,1
34524,0.9890543018142323,0
34525,0.9787949219147098,0
34526,0.9877463709821073,0
34527,0.9718464379516495,0
34528,0.9624011177045201,0
34529,0.9772945815390468,0
34530,0.9730999412863238,0
34531,0.9423068794608164,0
34532,0.510854257585567,0
34533,0.9999990373332246,1
34534,0.8926849219084262,0
34535,0.6065009451866972,0
34536,0.9999971306076549,1
34537,0.6280269821518761,0
34538,0.867051148270526,0
34539,0.8718560715396576,0
34540,0.8792093971876429,0
34541,0.9999528224972294,1
34542,0.9655447713270287,0
34543,0.9934415012645459,0
34544,0.7218983451957777,1
34545,0.953794408111365,1
34546,0.9774535528442673,0
34547,0.9450542449121582,0
34548,0.9930855017503686,0
34549,0.9382416435748889,1
34550,0.9611415471686304,0
34551,1.0,1
34552,0.9886518056786257,0
34553,0.8536853164717638,0
34554,0.9462901695502042,0
34555,0.8814540865914517,0
34556,0.9842942895223805,0
34557,0.9325408393072986,0
34558,0.8969926399424716,0
34559,1.0,1
34560,0.9772722190871823,0
34561,0.5516179610291198,0
34562,0.7311663170140064,1
34563,0.9977044060331901,1
34564,0.6627744203187707,0
34565,0.9831451716030861,0
34566,0.7509469742996576,0
34567,0.9318948331015682,0
34568,0.9738811054627641,0
34569,0.8808184612750087,0
34570,0.8791537293212451,0
34571,1.0,1
34572,0.9918178247550294,0
34573,0.9580454506264819,1
34574,0.613374756457543,0
34575,0.8997482696648464,0
34576,0.989047954169516,0
34577,0.9745310695792696,0
34578,0.99165566815603,0
34579,0.973077302281521,0
34580,0.9819406149016872,0
34581,0.7069793543696439,1
34582,0.9884290188119504,0
34583,0.8799966160181055,1
34584,0.8285084552615012,0
34585,0.9335362397863037,0
34586,0.9916500007886762,0
34587,0.9868327131452936,0
34588,0.9366191170135015,0
34589,0.8952214514192657,0
34590,0.987466070868101,0
34591,0.9842723966289051,0
34592,0.9345859869830979,0
34593,0.9839566240366255,0
34594,0.7357443416686583,0
34595,0.984565269278159,1
34596,0.9927341932658909,0
34597,0.9707523039767293,0
34598,0.7986973893750834,1
34599,0.9831697117116491,0
34600,0.8953224717842948,0
34601,0.971049612552923,0
34602,0.9934415012645459,0
34603,0.9698580754211253,0
34604,0.611865072660171,1
34605,0.9742588712231797,0
34606,0.7004915842496322,1
34607,0.5602595752831184,0
34608,0.9582906025376131,0
34609,0.6586803715431407,1
34610,0.6796744095167431,1
34611,0.9924428789667684,1
34612,0.6049006070587609,1
34613,0.9397321085265824,0
34614,0.9999999999999991,1
34615,0.9696910323581708,0
34616,0.9360394657340676,0
34617,0.980996790767335,0
34618,0.6674505979245203,0
34619,0.9337062991041591,1
34620,0.9832591531931321,0
34621,0.8337955464860394,0
34622,0.873203819678648,0
34623,0.9571611190681267,0
34624,0.8972813881774095,0
34625,0.70595771988668,0
34626,0.8111942710664672,0
34627,0.9430636644685327,0
34628,0.9733966162173157,0
34629,0.9644707268859711,0
34630,0.9824830902471309,0
34631,0.9830134680184135,0
34632,0.9827610938047363,1
34633,0.9207887350440971,0
34634,0.8224084272713015,0
34635,0.6885777094991291,1
34636,0.9685232453413248,0
34637,0.9962449956526143,1
34638,0.9997752432195772,1
34639,0.9939571512390605,1
34640,0.9786840185055579,1
34641,0.9898650969806746,0
34642,0.9643294171732462,1
34643,0.8319835053878897,0
34644,0.6642583917494569,0
34645,0.9181089713929428,0
34646,0.7582589490688638,0
34647,0.9842845039108248,0
34648,0.9922562838454287,0
34649,0.9999803698334478,1
34650,0.990490535388358,0
34651,0.5601674243974172,1
34652,0.961277140810534,0
34653,0.6438362477711128,0
34654,0.8163328584665439,0
34655,0.8638027393428321,0
34656,0.9015170929213531,0
34657,0.5207306061851897,0
34658,0.7098318305317088,0
34659,0.5734662252527551,0
34660,0.9679462473784234,0
34661,0.6264777475994124,0
34662,0.5524955817404078,0
34663,0.6309391767592331,0
34664,0.7090947922358051,1
34665,0.9557293793312307,0
34666,0.8990991896070379,0
34667,0.9771186377904965,1
34668,0.9769518632548386,0
34669,0.9960054683868664,1
34670,0.745120381741257,0
34671,0.9858785618983574,0
34672,0.8256936037905509,0
34673,0.9661251562863108,0
34674,0.8820050149452018,0
34675,1.0,1
34676,0.9866007115673497,0
34677,0.9999999193403931,1
34678,0.9998556900502508,1
34679,0.540643490767647,0
34680,0.6651306443333627,0
34681,0.9907956053631715,0
34682,0.999455622432993,1
34683,0.9922429059290216,0
34684,0.9737026758004139,0
34685,0.5013732292871093,0
34686,0.5774248606246649,1
34687,0.8676234404844548,1
34688,0.9481935754423964,0
34689,0.9999999996635367,1
34690,0.9797894652147529,1
34691,0.672710810849147,1
34692,0.999974265715767,1
34693,0.9883767299339693,0
34694,0.854522999485674,1
34695,0.7564038338010158,0
34696,0.9876117767467776,1
34697,0.6784270192484607,0
34698,0.8905097718682506,1
34699,0.6176975271104239,0
34700,0.9886593903888509,0
34701,0.9816197960461173,0
34702,0.7302141224128132,0
34703,0.9879947674361529,0
34704,0.9365529970227616,1
34705,0.9493438897777028,0
34706,0.9864433147897704,1
34707,0.603813256942032,0
34708,0.7966622824079742,0
34709,0.9901304909719725,0
34710,0.7191384364232452,1
34711,0.708722951974219,0
34712,0.9177014790358166,0
34713,0.9431207117874925,0
34714,0.8612678862453943,0
34715,0.9622422194702975,0
34716,0.6261784574841106,0
34717,0.920934037656348,0
34718,0.7645434305819724,0
34719,0.9878857701471982,0
34720,0.943037882312438,0
34721,0.920879915778148,0
34722,0.9435594037190894,0
34723,0.9832060094979864,0
34724,0.97730172918451,0
34725,0.9535166773877124,0
34726,0.9959017205675749,1
34727,0.7388506651855192,0
34728,0.9910026594759709,0
34729,0.9085802705884141,0
34730,0.9188351718466504,0
34731,0.9997982404844161,1
34732,0.9668809534030827,0
34733,0.9391157302259647,0
34734,0.9873558098962757,0
34735,0.9375703702491225,0
34736,0.978600103905389,0
34737,0.9848515866488599,0
34738,0.9402575411170134,0
34739,0.9747805017544028,0
34740,0.9313886302739087,1
34741,0.9417814655440888,0
34742,0.9997880902675608,1
34743,0.8331559613223295,0
34744,0.7569563578561663,0
34745,0.999650829227792,1
34746,0.6948654791850748,0
34747,0.9993684520270223,1
34748,0.9880218709178132,0
34749,0.9325364531014491,0
34750,0.6395699702608012,1
34751,0.9844586129891608,0
34752,0.6784030290860652,1
34753,0.8728562658178178,0
34754,0.8451770892440318,0
34755,0.9997105110885116,1
34756,0.9803882458204893,0
34757,0.6113693585627542,1
34758,0.9494221581165705,0
34759,0.9436311535911751,0
34760,0.9752788801130879,0
34761,0.9855081689394217,0
34762,0.9999999844814785,1
34763,0.9696582507386705,1
34764,0.9999892897368261,1
34765,0.9674846888031399,0
34766,0.5974505800292297,1
34767,0.8580623043899831,0
34768,0.9999995286760682,1
34769,0.9521905607422749,0
34770,0.8151757106808496,0
34771,0.991804686637774,0
34772,0.991804686637774,0
34773,0.9896686615942165,0
34774,0.8683330530041756,0
34775,0.7475787706731916,0
34776,0.9908763151916612,0
34777,0.9631914333704864,0
34778,0.9845753440661441,0
34779,0.9699419418800405,0
34780,0.9248782956111828,0
34781,0.9888901853066964,0
34782,0.9723024940433591,0
34783,0.574312938644129,1
34784,0.9682011878454325,0
34785,0.9766927350862294,0
34786,0.772131027273811,0
34787,0.9752125826289745,1
34788,0.99999999999978,1
34789,0.9239460354775686,1
34790,0.9777466086918543,0
34791,0.6824098805597616,1
34792,0.9725327806889594,0
34793,0.99114151114064,0
34794,0.9886050364208292,0
34795,0.977601808749211,0
34796,0.5525614562151575,0
34797,0.9759475137327899,1
34798,0.9791887438716833,0
34799,0.9999999999999778,1
34800,0.9576780121465943,0
34801,0.8966795466100822,0
34802,0.9439427805943189,0
34803,0.9840472330807519,0
34804,0.96796708328937,0
34805,0.8117606152349052,0
34806,0.7281021792444942,0
34807,0.9707714413323955,0
34808,0.9823810550920044,0
34809,0.9909815596013407,0
34810,0.98663591097761,0
34811,0.9884053608251955,0
34812,0.9382800517618876,0
34813,0.9288135110090736,0
34814,0.6461644720757436,0
34815,0.9999999267067612,1
34816,0.8848102209342978,0
34817,0.9794217137830186,0
34818,0.5338545818359942,0
34819,0.9528676425781512,0
34820,0.9413076406581437,0
34821,0.9835754219962141,0
34822,0.5517596430967101,0
34823,0.988745713619588,0
34824,0.5925112756119154,0
34825,0.8703792800329956,0
34826,0.9209567090523182,1
34827,0.5713241699102831,1
34828,0.8457822597949961,0
34829,0.9999999999970981,1
34830,0.9683973394792843,0
34831,0.6829850811553596,1
34832,0.9718044483968187,0
34833,0.9901076897992455,1
34834,0.9999999999286582,1
34835,0.8692894562709208,0
34836,0.9921421893950185,0
34837,0.9916377495391022,0
34838,0.8310506360955017,0
34839,0.9322827605617879,0
34840,0.988566052470579,0
34841,0.9780648113700999,0
34842,0.9858168286915715,0
34843,0.9999608442021267,1
34844,0.7869251068048367,0
34845,0.9414157658136753,0
34846,1.0,1
34847,0.9151859650472584,0
34848,0.8997762982696714,0
34849,0.9182792790709725,1
34850,0.9532435624054549,0
34851,0.9879302947834817,0
34852,0.973725435474981,0
34853,0.7171963618454821,0
34854,0.9798966949482111,0
34855,0.9583276203234065,0
34856,0.8838841349817546,0
34857,0.9690680482407493,0
34858,0.9107440637855799,0
34859,0.9999999999880631,1
34860,0.7481258140682688,1
34861,0.9729215665097247,0
34862,0.7919327830151477,0
34863,1.0,1
34864,1.0,1
34865,0.7812716619274638,0
34866,0.934109303699059,0
34867,0.9657210368248018,0
34868,0.894653212875756,1
34869,0.9455320938279725,0
34870,0.985966936485666,0
34871,0.9686722764309877,0
34872,0.9776814401726458,0
34873,0.9927392980905401,0
34874,0.6649102868275806,0
34875,0.8849949196331052,0
34876,0.8647061722523601,0
34877,0.7967957868969602,0
34878,0.9574937357367049,0
34879,0.9849408475656214,0
34880,0.987313889012641,0
34881,0.9763130259018699,0
34882,0.6548996085504178,0
34883,0.9176745493777597,0
34884,0.6974282747702373,0
34885,0.8945579404016013,0
34886,0.9729449861887556,0
34887,0.9916493081818493,0
34888,0.999999993646381,1
34889,0.9999999977773086,1
34890,0.7556424652598818,1
34891,0.7229834980208637,0
34892,0.9773165647740067,0
34893,0.9713992166062786,0
34894,0.9682600481149263,0
34895,0.9860602598181035,0
34896,0.9128187850920045,0
34897,0.9655402518957442,0
34898,0.929527846996044,0
34899,0.8660827348480816,0
34900,0.8828130563966561,0
34901,0.9777839528823987,0
34902,0.716532981262218,1
34903,0.8223665012869549,0
34904,0.9823111994566955,0
34905,0.7276039893850421,1
34906,0.9893645098973896,0
34907,0.9496604467879627,0
34908,0.6048723794291879,1
34909,0.9890028108292154,0
34910,0.8182494534342835,0
34911,0.890458324378697,0
34912,0.9881373820212651,0
34913,0.9901917714811661,0
34914,0.9019838883956923,0
34915,0.527984871216229,1
34916,0.6875335562056402,0
34917,0.9559304199761989,0
34918,0.9996311244409322,1
34919,0.8592018160358372,0
34920,0.9835504866554052,0
34921,0.8574355794101848,0
34922,0.999420628557535,1
34923,0.9694032519653486,0
34924,0.989573161435108,0
34925,0.6515258371439477,0
34926,0.9840345546836,1
34927,0.6851825312111266,0
34928,0.6289995291264185,0
34929,0.999455895064365,1
34930,0.9825404139545132,0
34931,0.6917230737152107,0
34932,0.9797618282497498,0
34933,0.8007972924051493,0
34934,0.9992631991072238,1
34935,0.950397148118878,0
34936,0.6983462507043915,1
34937,0.9386385033405407,0
34938,0.9797814836113911,0
34939,0.9892632449795898,0
34940,0.8687932646879757,0
34941,0.9695679639950664,0
34942,0.9710678243737918,0
34943,0.864194206648132,0
34944,0.592557234397058,0
34945,0.9777431060363532,0
34946,0.8321213358158113,0
34947,0.7763945645483119,1
34948,0.9876138455701251,0
34949,0.9825223390811819,1
34950,0.9936373430152267,0
34951,0.9929762346393909,0
34952,0.9999999999848885,1
34953,0.843215836262021,0
34954,0.9944238690642876,1
34955,0.9717986878204026,0
34956,0.8807721847722451,0
34957,0.5225011083295904,1
34958,0.910447495983518,1
34959,0.9989945196876608,1
34960,0.8698298304928683,0
34961,0.9011716204761505,0
34962,0.9800782168136906,1
34963,0.8778009923553148,0
34964,0.9999999498859838,1
34965,0.5504714291526939,0
34966,0.9635888061088432,0
34967,0.625989378804295,1
34968,0.9593399337231243,0
34969,0.9927034143886856,0
34970,0.9999999992665562,1
34971,0.8856999495004678,1
34972,0.8108520955086945,0
34973,0.9168436600734227,0
34974,0.6499989882719368,1
34975,0.9889665292218046,0
34976,0.859537966212501,1
34977,0.9286740533097928,0
34978,0.966216497103176,1
34979,0.9674451560681017,0
34980,0.8389427769832064,0
34981,1.0,1
34982,0.9459327635843781,0
34983,0.9805526095167253,0
34984,0.9301604108312833,0
34985,0.9911288382849498,0
34986,0.9213600539811254,0
34987,0.9805726642026847,0
34988,0.9186759340021651,0
34989,0.9806228836373385,0
34990,0.9513203509972771,1
34991,0.9835973942603594,0
34992,0.9999996958470186,1
34993,0.7481673385413631,0
34994,0.54604751489923,0
34995,0.9999999999999922,1
34996,0.9040159809607586,0
34997,0.6795119086587524,1
34998,0.9875362788583507,0
34999,0.7500491865361986,1
35000,0.9482977799908097,1
35001,0.9646958508390703,1
35002,0.9712728317837085,1
35003,0.7284940056908098,0
35004,0.8919886475418708,1
35005,0.9531454568777873,0
35006,0.9360172051224737,0
35007,0.9999947555994525,1
35008,0.982989992879075,0
35009,0.8307112160780751,1
35010,0.7823289633512172,1
35011,0.9824200521589256,0
35012,0.931868677885795,0
35013,0.998767800944065,1
35014,0.9501945980864233,0
35015,0.9999108280580984,1
35016,0.9926959651947368,0
35017,0.9765502758756743,0
35018,0.9976968101472717,1
35019,0.9846680868650862,0
35020,0.9999999999380429,1
35021,0.5054803104341516,1
35022,0.9999999999977616,1
35023,0.600356740567316,1
35024,0.8914887775687512,0
35025,0.9999432507940637,1
35026,0.9850956804756207,0
35027,0.9885392620055603,0
35028,0.7496062080411589,0
35029,0.7378946171113647,1
35030,0.9727876086792875,0
35031,0.9999999639745834,1
35032,0.9747819503978048,0
35033,0.9942074666781534,1
35034,0.9999999999875635,1
35035,0.9920462562725694,0
35036,0.8455154905017993,0
35037,0.9772096751671118,1
35038,0.8618489143708431,0
35039,0.999990544294381,1
35040,0.8721761349034253,0
35041,0.764181117163344,1
35042,0.9825212935549955,0
35043,0.9999999995991087,1
35044,0.887053772510339,0
35045,0.9965773512561804,1
35046,0.9858254833193679,0
35047,0.9768198081576053,0
35048,0.9807993862931086,0
35049,0.8832529370089999,0
35050,0.9720112633491199,0
35051,0.8682077800183446,0
35052,0.9703203634161602,0
35053,0.9382834686215181,0
35054,0.981787951353101,0
35055,0.5091116464989812,0
35056,0.9999999999999911,1
35057,0.98832207487031,1
35058,0.7175832411000524,0
35059,0.9400969136719921,1
35060,0.7131822812175975,0
35061,0.9922562838454287,0
35062,0.8127566293638447,0
35063,0.6969811892935038,0
35064,0.8953622484084113,0
35065,0.95248425304465,0
35066,0.6831821086439561,0
35067,0.9490716005319769,0
35068,0.9839939289522837,1
35069,0.913163637944282,0
35070,0.999984456724083,1
35071,0.8781015423635102,1
35072,0.9908523020920376,0
35073,0.987946840916424,0
35074,0.9681741879811154,0
35075,0.9982698429452666,1
35076,0.9862572686166817,0
35077,1.0,1
35078,0.9893108558827352,0
35079,0.6917949841200569,0
35080,0.9874752911525027,0
35081,0.991037458583032,0
35082,0.9998852178608242,1
35083,0.7806244235008069,0
35084,0.9653451772366665,0
35085,0.9999604130334226,1
35086,0.972148554376872,1
35087,0.9059054920485393,1
35088,0.8377252272023247,0
35089,0.9920258897223493,0
35090,0.8214370343259396,0
35091,0.8079358624562976,0
35092,0.554615823018641,1
35093,0.9238537759944495,1
35094,0.9277765666729417,0
35095,0.9768066590488486,1
35096,0.9324365209975384,0
35097,0.9840376422547591,0
35098,0.9253557175441764,0
35099,0.5306773477870161,1
35100,0.9628886613845666,0
35101,0.5926894506448606,1
35102,0.9715760803612989,1
35103,0.9678004699805054,1
35104,0.9240189477312745,0
35105,0.9716954291744283,0
35106,0.8532607152039902,1
35107,0.9386497568472286,0
35108,0.5212356500439813,0
35109,0.9436197399088484,1
35110,0.9933329530053258,0
35111,0.896427126906839,0
35112,0.9186060427352468,0
35113,0.9650932889987638,0
35114,0.9569813084148768,0
35115,0.9758580015099435,0
35116,0.7247034052144403,0
35117,0.5880464619527195,0
35118,0.9047000396577521,0
35119,0.999756566876192,1
35120,0.7761864665164425,0
35121,0.5841067881843841,0
35122,0.9775311114002886,0
35123,0.9714694836696177,0
35124,0.9917416951767483,0
35125,0.9903808191240877,0
35126,0.9970684687558713,1
35127,0.9844173107067948,0
35128,0.7066782752114813,0
35129,0.9843162386406898,0
35130,0.640317780906689,1
35131,0.9974639104141534,1
35132,0.9102200473241775,0
35133,0.9921434172419594,0
35134,0.9782117729048165,0
35135,0.9869965270703771,0
35136,0.9499720716762744,0
35137,0.9430366990697997,0
35138,0.737252609417235,0
35139,0.9881536737479393,0
35140,0.9923279978185215,0
35141,0.9894324290897207,1
35142,0.5647378827263129,1
35143,0.982468265083654,0
35144,0.7655757961749907,1
35145,0.8352737096318916,0
35146,0.8733005285281052,0
35147,0.9999237529727413,1
35148,0.9814274441101223,0
35149,0.9480836956377447,1
35150,0.9584612578493606,0
35151,0.8129277201636017,1
35152,1.0,1
35153,0.9892303789600161,0
35154,0.8787732209057987,0
35155,0.9913764416571341,0
35156,0.9566963586533671,0
35157,0.5311584118049312,1
35158,0.9869823526895495,0
35159,0.9435279159083719,0
35160,0.5057214727482143,0
35161,0.9276339413323225,1
35162,0.9505512584422394,0
35163,0.6617802146112904,0
35164,0.9231374632821856,0
35165,0.96899368395145,0
35166,0.9999383552805936,1
35167,0.8278695760293497,0
35168,0.9881915275970381,0
35169,0.7841973410553303,0
35170,0.9999666306373631,1
35171,0.9999999991862816,1
35172,0.9993152095200605,1
35173,0.9881879750021481,0
35174,0.8330199924413365,0
35175,0.9960911843095892,1
35176,0.9997392332790019,1
35177,0.8181451475761438,0
35178,0.7935220191935353,0
35179,0.9998596974068499,1
35180,0.9825603640532058,0
35181,1.0,1
35182,0.9692645899567875,0
35183,0.9938033875532739,1
35184,0.9515934785193038,0
35185,0.9999999719057173,1
35186,0.9867477705506839,0
35187,0.9999999492307885,1
35188,0.8240365392824079,0
35189,0.5635649359632512,0
35190,0.7281421188532107,1
35191,0.9780831290905108,0
35192,0.7914638869438413,0
35193,0.9832684299806236,0
35194,0.9438564575502087,0
35195,0.9921343248940833,0
35196,0.9345597230714876,0
35197,0.9368890662119725,0
35198,0.7561404710225935,0
35199,0.747948789240954,0
35200,0.9544399737647612,0
35201,0.9292199476438544,0
35202,0.8917940755927457,0
35203,0.9926030484136746,0
35204,0.9826223995921699,0
35205,1.0,1
35206,0.9474066189486193,0
35207,0.8974033452749366,0
35208,0.9999995271029113,1
35209,0.7844899569827962,0
35210,0.9914195892988896,0
35211,0.9873111931438654,0
35212,0.5770189512800328,0
35213,0.9203487457988127,0
35214,0.985718498270502,0
35215,0.7168757672193604,0
35216,0.9872892563177119,0
35217,0.987222847983438,0
35218,0.9139995199946941,1
35219,0.8976195117821678,0
35220,0.8094960305301433,0
35221,0.8794087726011866,0
35222,0.936625664714698,0
35223,0.9751964780272593,0
35224,0.9393933794455392,0
35225,0.7779659670886968,0
35226,0.8372941269522938,0
35227,0.9810730131482075,0
35228,0.9036931985632044,0
35229,0.849818432597511,0
35230,0.9730498789553744,1
35231,0.6589159843543593,0
35232,0.9999997776445148,1
35233,0.9543347901614041,0
35234,0.5529502104533862,0
35235,0.9997208314807728,1
35236,0.9553870500679216,0
35237,0.8086751243313074,1
35238,0.6282443529206004,1
35239,0.9999952341306715,1
35240,0.6959314769487438,1
35241,0.8867536815093618,0
35242,0.905461237934844,0
35243,0.997694282408087,1
35244,0.5951286129401113,1
35245,0.9661987762211041,0
35246,0.9481597272973525,1
35247,0.5999504958773519,0
35248,0.9487655791263531,0
35249,0.998550928747471,1
35250,0.5008896892841368,0
35251,0.9766049395730418,0
35252,0.9999999999882148,1
35253,0.5037448330672218,0
35254,0.9477715393024425,0
35255,0.9670769549076782,0
35256,0.9132705465126372,0
35257,0.7325849452366191,0
35258,0.9348821382497228,0
35259,0.7178884933631744,1
35260,0.9787810384262069,0
35261,0.9893671286397643,0
35262,0.9873691773781057,0
35263,0.9999747472639074,1
35264,0.987579298433381,0
35265,0.9058015747483305,0
35266,0.8206516219521086,0
35267,0.9946125846239037,1
35268,0.9883478705927025,0
35269,0.9334952008412419,0
35270,0.9867919366931676,1
35271,0.9975676112992741,1
35272,0.8833685360464,1
35273,0.8259816374160827,0
35274,0.5493387057777442,1
35275,0.9536054297756358,0
35276,0.82276946491924,0
35277,0.9839152867636887,0
35278,0.955267794320687,0
35279,0.989107946220499,0
35280,0.8960029592915856,0
35281,0.6345429080600431,1
35282,0.9999664686578758,1
35283,0.9947069404413488,0
35284,0.9990049506514213,1
35285,0.9927982349157568,0
35286,0.9618166094763888,0
35287,0.9855508457231129,0
35288,0.982149941742027,0
35289,0.843938949225458,1
35290,0.9876100735730505,0
35291,0.9931709642926646,0
35292,0.9999996569880631,1
35293,0.8975492299259459,0
35294,0.9999999999900484,1
35295,0.9555104855292474,0
35296,0.9926532768538138,1
35297,0.9674726986742883,0
35298,0.6559172661929745,1
35299,0.8693936624436467,0
35300,0.9921381464516785,0
35301,0.9537934808037137,0
35302,0.9999999988120334,1
35303,0.9999999401250821,1
35304,0.9727058663389623,0
35305,0.8656059864805071,1
35306,0.9414016028232214,0
35307,0.8266580733388081,0
35308,0.7849319190011699,0
35309,0.7300977887221112,0
35310,0.9550821425623218,1
35311,0.9852450412685064,0
35312,0.9107157466665211,0
35313,0.9102084029626902,0
35314,1.0,1
35315,0.5707084047706963,0
35316,0.974733512035524,0
35317,0.9816384729704131,0
35318,0.9845911801021479,0
35319,0.9506665278746488,0
35320,0.8701251285945185,1
35321,0.9824903565518541,0
35322,0.9970708965912527,1
35323,0.8918333407753011,0
35324,0.5511709432375692,1
35325,0.9904004631937068,0
35326,0.9681605976530375,0
35327,0.9437424474806342,0
35328,0.8622576975619733,0
35329,0.9854870955380224,0
35330,0.5226871404929007,0
35331,0.9699210269296857,0
35332,0.9754973918970796,0
35333,0.990175600592256,0
35334,0.6565089178914222,0
35335,0.8520365482891816,1
35336,0.9851889709210467,0
35337,0.93283582148244,0
35338,0.9810191061987397,0
35339,0.9336538549238729,1
35340,0.9733860136224183,0
35341,0.9476280180096059,0
35342,0.9768388721435488,0
35343,0.9919898921116591,0
35344,0.8308911743147603,0
35345,0.9982487680310045,1
35346,0.9906060904432856,0
35347,0.9889556124795117,0
35348,0.9999998499065975,1
35349,0.9628987511449734,0
35350,0.9720935574009206,0
35351,0.9855542784860165,0
35352,0.9759919623488249,0
35353,0.9988872825028802,1
35354,0.9457838842298728,0
35355,0.9894483504548125,0
35356,0.9886437435415144,0
35357,0.9833029217768713,0
35358,0.9883615083812616,0
35359,0.9645679454205376,0
35360,0.9624378111040016,0
35361,0.970325949062869,0
35362,0.8673352587707445,0
35363,0.9458356827761768,1
35364,0.9056101669945674,0
35365,0.9845663815053337,0
35366,0.780139666718779,0
35367,0.9840026291733098,0
35368,0.9814313693282972,0
35369,0.9772405908912679,0
35370,0.9999999999018614,1
35371,0.9870494184038736,0
35372,0.9999999808964085,1
35373,0.9817908240671661,0
35374,0.9268823894861832,0
35375,0.5777245540744644,0
35376,0.9526240460586961,0
35377,0.8888734452731054,0
35378,0.9893816408990069,0
35379,0.9715778716222658,0
35380,0.9289045939444436,0
35381,1.0,1
35382,0.5921636226344609,0
35383,0.9509573220770347,0
35384,0.8392097346191519,0
35385,0.9587865210713346,0
35386,0.9917780026598519,0
35387,0.8080008023550609,0
35388,0.7879066454994695,1
35389,0.9913945266213144,0
35390,0.6944618635329031,0
35391,0.8972270908740806,0
35392,0.6820009354634963,1
35393,0.9904378772200471,0
35394,0.5490821070664287,1
35395,0.9666934131273452,0
35396,0.9381882894646781,0
35397,0.997341741861019,1
35398,0.9804781772047146,0
35399,0.7945050923034535,0
35400,0.9916733564009776,0
35401,0.9687436209331299,0
35402,0.7659569104271661,0
35403,0.628121391339918,0
35404,0.6489394694508007,0
35405,0.8960246300775895,0
35406,0.9217148701181954,1
35407,0.9992864088364646,1
35408,0.9733617430905777,0
35409,0.9921374857490876,0
35410,0.8123403241386633,1
35411,0.9910761926446849,0
35412,0.9716799373367586,0
35413,0.585924001280058,0
35414,0.9725251936174885,0
35415,0.5184293195664001,1
35416,0.8888643700059532,0
35417,0.5521182221145551,1
35418,0.9999999999921503,1
35419,0.8595693306257733,0
35420,0.826780589056418,0
35421,0.9920061924921999,0
35422,0.9891467586291449,0
35423,0.9771530294736954,0
35424,0.9999559494232164,1
35425,0.6158986227539535,0
35426,0.5513120265449281,1
35427,0.9750688378881378,0
35428,0.9892369405328408,0
35429,0.9899470455112804,1
35430,0.6306038068382885,1
35431,0.8443219203861733,1
35432,0.7541335355562802,0
35433,0.6775656044995322,1
35434,0.9185066355264918,0
35435,0.8053615349319007,0
35436,0.539939859934267,0
35437,0.7185513441990421,0
35438,0.9840496328823405,0
35439,0.9909125787104819,0
35440,0.9880834331509709,0
35441,0.7555812373476625,1
35442,0.9873210454571689,0
35443,0.6814294419561837,0
35444,0.9728350727271443,0
35445,0.7148374590462229,1
35446,0.999929056035442,1
35447,0.9738923828330294,0
35448,0.874078373505674,0
35449,0.9996323322005998,1
35450,0.971516488588871,0
35451,0.9846358408114015,0
35452,0.8823248578392288,0
35453,0.9554936381807034,0
35454,0.8543721399068885,1
35455,0.9999999999765863,1
35456,0.999999940647015,1
35457,0.9904410132045132,0
35458,0.7049445527333487,1
35459,0.9913731850501891,1
35460,0.9283414267310102,0
35461,0.9138404871035423,1
35462,0.9929762346393909,0
35463,0.9940753147057161,1
35464,0.8205584961422079,0
35465,0.9230906694925279,0
35466,0.9875603787981059,1
35467,0.986915572141292,0
35468,0.9834553521046464,0
35469,0.9539590128312396,0
35470,0.9125878410903094,1
35471,0.8343265195201636,1
35472,0.9862588753297354,0
35473,0.9784976303834518,0
35474,0.9510425632075478,1
35475,0.9813341989880402,0
35476,0.9835994166896382,1
35477,0.9040500272840484,1
35478,0.567557842083268,0
35479,0.9805994740159283,0
35480,0.9942938523551813,1
35481,0.5767455610448049,1
35482,0.9894291829225051,0
35483,0.9398001195002887,1
35484,0.9537808875198721,0
35485,0.8937818599966695,0
35486,0.9916554716927113,1
35487,0.7842708118641695,0
35488,0.9989357494992827,1
35489,0.978044829433448,0
35490,0.9803518685199714,0
35491,0.983865763513678,0
35492,0.8244336606528608,1
35493,0.9384902097071273,0
35494,0.9899820426419469,0
35495,0.8900253237101999,1
35496,0.900970897830999,0
35497,0.9999703674595799,1
35498,0.9813580652978694,0
35499,0.913345352386333,1
35500,0.9895698619072959,0
35501,0.9313230665793321,0
35502,0.881273591353865,1
35503,0.9908771403410375,0
35504,0.8243869677463623,0
35505,0.6694317439569408,1
35506,0.976584375697991,0
35507,0.9137073439759298,0
35508,0.990087895041315,0
35509,0.9854711579932094,0
35510,0.6135063111917726,1
35511,0.985456793460672,0
35512,0.9857333437112222,0
35513,0.9980617803554367,1
35514,0.9200824187447533,1
35515,0.9999999999999991,1
35516,0.9464547329665672,0
35517,0.9761192884620764,0
35518,0.9845032081874435,0
35519,0.5878137478651885,0
35520,0.6513251500518501,0
35521,0.9901872608566611,0
35522,0.9803786859470152,0
35523,0.9260214302343409,1
35524,0.9759081787483028,0
35525,0.9696267733669315,0
35526,0.9520529794045829,0
35527,0.8656478091880302,0
35528,0.771320449353114,0
35529,0.9571720643821945,0
35530,0.7741064277881698,1
35531,0.8557515064995221,0
35532,0.8706680920962573,0
35533,0.9658491629097311,0
35534,0.991792131662904,0
35535,0.9697659481398402,1
35536,0.999997529345098,1
35537,0.9929130742637585,0
35538,0.9885918231081219,0
35539,0.7776206465087674,0
35540,0.9197856186584259,0
35541,0.9999834483257903,1
35542,0.9731555997749382,1
35543,0.8982559441093122,0
35544,0.9886992794829756,0
35545,0.9839607927425014,0
35546,0.9851896738397115,0
35547,0.8947458710248827,1
35548,0.8346936388377282,1
35549,0.9893870554780068,0
35550,0.9978453346078107,1
35551,0.9645870715805046,0
35552,0.9881507395897559,1
35553,0.6655643948576158,1
35554,0.9906740852977668,0
35555,0.5556943645779489,1
35556,0.827206580043138,0
35557,0.9999673355766345,1
35558,0.9896970859332459,1
35559,0.9670699604241967,0
35560,0.9997866107028281,1
35561,1.0,1
35562,0.9452332961674361,0
35563,0.9597621567882614,0
35564,0.9365161254042967,0
35565,0.9345260810102849,1
35566,0.9241436583987506,0
35567,0.8428284965935899,0
35568,0.8536039445759032,0
35569,0.6780677253425242,1
35570,0.9792631698080867,0
35571,0.9788598350482074,0
35572,0.6137114493889796,0
35573,0.9602797028661915,0
35574,0.9718254187269487,0
35575,0.9820147058160622,0
35576,0.7686802708127565,1
35577,0.6529912157257302,0
35578,0.9801685747877236,0
35579,0.9710749176300795,0
35580,0.9118444234031216,0
35581,0.967340301120037,0
35582,0.9657309324563095,0
35583,0.8329723231104504,0
35584,0.9999970061376758,1
35585,0.9999970797861396,1
35586,0.9999093943959612,1
35587,0.797943592243796,0
35588,0.8788976908484258,0
35589,0.9674064171125156,0
35590,0.8985165690927559,0
35591,0.8467873392321009,1
35592,0.5529905470491809,0
35593,0.9046053896541513,0
35594,0.9812754284966746,0
35595,0.7292963481206396,1
35596,0.6658415080973064,1
35597,0.9894548616484425,0
35598,0.9138643550214977,0
35599,0.8951603002441001,0
35600,0.8572480072210307,1
35601,0.9574033289658762,0
35602,0.9877581627711801,0
35603,0.9996004507320788,1
35604,0.9425697248459532,0
35605,0.9352550615931895,0
35606,0.9233743401016102,0
35607,0.9377915589212409,0
35608,0.9999121013686308,1
35609,0.6090288009524515,0
35610,0.9538285031732352,1
35611,0.935877133587397,0
35612,0.8078211391752543,0
35613,0.9999999999963034,1
35614,0.9866891613571062,0
35615,0.916096874051237,0
35616,0.9223014629611322,0
35617,0.7830591233966504,0
35618,0.6204988775962339,0
35619,0.9446028589909894,0
35620,0.9680258252321872,0
35621,0.6110815088132839,0
35622,0.967958803230721,0
35623,0.5233781369945929,1
35624,0.8861032394185517,0
35625,0.9809191357779771,0
35626,0.8495872612448621,0
35627,0.9781134926360621,1
35628,0.9653013642640409,0
35629,0.9642842405512395,0
35630,0.901484528483287,1
35631,0.9715325436380369,0
35632,0.5713005380559656,1
35633,0.9030864889580241,0
35634,0.8034787907312917,1
35635,0.6395951478404505,0
35636,0.9717287569741808,0
35637,0.9999798529103917,1
35638,0.9156028565659526,0
35639,0.9324980049972486,0
35640,0.7252731819847515,0
35641,0.982038679019681,0
35642,0.9876026362813402,0
35643,0.9038579130433779,1
35644,0.9539293457828386,1
35645,0.9741730091537213,0
35646,0.9989417622484515,1
35647,0.8638389578037172,0
35648,0.9825211422897446,0
35649,0.9091240955811515,0
35650,0.5890887769253595,0
35651,0.5538469142433374,0
35652,0.7623920213656366,0
35653,0.9926158523436631,1
35654,0.9871592189616363,0
35655,0.9368706091451044,0
35656,0.9161927609330632,0
35657,0.5062771313123995,1
35658,0.8647720786583339,0
35659,0.6865904067742257,0
35660,0.997484341123914,1
35661,0.9263200970484389,0
35662,0.848866557151238,0
35663,0.9215169163537148,0
35664,0.9895235505495453,0
35665,0.99999558467383,1
35666,0.9853207695757288,0
35667,0.7319219687773093,1
35668,0.828728858093394,0
35669,0.9999997325618282,1
35670,0.9077459920086417,0
35671,0.5051707257502294,1
35672,0.8837213695825409,0
35673,0.5730906458069529,0
35674,0.9926701827524912,0
35675,0.8689977446587884,0
35676,0.9188193206755226,1
35677,0.9828998807123517,0
35678,0.821338361259534,0
35679,0.9854686555931651,1
35680,0.9661338057363489,0
35681,0.9527434136518803,0
35682,0.986038915368622,0
35683,0.7295887942268328,0
35684,0.9631260700281981,0
35685,0.8381190189773968,0
35686,0.7781355520737482,0
35687,0.9999665109536912,1
35688,0.855044963235813,0
35689,0.9767636133974911,0
35690,0.9891340305752664,0
35691,0.9995563129498808,1
35692,0.9338299006866151,0
35693,0.9872828533655176,0
35694,0.999534286742253,1
35695,0.9997055251908131,1
35696,0.6039262807132342,0
35697,0.9770589261905818,0
35698,0.7581144243319431,0
35699,0.9164247066201988,1
35700,0.8704511075203096,0
35701,0.9118804868307332,0
35702,0.9753646035216463,0
35703,0.8814540865914517,0
35704,0.9900172013925732,0
35705,0.8620246752613874,0
35706,0.9053123347819646,0
35707,0.8155457611119136,0
35708,0.5895687240276396,1
35709,0.7711518638574134,0
35710,0.5607970105609189,1
35711,0.9931765268660834,0
35712,0.6956201744667936,0
35713,0.9454893412542648,0
35714,0.9999999996483184,1
35715,0.7970528746080079,0
35716,0.7771706550695887,1
35717,0.9863734042761879,0
35718,0.9076852468069729,0
35719,0.9185579795147477,1
35720,0.9660725511450705,0
35721,0.8265393669669565,0
35722,0.981545597189755,0
35723,0.9850030831691733,0
35724,0.5162789104792145,1
35725,0.9997376031963773,1
35726,0.819955521616116,0
35727,0.8299235453506578,1
35728,0.7928138186756438,1
35729,0.7223566229601319,0
35730,0.5763554795000925,0
35731,0.9781591941624043,0
35732,0.6976419772843916,0
35733,0.6308876951260046,0
35734,0.9998929162884875,1
35735,0.9896306080364372,1
35736,0.984693044969518,0
35737,0.7884716012011515,1
35738,0.9747099364693721,0
35739,0.9122455719651829,1
35740,0.8265787898223887,1
35741,0.9932391085958554,1
35742,1.0,1
35743,0.7684435242754892,0
35744,0.9741436693394792,0
35745,0.9650121436773219,1
35746,0.7950260671000796,0
35747,0.8311428919239905,0
35748,0.978736384467133,0
35749,0.8456218112087205,1
35750,0.971452099306394,0
35751,0.9796268383512989,0
35752,0.907532722184691,0
35753,1.0,1
35754,0.9880349573825322,0
35755,0.8771698004766977,0
35756,0.8910889135728909,0
35757,0.7592105808227901,0
35758,0.9644518264785263,0
35759,0.7302696071949447,1
35760,0.9810118704542018,0
35761,0.6150995946822195,1
35762,0.6960099419413386,1
35763,0.5497511136531811,0
35764,0.958615532555755,0
35765,0.9806950035964972,0
35766,0.9722796362925492,0
35767,0.9867464641910304,0
35768,0.9177495983544169,0
35769,0.8604570179266344,0
35770,0.5281637627530535,0
35771,0.9911667208716869,0
35772,0.9993492931961637,1
35773,0.8077909609216295,0
35774,0.8589980220308263,0
35775,0.9803855745058804,0
35776,0.9539796161587752,0
35777,0.5410859456305547,0
35778,0.9950129663506729,1
35779,0.9971944360133735,1
35780,0.9778792896311718,0
35781,0.878924878967846,1
35782,0.7447030373343784,0
35783,0.999999934289025,1
35784,0.8880440384056076,0
35785,0.9868552017034634,0
35786,0.9999991477061595,1
35787,0.9963284523447923,1
35788,0.8090771149928158,0
35789,0.9220424364768713,0
35790,0.991792131662904,0
35791,0.8719847742622878,0
35792,0.9281195096001267,0
35793,0.9701892983501225,0
35794,0.999919437109321,1
35795,0.6589518391475943,0
35796,0.9885956936791457,0
35797,0.9816323533687408,0
35798,0.9989462465357171,1
35799,0.9613498350030897,0
35800,0.8329195001733257,0
35801,0.9818515201350533,0
35802,0.9856083038454807,0
35803,0.9999998936852343,1
35804,0.9786261830046717,0
35805,0.9848233554229269,0
35806,0.813372180831408,1
35807,0.9929949706567545,1
35808,0.637724204906536,0
35809,0.9881647010279548,0
35810,0.9061343505222015,0
35811,0.983740854059929,0
35812,0.9999882041713283,1
35813,0.9277105664004958,0
35814,0.5763883829452545,0
35815,0.9803806420122595,0
35816,0.8366612226783132,0
35817,0.6651997270248543,0
35818,0.7782514072085042,0
35819,0.9395111004025879,1
35820,0.7063142118698971,1
35821,0.8701163777849339,1
35822,0.9623435982696183,0
35823,0.9999921051680087,1
35824,0.9765279861729291,0
35825,0.9837986848297717,1
35826,0.894179735999046,0
35827,0.9998761290279026,1
35828,0.745618271356869,0
35829,0.9802418042411525,0
35830,0.9816493453303512,0
35831,0.986778830194435,0
35832,0.9436739048305244,0
35833,0.9880392451079489,0
35834,0.9576782784434366,0
35835,0.6917573899024031,1
35836,0.9897982130853267,0
35837,0.9251454530938452,0
35838,0.9319629286225767,0
35839,0.98697678117097,0
35840,0.9744315405079865,0
35841,0.9785702052241548,0
35842,0.9878382443682022,0
35843,0.9590219839275806,0
35844,0.7510687075402871,0
35845,0.9569000711983016,0
35846,0.9715626538455018,1
35847,0.975537719735161,0
35848,0.7307713827384062,0
35849,0.9641733104500624,1
35850,0.8383834764247464,1
35851,0.7829071002632196,1
35852,0.970864864051434,0
35853,0.6733129221739671,0
35854,0.6371200543931372,0
35855,0.6199912640261969,1
35856,0.8977711276131982,0
35857,0.9997951271012991,1
35858,0.927260338616515,1
35859,0.8866187105662843,0
35860,0.9999999999871692,1
35861,0.9688728550885839,1
35862,0.649742872116692,1
35863,0.9717037615321006,0
35864,0.8197142430603991,0
35865,0.9495054137267694,0
35866,0.9923738299222311,0
35867,0.680573369104083,0
35868,0.8660818295458138,0
35869,0.9999970029215326,1
35870,0.9831488853633517,0
35871,0.9785040636139396,0
35872,0.9999999949934881,1
35873,0.9104751750463815,0
35874,0.9486775111016464,0
35875,0.983219507543554,0
35876,0.9927014420956868,0
35877,0.9587797441235643,0
35878,1.0,1
35879,0.9108886365664118,0
35880,0.9747255010502531,0
35881,0.7832545372087384,0
35882,0.9546513852532994,0
35883,0.9797798444878542,0
35884,0.9895314424846194,1
35885,0.9231643553586217,1
35886,0.9789890569892276,0
35887,0.9240291752647709,0
35888,0.9993182814810715,1
35889,0.5265105647954511,1
35890,0.9233635094579232,0
35891,0.9245725579367529,0
35892,0.9768352128674862,0
35893,0.6171993021507962,1
35894,1.0,1
35895,0.9976658964189836,1
35896,0.9648498889982664,0
35897,0.7333848821338571,1
35898,0.8109627230740044,0
35899,0.9999786826030845,1
35900,0.5006264041896388,1
35901,0.5386188011875915,1
35902,0.6846287313436763,0
35903,0.99176723070179,0
35904,0.9938727307328112,0
35905,0.6189553334348793,1
35906,0.8965824275879847,1
35907,0.9862879255257329,0
35908,0.9775628764906583,0
35909,0.9885968200138329,0
35910,0.9475074599489532,1
35911,0.8941908929375927,1
35912,0.999804538031754,1
35913,0.9985132155409938,1
35914,0.9997806253396723,1
35915,0.9898637704816282,0
35916,0.9854323577358058,0
35917,0.8150154693277412,1
35918,0.9139186736971892,1
35919,0.8569419710882396,1
35920,0.957415971861945,1
35921,0.728691711119873,0
35922,0.9829753426228889,1
35923,0.9690564231035999,0
35924,0.9778728080687915,1
35925,0.9987269013969601,1
35926,0.9802428294013189,0
35927,0.7963947363141879,1
35928,0.9512371627213295,1
35929,0.8861487021235149,0
35930,0.9262830800980866,0
35931,0.5989563162740512,1
35932,0.974722027967491,0
35933,0.9876158392209592,0
35934,0.9987032625670863,1
35935,0.9940889725092228,0
35936,0.9634724028233914,0
35937,0.8211759949614968,0
35938,0.9897765728441197,0
35939,0.9991608115126627,1
35940,0.5445546727790386,0
35941,0.9680640910770824,0
35942,0.5031068539119771,0
35943,0.960306411128652,0
35944,0.8520073770760316,0
35945,0.8666403705983972,1
35946,0.5986730709444232,0
35947,0.8996352877003243,1
35948,0.8032107282839555,0
35949,0.9225409699922936,0
35950,0.8280697218591978,0
35951,0.9999100998431447,1
35952,0.9891301928743815,0
35953,0.9999999980873298,1
35954,0.9907563670154675,0
35955,0.9864277876599907,0
35956,0.9568452170199104,0
35957,0.9991333287430159,1
35958,0.9987896169329494,1
35959,0.9907445102553185,0
35960,0.9301883831168768,0
35961,0.6329086513676305,1
35962,0.8614618832896667,0
35963,0.9814019596364449,0
35964,0.9257057059510742,0
35965,0.9143246361827534,0
35966,0.9772610054204631,0
35967,0.9656558993745658,0
35968,0.9999980918716765,1
35969,0.8470491882252043,1
35970,0.54550240914638,0
35971,0.783772126213395,0
35972,0.9999999889069897,1
35973,0.8077887195283866,0
35974,0.9620211503129755,0
35975,0.9238021356279337,0
35976,0.9716011716527144,0
35977,0.5021746320940251,0
35978,0.7311286005858787,0
35979,0.861444906508088,1
35980,0.9181820182818379,1
35981,0.9895463539172987,1
35982,0.990821629419716,0
35983,0.9999990087514335,1
35984,0.9999139997157451,1
35985,0.9919206411437669,0
35986,0.9902481213845393,0
35987,0.9718778566872983,1
35988,0.6875450156101676,0
35989,0.9000021345642607,0
35990,0.9705191580441704,0
35991,0.999999999356076,1
35992,0.5678247470815473,0
35993,0.9766911838513759,0
35994,0.9995544890624564,1
35995,0.970414329637898,0
35996,0.936739971543769,0
35997,0.9999973085288463,1
35998,0.722396838277422,0
35999,0.9681619039091646,0
36000,0.9256906948218651,0
36001,0.9365621335387618,0
36002,0.6364395408996124,0
36003,0.9986196543559441,1
36004,0.7799277189460755,0
36005,0.9361748353127742,0
36006,0.9391378573851916,0
36007,0.9895175147386638,0
36008,0.8885396018230738,0
36009,0.9819711249984704,0
36010,0.9835583253642003,0
36011,0.9999944597242525,1
36012,0.9999999999999978,1
36013,0.9832472747660246,0
36014,0.9549838109202329,0
36015,0.7767674316642837,0
36016,0.9738490851012,0
36017,0.9473896918455902,1
36018,0.9760110541684639,0
36019,0.5636528594031593,1
36020,0.9740462600280396,0
36021,0.8620551648270716,0
36022,0.9706380405158852,0
36023,0.9639182343343979,0
36024,0.9850828003796691,1
36025,0.8706686184588208,1
36026,0.821079914059113,0
36027,0.9758957845979296,1
36028,0.9907526446250521,0
36029,0.9999999999480416,1
36030,0.8776891127779567,0
36031,0.8759084527350626,1
36032,0.8138867488274624,0
36033,0.9738718413100925,0
36034,0.8773806155509358,0
36035,0.9436670088554656,0
36036,0.9399194038742992,1
36037,0.9539490045404189,1
36038,0.990004035390997,0
36039,0.9847975192244279,0
36040,0.8415838915724503,0
36041,0.9853479856100616,0
36042,0.5859547869889136,1
36043,0.551300944039943,0
36044,0.9999390323863971,1
36045,0.990651446951539,0
36046,0.9925910311314297,0
36047,0.9908753053562005,0
36048,0.9940749337620409,0
36049,0.9249322272349678,0
36050,0.8463039169077918,0
36051,0.8321882854656752,0
36052,0.7293319926512799,1
36053,0.9920646748502651,0
36054,0.9287611403550149,1
36055,0.9984863363151341,1
36056,0.7113403343175091,0
36057,0.999561766162379,1
36058,0.9822737185667398,0
36059,0.7355166274833324,0
36060,0.9997678039225171,1
36061,0.9859021691860422,0
36062,0.9939450288976318,1
36063,0.9992172759509059,1
36064,0.9998616410993193,1
36065,0.9034550348469883,0
36066,0.9999999980681085,1
36067,0.7410723902575318,0
36068,0.9629951945166088,0
36069,0.9634305771210125,0
36070,0.591522088969111,1
36071,0.8454991003568602,1
36072,0.982841954700451,0
36073,0.9817940319807393,0
36074,0.9930888366383034,1
36075,0.9999999668895454,1
36076,0.9724459914026635,1
36077,0.9621527080094032,0
36078,0.9591303608422261,0
36079,0.999999999785242,1
36080,0.6204353963517691,0
36081,0.9653667716903287,0
36082,0.9729022138278368,0
36083,0.9999999997231344,1
36084,0.9573625208879832,0
36085,0.9050088125441115,0
36086,0.9051336240719651,0
36087,0.9837096299644289,1
36088,0.9918547711744823,0
36089,0.9999999961550134,1
36090,0.9766162754401024,0
36091,0.9535394155434672,1
36092,0.9704590565639788,0
36093,0.9926513483402473,0
36094,0.7149436494170801,0
36095,0.6916612748029538,0
36096,0.9409989627013969,1
36097,0.7986839214501757,1
36098,0.989008355141197,0
36099,0.8600069547830358,0
36100,0.9649665825177537,0
36101,0.9403724262870962,0
36102,0.9280123800898491,1
36103,0.9581006460210298,0
36104,0.989198897800575,0
36105,0.9999719932336457,1
36106,0.959730405831309,0
36107,0.9482199879165568,0
36108,0.9859466487662812,0
36109,0.9907236371766838,0
36110,1.0,1
36111,0.9768812875587336,0
36112,0.8457971143631453,0
36113,0.9730319526176334,1
36114,0.9867665067871916,0
36115,0.9422425467643932,0
36116,0.978721001908587,0
36117,0.9848925690983453,1
36118,0.5959049304090701,1
36119,0.987455843139946,1
36120,0.9733453962228099,0
36121,0.983303415306072,0
36122,0.9587723316115089,0
36123,0.9967871740758535,1
36124,0.9879465313001465,1
36125,0.9862014031802804,0
36126,0.9919868402669747,0
36127,0.954149787911127,0
36128,0.9529630585651083,0
36129,0.936811168428725,1
36130,0.9999999999951732,1
36131,0.783980375084961,0
36132,0.8870805036882462,0
36133,0.999930936152311,1
36134,0.9807343475235374,0
36135,0.7122728527792183,0
36136,0.9613609656060419,0
36137,0.9384349175223934,0
36138,0.6199442895183753,0
36139,0.7516686518299652,0
36140,0.9863035011932457,0
36141,0.6961271736523172,0
36142,0.9818392655920919,0
36143,0.9822282505582829,0
36144,0.9804531955822484,0
36145,0.9677459043821011,0
36146,0.9655607927235067,0
36147,0.9459510228926298,0
36148,0.7794627345238015,0
36149,0.9568198153563762,0
36150,0.9509024888713388,0
36151,0.9744267312340179,0
36152,0.9599969194334049,0
36153,0.556141068380487,0
36154,0.9201041336575533,0
36155,0.7945136631774699,0
36156,0.9757937818072647,0
36157,0.8639545847997373,0
36158,0.9999999820751074,1
36159,0.5680288193774115,0
36160,0.9741969792594608,0
36161,0.9939447977986674,0
36162,0.9813465380443043,1
36163,0.7823562753298388,1
36164,0.9647601922714975,0
36165,0.6306411793778658,1
36166,0.936561368538266,0
36167,0.9993217398411572,1
36168,0.9884672419556411,0
36169,0.8296642084003985,0
36170,0.934664074472261,0
36171,0.970657525775827,0
36172,0.8943481931980385,1
36173,0.5779645227735526,0
36174,0.9683679870694938,0
36175,0.9816499906220638,0
36176,0.8930968099478661,1
36177,0.9330187856644923,0
36178,0.9419916960792581,0
36179,0.984653160451106,0
36180,0.6469754341638775,0
36181,0.965171123569206,0
36182,0.9826651499344293,0
36183,0.8631548097346253,0
36184,0.9873654526187994,0
36185,0.9421561358198328,1
36186,0.887903252861665,0
36187,0.8522855519319712,0
36188,0.9055314190522764,0
36189,0.5741888389626187,1
36190,0.9464276023644463,0
36191,0.9972332518584804,1
36192,0.9993334853141801,1
36193,0.9149792425754837,0
36194,0.5101601875930665,0
36195,0.9726244574831936,0
36196,0.991157456761655,0
36197,0.9909813469114445,0
36198,0.6883327067956508,1
36199,0.9826531641601651,0
36200,0.9417471029795691,0
36201,0.6902694164788025,1
36202,0.7741125223827499,0
36203,1.0,1
36204,0.9767374291961038,0
36205,0.6538171534727809,0
36206,0.988627814598063,0
36207,0.9977760502909081,1
36208,0.9931709642926646,0
36209,0.9854890986748517,0
36210,0.8136699145426132,1
36211,0.9360425671760345,0
36212,0.9039635807010725,0
36213,0.859259920119838,0
36214,0.8984892416191856,1
36215,0.8557751757155707,1
36216,0.7053012329314241,1
36217,0.700786540433611,0
36218,0.959011572863849,0
36219,0.9694512451827171,0
36220,0.9932203812617377,0
36221,0.9383314228390481,0
36222,0.9621690317917098,0
36223,0.9666662400173754,0
36224,0.5618696233344166,1
36225,0.5680373515218875,1
36226,0.9405798540301006,0
36227,0.5926297196504586,0
36228,0.9095159676115239,0
36229,0.7810986772050605,1
36230,0.9888164461475425,0
36231,0.5800983925381707,0
36232,0.9999999999916902,1
36233,0.9804934410142565,0
36234,1.0,1
36235,0.5437059277079215,0
36236,0.9902368662422742,0
36237,0.5858727515990773,1
36238,0.9999999999532303,1
36239,0.9060859093582023,0
36240,0.9830631844462697,0
36241,0.9563760611650916,0
36242,0.9643738127284243,0
36243,0.9360242561926618,0
36244,0.5353417002655154,0
36245,0.9999981858085024,1
36246,0.9999947971731661,1
36247,0.9103396741952358,0
36248,0.8748045930041032,1
36249,0.9964445433621121,1
36250,0.9556162360768403,0
36251,0.9885418305612363,0
36252,0.9912020318142574,0
36253,0.9767986262332891,0
36254,0.9589575909199821,0
36255,0.5970199177932546,0
36256,0.9502439315312764,0
36257,0.9670815942076749,0
36258,0.9915752580935723,0
36259,0.9063592396344691,0
36260,0.697898617216762,0
36261,0.9999999616964622,1
36262,0.9674645103847961,0
36263,0.9417823728939201,1
36264,0.9889799796637497,0
36265,0.970489562397832,0
36266,0.9042365832567916,0
36267,0.9631420137341529,0
36268,0.9176629272950229,0
36269,0.9710967555563604,0
36270,0.9745061993716245,0
36271,0.9504627422296861,0
36272,0.9414032050380146,0
36273,0.9902531869023568,0
36274,0.9999999404588982,1
36275,0.909809481001448,0
36276,0.9804584994622102,0
36277,0.9626387378034615,0
36278,0.9367884798624199,1
36279,0.9676859238039509,0
36280,0.9901810801694093,0
36281,0.9918041734578075,0
36282,0.6621260375732227,0
36283,0.9711561790586691,0
36284,0.9512880381096611,0
36285,0.9800951563160533,0
36286,0.999971915997203,1
36287,0.9588550480644843,0
36288,0.9893877733916552,0
36289,0.9449378409273735,0
36290,0.6683172389319195,0
36291,0.9065356718772305,0
36292,0.9876948292046844,0
36293,0.9654636877613033,0
36294,0.5328686777218355,1
36295,0.9744489577997497,0
36296,0.9851291144557484,0
36297,0.9914140957822681,0
36298,0.5206415509367928,1
36299,0.8277980525620157,0
36300,0.6353522323970041,0
36301,0.9930855017503686,0
36302,0.9395413019136797,0
36303,0.9773895841810571,0
36304,0.980194549701326,0
36305,0.9893865633884505,0
36306,0.9498193758529567,0
36307,0.9206155933298954,0
36308,0.7622103833380971,1
36309,0.9997745757534827,1
36310,0.9821523757686449,0
36311,0.93412153906247,0
36312,0.9672455983828178,1
36313,0.7595673175305616,0
36314,0.9605598693119535,0
36315,0.8953263624001576,0
36316,0.9887454616613008,0
36317,0.9955232293115291,0
36318,0.9826196819144839,0
36319,0.8165586286207843,0
36320,0.9444521124602949,0
36321,0.9735281757747246,0
36322,0.9963851081614279,1
36323,0.9917193488110926,0
36324,0.9511524335618701,0
36325,0.988556134374157,0
36326,0.945775740698153,0
36327,0.95445587133459,0
36328,0.8900899589322444,0
36329,0.9980141339933591,1
36330,0.9827276900673965,0
36331,0.9716984253474541,0
36332,0.9818759055488971,0
36333,0.5008711882891942,1
36334,0.681688557125909,0
36335,0.9990719950243099,1
36336,0.6871002958064172,0
36337,0.9633391371922118,0
36338,0.9713099341262202,0
36339,0.9742589049370854,0
36340,0.9913062465390816,0
36341,0.993527924254874,0
36342,0.7858001613768045,1
36343,0.9573835169438141,0
36344,0.9444764502954853,0
36345,0.790001358634822,0
36346,0.7296265469040871,0
36347,0.5203937690530297,1
36348,0.8980549127220959,0
36349,0.9396280782423961,0
36350,0.9764131379153663,0
36351,0.9826409196012423,0
36352,0.8438325359702621,1
36353,0.8742249838523216,0
36354,0.9865758868710106,0
36355,0.9068585560451167,0
36356,0.8956989174214455,0
36357,0.9664143187792357,0
36358,0.6437699247700429,0
36359,0.9893140464325643,0
36360,0.96565364757318,0
36361,0.5976785269720394,0
36362,0.9425521832113,0
36363,0.7035753651697478,0
36364,0.9652396198376809,0
36365,0.9919661369992022,0
36366,0.989382604663677,1
36367,0.9799614713316285,0
36368,0.7601955910910868,0
36369,0.9186525342272112,0
36370,0.6396087074842566,0
36371,0.5935793932352466,1
36372,0.95013811271756,0
36373,0.9618994667596701,0
36374,0.9433730497704661,0
36375,0.9380800184642706,0
36376,0.7479695168376591,0
36377,0.6693229942008363,0
36378,0.8590136646967348,0
36379,0.938084447958754,0
36380,0.9999906907676644,1
36381,0.7702741241129389,1
36382,0.9870997180592458,0
36383,0.9999999924504472,1
36384,0.9299455819515332,0
36385,0.6828332480640009,0
36386,0.9866774938995485,0
36387,0.8595403793728076,0
36388,0.908005070290991,0
36389,0.6734891573947068,0
36390,0.933765019605794,0
36391,0.7239100391678984,1
36392,0.7435383976336812,1
36393,0.9704199708449546,0
36394,0.7965032541084637,1
36395,0.933697374418453,0
36396,0.8792484718035897,0
36397,0.8817482960764177,1
36398,0.9609894260261662,0
36399,0.9589366820744296,0
36400,0.7891418128479778,1
36401,0.7261137018088621,1
36402,0.728939681320771,0
36403,0.6927129226838428,1
36404,0.9163987981984939,1
36405,0.987369795620681,1
36406,0.8842561907287633,1
36407,0.9702532910015649,0
36408,0.8054362560879619,0
36409,0.936736195524842,1
36410,0.9850333441151983,0
36411,0.8484065182431239,0
36412,0.8913812598318931,0
36413,0.9113038611089038,0
36414,0.920375745630783,0
36415,0.961381054953102,1
36416,0.9382756821944651,0
36417,0.9999999978864764,1
36418,0.9641760767089801,0
36419,0.876763569546749,1
36420,0.569804410762734,0
36421,0.974883755549727,0
36422,0.9858914520867519,0
36423,0.9769633206528252,0
36424,0.9399206674003457,0
36425,0.9545702716529842,0
36426,0.9377818462241524,0
36427,0.5809740008787909,1
36428,0.8833479739208191,0
36429,0.9991517687161323,1
36430,0.9838158286617329,0
36431,0.991804686637774,0
36432,0.9890258330102633,0
36433,0.9809704267825998,0
36434,0.9386849267102294,0
36435,0.9380475179235802,0
36436,0.9984274746005084,1
36437,0.9998961171020778,1
36438,0.5018255119843502,1
36439,0.9930411471514025,0
36440,0.9239979081964005,0
36441,0.9582076694125772,0
36442,0.9867402738079216,0
36443,0.9311073103748433,0
36444,0.5431472074263559,1
36445,0.9844115986058737,0
36446,0.5767901978471334,0
36447,0.8562661702915978,0
36448,0.7972544193044565,1
36449,0.8966092613676021,0
36450,0.9351924704931187,0
36451,0.7693374309832406,0
36452,0.590784259522154,1
36453,0.5906969397868858,1
36454,0.9459305604363806,0
36455,0.7126402894520354,0
36456,0.9999776672164946,1
36457,0.634193451581057,0
36458,0.9827149839832278,0
36459,0.978486790457588,0
36460,0.8125155799092023,0
36461,0.9998891826868045,1
36462,0.6659731661819829,1
36463,0.789920186268971,0
36464,0.9851217021401375,0
36465,0.8856693828409857,0
36466,0.9517618562517155,0
36467,0.8535475242932272,0
36468,0.9991688231146825,1
36469,0.6926502583561949,0
36470,0.7878601814455203,0
36471,0.9490675253873265,0
36472,0.8096060967333805,0
36473,0.8688136434555135,0
36474,0.9321588514782896,0
36475,0.9259251289473106,0
36476,0.9812683049696755,0
36477,0.986558920284814,0
36478,0.9440156183271098,0
36479,0.6210132090018088,1
36480,0.9291163419486111,0
36481,0.9479999609702678,0
36482,0.9864640306471547,0
36483,0.905966372348436,0
36484,0.8545231548125001,0
36485,0.8956937442809889,1
36486,0.9803642907592344,0
36487,0.9783616048941686,0
36488,0.9857097885654234,0
36489,0.9647618291672849,0
36490,0.9661979023697645,0
36491,0.957326924583993,0
36492,0.9908303152852377,0
36493,0.9550780554916664,0
36494,0.9998084644954014,1
36495,0.8766812212477206,0
36496,0.7554094471185503,0
36497,0.9999999197199584,1
36498,0.5525698924292317,0
36499,0.9799500559724131,0
36500,0.644105017979453,0
36501,0.5444885216020517,0
36502,0.9980796663195197,1
36503,0.9999814533604665,1
36504,0.9429969592768207,0
36505,0.963549608066261,0
36506,0.9999999918015285,1
36507,0.7790304469160247,0
36508,0.9144605549302373,0
36509,0.9097862041089326,0
36510,0.9281432318546557,0
36511,0.5458004857364113,1
36512,0.8539822099070156,0
36513,0.9999996254082686,1
36514,0.999999999996039,1
36515,0.6511462226662624,1
36516,0.9999997475610773,1
36517,0.9984384265228847,1
36518,0.999865353270756,1
36519,0.9268642582708868,1
36520,0.9194426429509351,0
36521,0.9390056811784486,0
36522,0.9733400345432793,0
36523,0.8986097345854968,0
36524,0.8822631024376112,0
36525,0.9167746563754708,0
36526,1.0,1
36527,0.9873014131564133,0
36528,0.9854903726856294,0
36529,0.9725166801169498,0
36530,0.9874308871832046,1
36531,0.8040957591143216,0
36532,0.8916280910052403,0
36533,0.9888296509460374,0
36534,1.0,1
36535,0.964879259858718,0
36536,0.9752860317661676,0
36537,0.9583961842424176,0
36538,0.9664304544583542,0
36539,0.9556777979772831,0
36540,0.9999995370351408,1
36541,0.9286096775647473,1
36542,0.7562268456414803,0
36543,0.6169765314598729,0
36544,0.9481236524165784,0
36545,0.9779705995000205,1
36546,0.9768758654184181,1
36547,0.7053875248490424,1
36548,0.9142301622486909,0
36549,0.6320428399582269,1
36550,0.8136307909832354,0
36551,0.5390445558757834,1
36552,0.9554402322406682,1
36553,0.9925802053908152,0
36554,0.9876717374594236,1
36555,0.8804403547629293,0
36556,0.9077734818695865,0
36557,0.8001776163086298,1
36558,0.9823329836956558,0
36559,0.7964594673260443,0
36560,0.8572268759637943,0
36561,0.999389808882797,1
36562,0.9931709642926646,0
36563,0.7850979992500358,0
36564,0.99123424099541,0
36565,0.9379359823432153,0
36566,0.5064993780842387,1
36567,0.984177142472055,0
36568,0.9925254144612083,0
36569,0.9661666266960875,0
36570,0.9886724872426123,0
36571,0.924239545215588,0
36572,0.9812547806153891,0
36573,0.9741242971551689,0
36574,0.9418797708314743,0
36575,0.9502541761483976,1
36576,0.9133310956829594,0
36577,0.9868675359542793,0
36578,0.9752426132281224,0
36579,0.5896356627256035,1
36580,0.8054516839670005,0
36581,0.9712085944035032,1
36582,0.9546089917935507,0
36583,0.9925204443564803,0
36584,0.7373525384002424,1
36585,0.6929131189731123,1
36586,0.952500302560625,0
36587,0.9750290512078483,0
36588,0.601538476843808,0
36589,0.9266033438250768,0
36590,0.9999868739967069,1
36591,1.0,1
36592,0.970715959626866,0
36593,0.8762549209104257,0
36594,0.9889900630780813,0
36595,0.6170928119278615,0
36596,0.9956205632454911,1
36597,0.9750888547357174,0
36598,0.9597345347505903,0
36599,0.7919240540075358,0
36600,0.5852404995672554,1
36601,0.927055411466676,0
36602,0.9242060123412627,0
36603,0.9846607727358275,0
36604,0.939321978293556,1
36605,0.5797094499267668,0
36606,0.9863579021741069,0
36607,0.8536722492554347,0
36608,0.9624116270749804,1
36609,0.9462512933441237,1
36610,0.949304230742868,0
36611,0.9807677504338334,0
36612,0.952232875051554,0
36613,0.9674629623583555,0
36614,0.7838939637566957,0
36615,0.8713644199947532,1
36616,0.9623422994459523,0
36617,0.9999980490037967,1
36618,0.9605676006364505,0
36619,0.9427296851574014,0
36620,0.9999993281365346,1
36621,0.99169225544976,1
36622,0.8847624495232073,0
36623,0.9377293410586698,0
36624,0.9552905657043504,0
36625,0.9786548720343735,0
36626,0.9539573937847847,0
36627,0.8811701626395159,0
36628,0.7814803397221332,1
36629,0.9918785414189872,0
36630,0.9919281149218659,0
36631,0.981827540261706,0
36632,0.9902135495688296,0
36633,0.8301485539785899,0
36634,0.9546589929409582,0
36635,0.9052310033299397,1
36636,0.9813764756639691,0
36637,1.0,1
36638,0.9820184489455913,0
36639,0.9683141879930067,0
36640,0.5006899049058128,1
36641,0.938707974285788,0
36642,0.5732586816524257,0
36643,0.9781065127602219,0
36644,0.8899128977340157,1
36645,0.9545497530412467,0
36646,0.9622897047142728,0
36647,0.5653773738857167,1
36648,0.9891735147283286,0
36649,0.980741279752222,0
36650,0.9999595321422183,1
36651,0.8986201767416279,1
36652,0.9790447429705715,0
36653,0.9940037326831587,0
36654,0.9827506972398531,0
36655,0.9509150206817947,0
36656,0.9652660744999504,0
36657,0.6760865623262092,1
36658,0.990824988418452,0
36659,0.9799796598489865,0
36660,0.5017370861530823,1
36661,0.9085333330495502,0
36662,0.9869550486587111,0
36663,0.6381079843213568,1
36664,0.9421072897967288,1
36665,0.9487042300853473,0
36666,0.9999999999919069,1
36667,0.9874309976401278,0
36668,0.9999999923763655,1
36669,0.9669147356131605,0
36670,0.9540808655736002,0
36671,0.9807424475424125,0
36672,0.9885278534026067,1
36673,0.8937893382567474,0
36674,0.7355697297131116,0
36675,0.9934244693820141,1
36676,0.9661129892382889,0
36677,0.9999999909048605,1
36678,0.9160343365359797,0
36679,0.7570351237802255,1
36680,0.9999999998955227,1
36681,0.951094866688836,0
36682,0.7839521742780097,0
36683,0.9992039206203391,1
36684,0.9900441715535816,0
36685,0.9922562838454287,0
36686,0.8813593526677445,0
36687,0.6635573291262279,1
36688,0.9824781819266262,0
36689,0.8877711422508653,1
36690,0.9934222055975945,0
36691,0.9907330068338205,0
36692,0.7973153744232626,1
36693,0.9297686788350625,0
36694,0.9999062544244253,1
36695,0.8639092046010526,1
36696,0.8669206607387291,1
36697,0.6263344449248445,0
36698,0.8530926938317874,0
36699,0.9998146155753507,1
36700,0.9523976763770873,0
36701,0.9937522117288993,1
36702,0.9999948793558985,1
36703,0.9447512775406152,0
36704,0.9837765437080227,0
36705,0.6264026781580759,0
36706,0.9651864625734724,0
36707,0.9345572693016704,0
36708,0.982500862157151,0
36709,0.5643799921242694,1
36710,0.899977778311112,0
36711,0.723419342903219,0
36712,0.9585976694834352,0
36713,0.7543855703208702,1
36714,0.9998167404435955,1
36715,0.8056803297965808,1
36716,0.9369391784106078,0
36717,0.9044038987118503,0
36718,0.9999342812452737,1
36719,0.9920802933840656,0
36720,0.9840370875225398,0
36721,0.9778530945554246,0
36722,0.9472247738743487,0
36723,0.9664429191281217,0
36724,0.9825206830192795,0
36725,0.9523335232163553,0
36726,0.9775180899983094,0
36727,0.9696332692518175,0
36728,0.9832186706838284,0
36729,1.0,1
36730,0.9818688217632385,0
36731,0.8746573511159613,0
36732,0.9999999990223702,1
36733,0.8181334514816094,0
36734,0.6042843083189472,0
36735,0.8697512156056293,1
36736,0.676649789292647,0
36737,0.9621671310324699,0
36738,0.9462310200810936,0
36739,0.9841761619438555,0
36740,0.9906773025501217,0
36741,0.9852048529286382,1
36742,0.5205271949211167,1
36743,0.8681609035295336,0
36744,0.9883352807623662,0
36745,0.9996917722853333,1
36746,0.9521348643440781,0
36747,0.9701573706990472,1
36748,0.9922877173512119,1
36749,0.9912222734507166,0
36750,0.7124163411508524,0
36751,0.9300718969291571,0
36752,0.929681403815005,0
36753,0.5517531540264812,1
36754,0.96494134951057,0
36755,0.9460623505600928,1
36756,0.9809663827589397,0
36757,0.9276930110857112,0
36758,0.9469119087364493,1
36759,0.7019204833816315,0
36760,0.8394672128915837,0
36761,0.9541704697914091,0
36762,0.9197487937181854,0
36763,0.9734044238323286,0
36764,0.9618460669415302,0
36765,0.9049421111407003,1
36766,0.9855366921510388,0
36767,0.9841073986035016,0
36768,0.9905624536206863,0
36769,1.0,1
36770,0.9874295241352208,0
36771,0.9908328286540835,0
36772,0.9638684157360012,0
36773,0.7954290854982757,0
36774,0.7412070448808002,0
36775,0.9509039047376711,0
36776,0.8909618151480356,1
36777,0.8724174609120735,0
36778,0.8541441559416538,0
36779,0.6401376046224809,0
36780,0.9887753095169008,0
36781,0.9804409199955088,0
36782,0.9871139190190465,0
36783,0.990605962935234,0
36784,0.9788258387908533,0
36785,0.7652190875604921,0
36786,0.7033562513994364,0
36787,0.9611536312689523,0
36788,0.8778437918906943,1
36789,0.9975292475415688,1
36790,0.815213900874767,0
36791,0.9865880965471884,1
36792,1.0,1
36793,0.5871680467845918,1
36794,0.5019985865995547,1
36795,0.9917404025421342,0
36796,0.9999999988975938,1
36797,0.9999999982856735,1
36798,0.5167108010788122,0
36799,0.9228450018495057,0
36800,0.9999999995318363,1
36801,0.5163278369544719,1
36802,0.9999999851058794,1
36803,0.6556022825776073,1
36804,0.9921792924968669,0
36805,0.6854254131160582,0
36806,0.9356372379065766,0
36807,0.972696294712331,1
36808,0.9762018813114859,0
36809,0.9855323015310454,0
36810,0.7227089770843984,0
36811,0.9921374857490876,0
36812,0.9961254448963522,1
36813,0.7453472152338886,0
36814,0.9554503684748848,1
36815,0.9999999995901347,1
36816,0.9899887323438178,1
36817,0.9740226615881984,0
36818,0.9845717686517128,0
36819,0.7597877403753466,0
36820,0.9897685834839164,0
36821,0.7233362091287583,0
36822,0.7086011543131839,0
36823,0.9999940497528554,1
36824,0.8407562287647984,1
36825,0.8325684585420418,0
36826,0.8917639383917325,0
36827,0.9425855196747468,0
36828,0.8542734542847231,0
36829,0.9204923401680477,1
36830,0.8099857327560929,0
36831,0.7188774196479997,0
36832,0.5841774094727915,1
36833,0.9651929929732004,0
36834,0.8702765268355147,1
36835,0.8845436028420505,1
36836,0.9999999999999993,1
36837,0.9378461421952267,0
36838,0.9988315140719767,1
36839,0.9571504501711409,0
36840,0.8416372054735205,1
36841,0.838156838043174,1
36842,0.9843015491345185,1
36843,0.5076293100287215,0
36844,0.9999996458820478,1
36845,0.8262152491299468,0
36846,0.988076525143012,0
36847,0.9822453358574376,0
36848,0.9756032772640931,0
36849,0.975362685267265,0
36850,0.9240884601358289,0
36851,0.8087740160827857,1
36852,0.7607530878961573,0
36853,0.9820205856533193,0
36854,0.5916891610562226,1
36855,0.9836033524213703,0
36856,1.0,1
36857,0.9464863836805774,0
36858,0.9674470841454883,1
36859,0.9530679297096547,0
36860,0.6789502297414025,0
36861,0.9530002557585581,0
36862,0.9069455595240212,0
36863,0.9208105057697501,0
36864,0.9759108781950545,0
36865,0.9870966572784167,0
36866,0.6072679169540811,0
36867,0.5360116881493062,1
36868,0.9054129663672645,0
36869,0.8483304401303702,0
36870,1.0,1
36871,0.8961288294163309,0
36872,0.9912002839820657,0
36873,0.9508806684995379,0
36874,0.9535499040578197,0
36875,0.7876458748221995,1
36876,0.7126303337687742,0
36877,0.9986920964423807,1
36878,0.9871452983595411,0
36879,0.9462182961860973,0
36880,0.9992312024121749,1
36881,0.9920802933840656,0
36882,0.9809318617771363,0
36883,0.90003597106911,0
36884,0.8945438264707926,0
36885,0.8630927486923796,1
36886,0.9910560845909195,0
36887,0.8183143243668998,0
36888,1.0,1
36889,0.9999999999999583,1
36890,0.9470370475787172,0
36891,0.991792131662904,0
36892,0.6555140444686492,1
36893,0.9866369974352944,0
36894,0.9677762791860538,0
36895,0.9670769549076782,0
36896,0.9770512985557982,0
36897,0.9999999907271634,1
36898,0.7657287548869827,0
36899,0.9666763287212476,1
36900,0.9641867073617595,1
36901,0.8807728544816268,0
36902,0.9583199405588304,0
36903,1.0,1
36904,0.883840571875594,0
36905,0.8391886928251961,1
36906,0.9567354168036126,0
36907,0.9897897785456476,1
36908,0.9719333906820525,0
36909,0.5640579933554215,1
36910,1.0,1
36911,0.7463570949931505,1
36912,0.9833964164434168,0
36913,0.9900737416001302,0
36914,0.9487712619267271,1
36915,0.9481532549787434,0
36916,0.9772662853286045,1
36917,0.5125015336712538,0
36918,0.8895420352665012,0
36919,0.9458149035531925,0
36920,0.9863042200612508,0
36921,0.6025121955055281,1
36922,0.823915933573365,0
36923,0.9845470773559363,0
36924,0.9691332313246028,0
36925,0.8035726969457634,0
36926,0.9726536357418013,0
36927,0.9333549453695262,0
36928,0.7666586311266657,0
36929,0.9083640463391088,0
36930,0.7522889349226063,0
36931,0.9893966501538027,0
36932,0.8609244095967068,1
36933,0.8591739391630213,0
36934,0.9999250308549429,1
36935,0.83325853132603,0
36936,0.9118444234031216,0
36937,0.9741119705827603,0
36938,0.7354116820826502,1
36939,0.8652274068136082,0
36940,0.6089497108695613,0
36941,0.7669527153882364,0
36942,0.9746234997177392,0
36943,0.6507230667757594,1
36944,0.5676515236509344,0
36945,0.9011024229511448,1
36946,0.9860552961292398,0
36947,0.8158364517461433,0
36948,0.999913821463317,1
36949,0.8490814923213186,0
36950,0.9641058095788894,1
36951,0.5997688665515671,0
36952,0.8833131117228474,0
36953,0.7628579956275773,0
36954,0.9444480912527314,0
36955,0.9054854286625341,0
36956,0.6341882516783994,0
36957,0.976635402312204,0
36958,0.637767006493347,0
36959,0.9281634485245882,0
36960,0.7479472004885412,1
36961,0.9854342075118246,0
36962,0.993589983702041,1
36963,0.7989057517685446,1
36964,0.969647574993004,0
36965,0.9642388490461208,0
36966,0.9937810505837014,0
36967,0.8694898616365277,1
36968,0.8536085514623744,1
36969,0.7889857055821369,0
36970,0.986218063775294,0
36971,0.9920519470444741,0
36972,0.9662216540777253,1
36973,0.9812425842474205,0
36974,0.9329054217596214,0
36975,0.9040426188519187,1
36976,0.9264125861981054,0
36977,0.9998271458595811,1
36978,0.9884704321945406,0
36979,0.8507876525565367,0
36980,0.9723591017234832,1
36981,0.9405229265012246,0
36982,0.6849993259194553,0
36983,0.9101875796141627,0
36984,0.8499935895328065,0
36985,0.9155444388532378,0
36986,0.9919432126078637,0
36987,0.9765839447696104,0
36988,0.9999999999999929,1
36989,0.9793788242954587,0
36990,0.9866960471350358,0
36991,0.9596637744441914,1
36992,0.5574203023235537,1
36993,0.8236612503603425,1
36994,0.949490008303381,0
36995,0.6160214976703801,1
36996,0.8623911457235474,0
36997,0.9847351190926058,0
36998,0.9643495835973984,0
36999,0.9999999999999942,1
37000,0.9216998577860437,0
37001,0.9398915266946831,0
37002,0.9868772315546954,0
37003,0.8277303439505731,0
37004,0.5520768730229633,1
37005,0.8568305302054842,0
37006,0.9907575192982697,0
37007,0.8882651254097702,1
37008,0.9674140402621089,0
37009,0.6157265558621461,1
37010,0.9997258059033451,1
37011,0.9955232293115291,0
37012,0.9996639256883378,1
37013,0.9392344136215047,1
37014,0.9883478705927025,0
37015,0.9782996047539756,0
37016,0.720161041194106,1
37017,0.6607536459893827,0
37018,0.8905623517489275,0
37019,0.5501326809641242,1
37020,0.9876232274800165,1
37021,0.7232385012269108,0
37022,0.988160854742983,0
37023,0.9932768259948215,1
37024,0.7285136795731791,0
37025,0.8533328690208876,1
37026,0.7027142250610121,0
37027,0.5054521357920988,0
37028,0.7302182137110452,0
37029,0.9565390086463491,0
37030,0.9541831645044291,0
37031,0.9821870539516592,0
37032,0.9456432389647874,1
37033,0.9999999994660849,1
37034,0.8793558692086622,0
37035,0.996940479550481,1
37036,0.8641853891181429,0
37037,0.9539347197668326,0
37038,0.9811690233114491,0
37039,0.9626226361679276,0
37040,0.9856677961292293,0
37041,0.7621769139295484,0
37042,0.8141991643058942,0
37043,0.8659009892706483,0
37044,0.9998002355878807,1
37045,0.5281538644522501,0
37046,0.9999652284181172,1
37047,0.9161048057726644,0
37048,0.6058042644611386,0
37049,0.8320591497002426,0
37050,0.9908559868676772,0
37051,0.9783903412252011,1
37052,0.9787916671122606,0
37053,0.8641897175663386,1
37054,0.9457111710119134,0
37055,0.9780234433069219,0
37056,0.9774799512982831,0
37057,0.8418913877722694,0
37058,0.8937906256112621,0
37059,0.9422315397441797,0
37060,0.9988147778088434,1
37061,0.8945325056774283,0
37062,0.9279231536857235,0
37063,0.9830106164839865,0
37064,0.9950170806914143,1
37065,0.8795549375781795,0
37066,0.9732007462216222,0
37067,0.889922005844951,0
37068,0.6715004547382922,1
37069,0.7697346554609675,0
37070,0.9947060037020399,1
37071,0.8009468259847708,0
37072,0.7297171439138465,0
37073,0.9771888157369041,0
37074,0.9316882174743494,0
37075,0.6803867524706408,0
37076,0.9927564354014414,1
37077,0.9991717668540958,1
37078,0.9775700760373993,0
37079,0.9891092814510635,0
37080,0.9929585634179792,0
37081,0.9999999996916826,1
37082,0.5996163536691244,1
37083,0.8559867108080775,0
37084,0.9868246537006532,0
37085,0.974734579394275,0
37086,0.9996554452542464,1
37087,0.7104149467776686,1
37088,0.8553622151783391,0
37089,0.7635702507420181,0
37090,0.9657951203598354,0
37091,0.8576802094218471,0
37092,0.7545393997685408,0
37093,0.7995263635363999,0
37094,0.9784140799768279,0
37095,1.0,1
37096,0.5608135341094033,1
37097,0.9999992140743952,1
37098,0.9811201658416329,0
37099,0.9380427331914795,0
37100,0.9432660860527828,0
37101,0.9734672807481844,0
37102,0.9418007927554876,1
37103,1.0,1
37104,0.9872874927425836,1
37105,0.9840124730668205,0
37106,0.9557350000702561,0
37107,0.9771302145805508,0
37108,0.8006098231918551,0
37109,0.6885627402532247,1
37110,0.984002001116074,0
37111,0.9702363042986503,0
37112,0.9649684956329007,0
37113,0.7655825210027956,1
37114,0.6211794746943123,0
37115,0.9992940095543457,1
37116,0.887235207892592,1
37117,0.6517214872250263,0
37118,0.5395548231622989,0
37119,0.9999616188634982,1
37120,0.9671143532856842,0
37121,0.989099082543419,0
37122,0.6636154158641084,0
37123,0.9786556798721638,0
37124,0.9851950521788372,0
37125,0.9670018931406468,0
37126,0.9567882482740345,0
37127,0.9788815050680789,0
37128,0.9999135578116543,1
37129,0.9263470587652178,0
37130,0.6352517041336682,0
37131,0.9177248114042788,0
37132,0.9751256379802519,0
37133,0.9885217760202055,0
37134,0.7872045401526505,0
37135,0.9898487297873104,0
37136,0.6595791974901181,1
37137,0.9877693829570818,0
37138,0.9976295291848318,1
37139,0.5679121439347655,1
37140,0.9773633495031738,0
37141,0.8129962041489244,1
37142,0.9942229281764176,0
37143,0.7728267288705805,0
37144,0.5193401668818597,0
37145,0.9393606366794613,0
37146,0.9479022811602149,0
37147,0.9740705874713522,0
37148,0.978112425595246,0
37149,0.6296601911972158,0
37150,0.9658069435239727,0
37151,0.9723939295774202,0
37152,0.963472302043727,0
37153,0.8704380853114525,0
37154,0.9892889847390853,0
37155,0.9307870268431082,0
37156,0.7286132186693106,1
37157,0.8601892588225839,0
37158,0.5080475032862112,1
37159,0.8131673348938335,1
37160,0.9480138214398625,0
37161,0.567510487782378,0
37162,0.9752306031061146,1
37163,0.6665930924073759,0
37164,0.8152474567953989,1
37165,0.9870736136123184,0
37166,0.9293216160844803,0
37167,0.9906171307995637,0
37168,0.9997675125424416,1
37169,0.8550814394569424,0
37170,0.9884935573012777,1
37171,0.9999995727259898,1
37172,0.9839642349315502,0
37173,0.9866219114293308,1
37174,0.9912222734507166,0
37175,0.9788669781886012,0
37176,0.9696556884619417,0
37177,0.9803986619828186,0
37178,0.9939021045157558,0
37179,0.5151902268847803,0
37180,0.8719734287666148,1
37181,0.9608015061754601,0
37182,0.9829068482261424,0
37183,0.9919617047811116,0
37184,0.9887177357967272,1
37185,0.874189815199483,1
37186,0.9999649726035539,1
37187,0.6656824390065869,0
37188,0.8806535686755754,0
37189,0.8728005613071478,0
37190,0.8904459007932592,0
37191,0.9657158310787894,0
37192,0.9999342225319039,1
37193,0.9656510919709993,0
37194,0.8908973614085102,0
37195,0.9808859023869644,0
37196,0.8637839406184032,0
37197,0.924463458107626,0
37198,0.8909541487718675,1
37199,0.9488379127582985,0
37200,0.9717149534774745,0
37201,0.8584890781221611,0
37202,0.528389744436126,1
37203,0.9873569397151315,1
37204,0.9891441454805447,0
37205,0.8766092257327305,0
37206,0.7928541922830029,1
37207,0.9741309597001405,0
37208,0.9839236958897267,0
37209,0.9780080386632536,0
37210,0.9854150444408614,0
37211,0.9999573247286401,1
37212,0.9548327133618386,0
37213,0.6758976879859668,0
37214,0.9999662750459601,1
37215,0.9429661600438654,0
37216,0.8991733399639478,1
37217,0.8919434617998024,1
37218,0.9920970265333694,0
37219,0.9898444816690267,1
37220,0.9881649024804617,0
37221,0.8050029644122012,0
37222,0.8164281689077266,0
37223,0.9999999999999971,1
37224,0.7243581072535318,0
37225,0.5644962512011746,0
37226,0.9556012425651477,0
37227,0.9149907442053052,1
37228,0.9150510319445604,0
37229,0.7738871601508528,1
37230,0.9955232293115291,0
37231,0.7761972924838695,1
37232,0.9437351252382603,1
37233,0.9413137055120429,1
37234,0.9852653359200279,0
37235,0.9497261600664941,0
37236,0.9692390418467274,0
37237,0.6031166960267604,0
37238,0.9606570488210521,0
37239,0.9574860962327125,0
37240,0.9778771917306208,0
37241,0.951662796807283,0
37242,0.9816479858716394,0
37243,0.9839400782842957,0
37244,0.9790782676145314,0
37245,0.986685565042778,0
37246,0.9737093538721259,0
37247,0.6160048368187656,0
37248,0.9575149593070945,0
37249,0.9665496018778237,0
37250,0.8660576308837895,0
37251,0.9561729698846602,0
37252,0.9999999999008526,1
37253,0.9678423245952587,0
37254,0.9781543336240414,0
37255,0.7719457640805168,0
37256,0.9140738756424486,1
37257,0.7655158472931701,0
37258,0.9636019229940147,0
37259,0.8790826483182583,1
37260,0.7808963004970905,0
37261,0.83220988073684,0
37262,0.986287793364076,0
37263,0.9126345168493047,0
37264,0.9897520400450093,0
37265,0.6463935596680715,0
37266,0.7663354823166401,0
37267,0.9955232293115291,0
37268,0.962444315966924,0
37269,0.5586707290783529,0
37270,0.6020760624972041,0
37271,0.944173641859741,0
37272,0.5982816703711695,1
37273,0.8707131321207405,0
37274,0.7475066992557458,0
37275,0.9687817345834685,0
37276,0.949399313403682,0
37277,0.999999999991543,1
37278,0.9999999907306574,1
37279,0.5022291201732341,1
37280,0.7479937918362898,0
37281,0.9432961928633258,0
37282,0.7892306408292148,0
37283,0.8427032910640049,1
37284,0.7631117335591858,0
37285,0.9925877361004304,0
37286,0.5600384538945636,1
37287,0.9650465961665798,0
37288,0.9912003982084396,0
37289,0.7119645344074137,1
37290,0.6900771904901123,1
37291,0.953401962241237,0
37292,0.7620501222445805,1
37293,0.5821055790849726,1
37294,0.9756182249384606,0
37295,0.9922217642326012,0
37296,0.991804686637774,0
37297,0.9851558016890594,0
37298,0.9881570359378798,0
37299,0.9900177304365272,1
37300,0.9974839894882581,1
37301,0.9886142956826739,0
37302,0.7917450261208177,0
37303,0.9678883132204386,0
37304,0.8773799260942421,0
37305,0.9800339272025457,0
37306,0.9931709642926646,0
37307,0.9761887063800931,0
37308,0.9211602421739093,0
37309,0.6861952117590795,0
37310,0.784014978668422,0
37311,0.9818554167167436,0
37312,0.9988889018485383,1
37313,0.9162096520501145,1
37314,0.6061869317392757,0
37315,0.850669493780366,0
37316,0.9870942651278761,1
37317,0.8825270478596233,0
37318,0.9616114906156041,0
37319,0.9890443099186728,0
37320,0.9855067458921496,0
37321,0.9590661691211257,0
37322,0.9654436579736807,0
37323,0.9999876715630874,1
37324,0.7377624471715679,0
37325,0.7671338514162008,0
37326,0.9556115224207766,1
37327,0.6681411516787832,0
37328,0.9895054592445693,0
37329,0.9605321252280218,0
37330,0.9081479139375142,0
37331,0.973970657391369,0
37332,0.6040097276551228,1
37333,0.9574844868102927,0
37334,0.999786248371798,1
37335,0.9764569771679893,0
37336,0.5374384550188779,1
37337,0.8691520375220481,0
37338,0.9767727823484487,0
37339,0.992266984787816,0
37340,0.985647282827535,0
37341,0.9879588233592831,0
37342,0.9357309976466266,0
37343,0.9438561646219354,1
37344,0.9872495844399681,1
37345,0.9969686105962144,1
37346,0.9135133191608962,0
37347,0.8883012816971856,1
37348,0.9564620537522365,0
37349,0.9999999795368757,1
37350,0.9114347368312744,0
37351,0.9016476152093488,0
37352,0.7303157118889613,0
37353,0.878553181148195,0
37354,0.9920884870272914,1
37355,0.9901138553211275,0
37356,0.9411172473962115,0
37357,0.8570659058323141,0
37358,0.9996944039018463,1
37359,0.987905216062834,0
37360,0.944551759485379,0
37361,0.5037242870799172,0
37362,0.9902150075641355,0
37363,0.9802896038889607,0
37364,0.9968012518666468,1
37365,0.6700005589202009,1
37366,0.9829755134932537,0
37367,0.8661511862536554,0
37368,0.9999944089713656,1
37369,0.9810691134946191,0
37370,0.6664446566455555,0
37371,0.9999999906456192,1
37372,0.6480457153207402,0
37373,0.956556081417959,0
37374,0.9661191927605409,0
37375,0.8647507847150938,0
37376,0.54405993325063,1
37377,0.9772503556256539,0
37378,0.9927265318384054,0
37379,0.9905886289359782,0
37380,0.9488233105816076,1
37381,0.9870867030325967,0
37382,0.8202965075906679,0
37383,0.7168834690574787,0
37384,0.9733843852781887,0
37385,0.9572970257980802,0
37386,0.9707660419966898,0
37387,0.9901102809091866,0
37388,0.990040564274594,0
37389,0.9415585695130922,0
37390,0.9896112768846919,0
37391,0.920553627183867,0
37392,0.6650189685332002,0
37393,0.7517703005392687,0
37394,0.9681355934199002,1
37395,0.9501623094043544,0
37396,0.9786019622891311,0
37397,0.9940935433154338,1
37398,0.9790375375098201,0
37399,0.9813734304403771,0
37400,0.9878230126213862,0
37401,0.9320853333328519,0
37402,0.980549160135244,0
37403,0.9648048622400895,0
37404,0.9273725606599061,0
37405,0.7589203022112103,1
37406,0.9926575367906133,0
37407,0.9852811981203667,1
37408,0.9251094298990311,0
37409,0.9761753646294008,0
37410,0.9999274275072019,1
37411,0.822357294016444,0
37412,0.9409122149374161,0
37413,0.8677634720425244,1
37414,0.9573661416122659,0
37415,0.9761643621063884,1
37416,0.8014919334867009,0
37417,0.9160253647671857,1
37418,0.9752280072017049,1
37419,0.999992847431592,1
37420,0.7764556654272292,0
37421,0.9871549079235413,0
37422,0.9888617334789911,0
37423,0.9844177947099624,0
37424,0.992336601011444,0
37425,0.9685537678258345,0
37426,0.854689805083537,1
37427,0.7776076575832629,0
37428,0.50962179795818,1
37429,0.7412155031171238,1
37430,0.5620165273252472,0
37431,0.5094802282022112,1
37432,0.8315499811942908,0
37433,0.9999943635264156,1
37434,0.7079778798783294,1
37435,0.8787607592727376,0
37436,0.940100757209537,1
37437,0.9999460162224016,1
37438,0.8913424458488447,0
37439,0.9061995578584572,0
37440,0.9304784923445891,0
37441,0.9534116077087588,0
37442,0.9319284319944781,1
37443,0.612926517689114,1
37444,1.0,1
37445,0.9141268796095503,0
37446,0.9787590550984581,0
37447,0.9937202789299433,1
37448,0.6570236752968401,0
37449,0.9378859626526059,0
37450,0.9371069821650014,0
37451,0.5948510549009542,0
37452,0.9754392304365258,0
37453,0.9365546673322661,0
37454,0.9760274213508922,0
37455,0.9366813487307464,0
37456,0.9906987085070211,0
37457,0.6455457126184874,1
37458,0.9999997883372203,1
37459,0.8806756399876745,0
37460,0.983398800095368,0
37461,0.9461550401341611,0
37462,0.9999999938492898,1
37463,0.9651329673588743,0
37464,0.998086757200642,1
37465,0.9919961111601509,0
37466,0.5406648792387244,1
37467,0.9844822375226834,1
37468,0.9999999996235864,1
37469,0.9892723779085114,0
37470,0.7701938800389386,1
37471,0.912839885432904,0
37472,0.9634354845212321,0
37473,0.9527800025144002,0
37474,0.5934380766017285,0
37475,0.8684734739246247,1
37476,0.9646766802651009,0
37477,0.9909663888383135,0
37478,0.9843015491345185,1
37479,0.5036476862576625,0
37480,0.9814270879698803,0
37481,0.9466401031478644,0
37482,0.9184099512631886,0
37483,0.9791352836425345,0
37484,0.9553743236821047,0
37485,0.5655879146366078,1
37486,0.7649447390477744,1
37487,0.7414191435000526,0
37488,0.9852406455582596,1
37489,0.9793429059383212,0
37490,0.5144582407750575,1
37491,0.9909540323173929,0
37492,0.9931709642926646,0
37493,0.8957307414039268,0
37494,0.9304850653257541,0
37495,0.9788099446170755,0
37496,0.6520090550654367,0
37497,0.9923945802430177,0
37498,0.9915084944462591,0
37499,0.9999999999999982,1
37500,0.5865770071311986,0
37501,0.9812203369265283,0
37502,0.6099781450291669,1
37503,0.9129801505572251,0
37504,0.8445110999505306,0
37505,0.9863604538742472,0
37506,0.9911455432935361,0
37507,0.8459602043956727,0
37508,0.8804977973966183,0
37509,0.774817886379563,0
37510,0.920264161482552,0
37511,0.5594005879942743,1
37512,0.9482199879165568,0
37513,0.9422080145293338,1
37514,0.8339313550690634,1
37515,0.9733377348261022,0
37516,0.9113869270082503,1
37517,1.0,1
37518,0.99163874434739,0
37519,0.9849454973457156,1
37520,0.9999963590688419,1
37521,0.7904305194338047,0
37522,0.9687871332552637,0
37523,0.9838508270295289,1
37524,0.7665760248833303,0
37525,0.8294030295328749,0
37526,0.7144986757551525,0
37527,0.8781475604698509,0
37528,1.0,1
37529,0.9926482891137919,1
37530,0.7512115092044739,0
37531,0.5583257279939796,0
37532,0.5316159099044006,0
37533,0.9641407797129076,0
37534,0.9640385346940546,1
37535,0.9917201599007063,0
37536,0.996111131670741,1
37537,0.8345168019135089,0
37538,0.9996607681602321,1
37539,0.7739916926958772,0
37540,0.9886181670786419,0
37541,0.8013577207482321,0
37542,0.9142627142054385,0
37543,0.6569121385983266,1
37544,0.8684965626418644,1
37545,0.9517471336654695,0
37546,0.963481309972831,0
37547,0.9713992166062786,0
37548,0.9999999776811626,1
37549,0.9654044013185968,0
37550,0.7116146921250923,1
37551,0.9999965667666975,1
37552,0.9853866383860526,0
37553,0.9646375369030812,0
37554,0.5704638624755963,1
37555,0.9466695011642747,0
37556,0.9210542274778185,0
37557,0.9433718973607754,1
37558,0.8512071521958323,1
37559,0.6563257324182634,0
37560,0.9996701493736163,1
37561,0.7950777987755703,0
37562,0.6113470808156256,1
37563,0.9888517062600892,0
37564,0.9913998875278505,1
37565,0.9999999871301671,1
37566,0.9609730486659916,0
37567,0.9579725025697977,0
37568,0.9861248646419568,0
37569,0.9900395307341052,0
37570,0.9841931952777507,0
37571,0.9999999984836077,1
37572,0.9998578900930694,1
37573,0.9997911919347077,1
37574,0.934653929602447,0
37575,0.9732980094986923,0
37576,0.9793929068964166,0
37577,0.9841707416139179,0
37578,0.9254450000538348,0
37579,0.5223030005545198,1
37580,0.9294539786134597,0
37581,0.9821681630097119,1
37582,0.9620690847660148,0
37583,0.9295401292612117,0
37584,0.5341091822197745,1
37585,0.77111764200394,0
37586,0.9939280447629104,0
37587,0.9167647004335332,0
37588,0.8668968848709543,0
37589,0.9687550420665197,0
37590,0.6842899165088348,1
37591,0.8546428178549178,0
37592,0.9299152398651157,0
37593,0.8882880497197372,0
37594,0.9345383602226818,1
37595,0.9993870046791741,1
37596,0.9325822226369134,0
37597,0.9723692415497341,0
37598,0.9868985778162943,0
37599,0.9647659777845053,0
37600,0.9828209289237679,0
37601,0.9798890674402602,0
37602,0.9054710823233619,1
37603,0.6780549144827663,1
37604,0.9878165584916467,0
37605,0.5034478962715865,0
37606,0.5211206362742973,0
37607,0.9782086333953165,0
37608,0.9761860482222602,0
37609,0.9706007528127774,0
37610,0.9851745200135618,0
37611,0.9887670480287395,1
37612,0.8073625146817146,0
37613,0.997017472248617,1
37614,0.9826120749894932,0
37615,0.8409283395938705,0
37616,0.9855543919183973,1
37617,0.992594354600561,0
37618,0.9776159772251864,0
37619,0.9818791957087606,0
37620,0.9764467345291729,0
37621,0.5588319500762551,1
37622,0.95031557934547,0
37623,0.7592639039982432,0
37624,0.9859922058801012,0
37625,0.928936694181232,1
37626,0.9999999999997788,1
37627,0.9798831185329686,0
37628,0.9433336527875423,0
37629,0.9214445229708708,0
37630,0.9676229878079223,1
37631,0.7213589170313517,0
37632,0.9795276157261231,0
37633,0.8067805013049631,0
37634,0.9988586180322403,1
37635,0.9764671660966167,0
37636,0.9187818712812339,0
37637,0.8968078706920459,0
37638,0.9361771091820886,0
37639,0.9999043751838029,1
37640,0.6735552852560761,0
37641,0.8586678781986837,0
37642,0.9648289669587538,0
37643,0.8893891896139612,1
37644,0.9765865455907348,0
37645,0.968251714567123,0
37646,0.7873069054103544,0
37647,0.9832744074805386,0
37648,0.9796176891021395,0
37649,0.9999807448250392,1
37650,0.9936697991725681,1
37651,0.785218646802561,1
37652,0.971790911946721,0
37653,0.9590703121067922,1
37654,0.725894325827812,1
37655,0.9365674456490122,0
37656,0.9862035535032726,0
37657,0.9243268869576343,0
37658,0.9999999996992686,1
37659,0.8464553867858722,1
37660,0.8740265289169515,1
37661,0.9818184639566223,0
37662,0.5816255447813622,1
37663,0.8864366395461856,0
37664,0.9771862002128221,0
37665,0.9227831834850801,1
37666,0.9287983829091728,1
37667,0.9976824351824498,1
37668,0.575192968814497,1
37669,0.5799576990710729,0
37670,0.9447647349489727,1
37671,0.7108480229037333,1
37672,0.9877650062910005,0
37673,0.9593872904085154,0
37674,0.9977382201321904,1
37675,0.7589247812291439,1
37676,0.9813090452002331,0
37677,0.9919774077142306,0
37678,0.9999999999989011,1
37679,0.9518247600935951,1
37680,0.5215187019788196,0
37681,0.9999999999999991,1
37682,0.8829444219567294,0
37683,0.8817530732304942,1
37684,0.8642905933660187,0
37685,0.9839256059808394,0
37686,0.984894040862413,0
37687,0.9916632886834033,0
37688,0.6821443763314464,1
37689,0.8777606630056745,1
37690,0.99005267664946,0
37691,0.9572241212886548,0
37692,0.9050432153947222,1
37693,0.9518486708241706,0
37694,0.7300802313616475,0
37695,0.9920802933840656,0
37696,1.0,1
37697,0.9595218429186695,0
37698,0.999982990483645,1
37699,0.9618378658751978,0
37700,0.9750040450940585,0
37701,0.995867656844087,1
37702,0.6511573164061683,0
37703,0.9999999989674186,1
37704,1.0,1
37705,0.9803507297552528,0
37706,0.9933890880538909,0
37707,0.9999774342030083,1
37708,0.7639033483693898,1
37709,0.9044698777223406,0
37710,0.9999999999935834,1
37711,0.9999947574827658,1
37712,0.9834903665995461,1
37713,0.8830513689524891,0
37714,0.9814037225350516,1
37715,0.8573303343302062,0
37716,0.9836101867022947,0
37717,0.9980880281035441,1
37718,0.9999695997479283,1
37719,0.9273113359999908,0
37720,0.8412790264995174,0
37721,0.8145758009436602,1
37722,0.9937795887211,0
37723,0.984553044214797,0
37724,0.9837957566438487,0
37725,0.7026171895279595,0
37726,0.8715319794119213,1
37727,0.9405844314291336,0
37728,0.7985686813733687,0
37729,0.9529245434967047,1
37730,0.5931741777361026,1
37731,0.9999999999998004,1
37732,0.5238445612711744,1
37733,0.9503267540884855,1
37734,0.6622763637312179,0
37735,0.9301883831168768,0
37736,0.9817900656838093,0
37737,0.5456347623645902,0
37738,0.9491179745691221,0
37739,0.6886442297068152,0
37740,0.8927919493313825,0
37741,0.9713125702260331,0
37742,0.999481335558266,1
37743,0.7248475916302213,0
37744,0.975398510837921,0
37745,0.9734167254283227,0
37746,0.9102057157029956,0
37747,0.9854751155404817,0
37748,0.9986235680336251,1
37749,0.9664546906387913,0
37750,0.7835041962409104,1
37751,0.9135526901947079,0
37752,0.9749460862940619,0
37753,0.7008129520510459,1
37754,0.9634972173285281,0
37755,0.8891286373697553,0
37756,0.9995366908134573,1
37757,0.9368469564584087,1
37758,0.706786489232209,1
37759,0.928660909503309,0
37760,0.9919570276684645,0
37761,0.9995064938218511,1
37762,0.6516758625582033,1
37763,0.9998276891425698,1
37764,0.9997642250876532,1
37765,0.9980629527983429,1
37766,0.9744236065266801,0
37767,0.9931444796795977,0
37768,0.9630972239161264,0
37769,0.5274203886114274,0
37770,0.8987545918933751,0
37771,0.9867870893870566,0
37772,0.6044232090292277,1
37773,0.9999380133530874,1
37774,0.9913209708059493,0
37775,0.9999999998903482,1
37776,0.9688795896534604,0
37777,0.8292572595256446,0
37778,0.9888813265726265,0
37779,0.6033082503572927,0
37780,0.9937919591541206,0
37781,0.8283834781293543,0
37782,0.986158014309571,0
37783,0.9776262119624141,0
37784,0.9860834363377994,0
37785,0.6023849308914895,0
37786,0.9703897891069795,0
37787,0.9469978143293712,0
37788,0.9691100080112526,0
37789,0.9011017178293683,1
37790,0.7607417050669049,0
37791,0.6381225596236093,1
37792,0.9629730490564492,0
37793,0.5099945725170033,0
37794,0.9917966332212946,0
37795,0.6615569151016907,0
37796,0.9890543018142323,0
37797,0.8329399718872993,0
37798,0.978914707929897,0
37799,0.9999937948256781,1
37800,0.9174644947629875,0
37801,0.9343917742239076,1
37802,0.9771653057377427,0
37803,0.9511348670352359,0
37804,0.9474253018115882,0
37805,0.5770672331440168,1
37806,0.9448990903815742,0
37807,0.6574010695858947,1
37808,0.9700794333004095,0
37809,0.8087820295614563,1
37810,0.5715569817280857,0
37811,0.7958108788797276,1
37812,0.9999802988440145,1
37813,0.7505340733465383,0
37814,0.9825971594327724,0
37815,0.9817945399466387,0
37816,0.9696017543840899,0
37817,0.6050568248382733,0
37818,0.8865246058575964,0
37819,0.8233370739289609,0
37820,0.9846318132602823,0
37821,0.7639847174698983,0
37822,0.9184899024873672,0
37823,0.9379430441825486,1
37824,0.9723853138226705,0
37825,0.9238706248738635,0
37826,0.9618764810502549,0
37827,0.6430830742468786,0
37828,0.9345068766902441,0
37829,0.9999999996606816,1
37830,0.9668300286140306,1
37831,0.9686999432098475,0
37832,0.9526539606217067,0
37833,0.9853352310419239,0
37834,0.9658182053787372,0
37835,0.9914309304914857,1
37836,0.9656787259525731,0
37837,0.991571645803807,0
37838,0.7740730557544996,1
37839,0.9767919398146452,0
37840,0.9609559094133542,0
37841,0.9929438968897155,0
37842,0.937473536432586,0
37843,0.540879062951039,1
37844,0.964434374486467,0
37845,0.9740944974605987,0
37846,0.5021553105730168,1
37847,0.7817047161090689,1
37848,0.9611043413690495,1
37849,0.895039167117207,0
37850,0.9936355110112695,0
37851,0.9882687264094336,0
37852,0.9119472800258545,0
37853,0.9938635947174396,0
37854,0.992458116410691,0
37855,0.9876246783624482,0
37856,0.5379599369659915,0
37857,0.9891705219867798,0
37858,0.9648768836696741,0
37859,0.9530984468144755,0
37860,0.9651015758553838,0
37861,0.9688876450353413,0
37862,0.9907768407119666,0
37863,0.8627333283212124,0
37864,0.9885711522268957,0
37865,0.9922465704184806,0
37866,0.9916064475498693,0
37867,0.9999999998505278,1
37868,0.9991693802713019,1
37869,0.9858542619178544,0
37870,0.8913195356762782,0
37871,0.7351441786830063,0
37872,0.9759771627747992,0
37873,0.6798555749030877,1
37874,0.9823054912516646,0
37875,0.87836514967301,0
37876,0.6054759254960685,0
37877,0.9925213719003141,1
37878,0.6985499040488328,0
37879,0.9998453906350189,1
37880,0.9671566446643273,0
37881,0.9723699026714397,1
37882,0.9919396320852986,0
37883,0.9815736000146561,0
37884,0.7140056967539038,0
37885,0.7543743981539546,0
37886,0.9479808273504138,0
37887,0.9616529930257419,1
37888,0.9899523606638981,1
37889,0.949409723106498,1
37890,0.8659998636461644,0
37891,0.9900215648006493,0
37892,0.967095356471355,0
37893,0.9713404455873894,0
37894,0.7712083552617321,0
37895,0.9915199832194923,0
37896,0.893555632948139,0
37897,0.7531402280285538,1
37898,0.9879906241703948,0
37899,0.9094639365424637,0
37900,0.862556820208076,1
37901,0.9788607981060725,0
37902,0.9884592486279759,0
37903,0.9613440674162022,0
37904,0.5012834738879294,0
37905,0.9112138316988572,1
37906,0.9545110254372405,0
37907,0.8279521449405053,0
37908,0.961185446993684,0
37909,0.9969207956105889,1
37910,0.9634507483928119,1
37911,0.972112839045356,0
37912,0.8544420064076086,0
37913,0.9098263988905935,0
37914,0.8865159314244265,0
37915,0.6281719985562819,1
37916,0.992785583809639,0
37917,0.5403130028792463,1
37918,0.9931709642926646,0
37919,0.6444203768845073,1
37920,0.9739621636237291,0
37921,0.9999997900403673,1
37922,0.9368290188125495,0
37923,0.9259502768258407,0
37924,0.985056656615975,0
37925,0.988808730929229,0
37926,0.9891674195121595,0
37927,0.8821283698038523,0
37928,0.7615377902312738,0
37929,0.9812076952630422,0
37930,0.91987094031919,0
37931,0.6380349652906547,0
37932,0.9947996073594936,1
37933,0.8821503982152166,0
37934,0.9574219408523504,0
37935,0.967400654770402,0
37936,0.9999998907847977,1
37937,0.9631600636253365,0
37938,0.9823223107847873,1
37939,0.9921836357474815,0
37940,0.9870286851551058,0
37941,0.9936372617257203,0
37942,0.745194392272294,0
37943,0.9999999999951326,1
37944,0.8858635224326069,1
37945,0.9902729351907716,0
37946,0.980705343886596,0
37947,0.9891290170996476,0
37948,0.8938654641430578,0
37949,0.723620995819287,0
37950,0.5114786357794207,0
37951,0.9998064424692176,1
37952,0.9720224223045437,0
37953,0.6560216852380385,1
37954,0.9999105715578763,1
37955,0.9622458692991729,0
37956,0.9219722675927491,0
37957,0.9295533620086189,0
37958,0.9999314321944699,1
37959,0.9847007908288052,0
37960,0.6580366766036198,0
37961,0.9999943781416627,1
37962,0.9914249115428376,0
37963,0.905952623735772,0
37964,0.5343807681034305,1
37965,0.8744957129748705,0
37966,0.9924891175452415,1
37967,0.9999995977949442,1
37968,0.522794013621981,0
37969,0.9648761033755249,0
37970,0.72860190717002,1
37971,0.889199123911094,0
37972,0.5561520096079661,0
37973,0.690587047834969,0
37974,0.6509819780049044,1
37975,0.9561807320353588,1
37976,0.6456395430387558,1
37977,0.986756216272765,0
37978,0.9357628044731808,0
37979,0.9837151749410973,0
37980,1.0,1
37981,0.9667122321099744,0
37982,0.9969267397347322,1
37983,0.9601847474253401,0
37984,0.5362477364801904,1
37985,0.6675603125161729,0
37986,0.9869299255148035,0
37987,0.9999999999747824,1
37988,0.9259179655764718,1
37989,0.8770291831074705,0
37990,0.5125085975556528,1
37991,0.9999999993356306,1
37992,0.7987774274026956,0
37993,0.652812247717353,1
37994,0.9919432126078637,0
37995,0.940748203371535,0
37996,0.7527602263160919,0
37997,0.7241095498926876,0
37998,0.7760597753460832,1
37999,0.6810682384461182,0
38000,0.9745502715365537,0
38001,0.9851657286508574,0
38002,0.986261012896558,0
38003,0.7685899320001844,0
38004,0.9859691191641385,0
38005,0.9872012245508228,0
38006,0.9886724872426123,0
38007,0.7340011028182707,0
38008,0.7964983763352087,0
38009,0.7258001432678843,0
38010,0.5069388062579451,1
38011,0.9875508320708752,1
38012,0.996676827058882,1
38013,0.738362356345078,1
38014,0.999999832186007,1
38015,0.9887455614777221,1
38016,0.8867025184904379,0
38017,0.975007633837935,1
38018,0.9427573294724519,0
38019,0.9878444488937793,1
38020,0.9832142786737778,0
38021,0.9639991459438226,0
38022,0.9811334335008846,0
38023,0.9999999999996798,1
38024,0.99063676893934,0
38025,0.9240610010410722,0
38026,0.9553801024485974,0
38027,0.6837681297078083,1
38028,0.917809961620933,1
38029,0.9908529779507493,0
38030,0.7654726134160078,0
38031,0.8776411777832135,0
38032,0.9820744665611532,0
38033,0.9591685248893692,0
38034,0.9790695450439828,0
38035,0.9633443957943764,0
38036,0.9764781033374719,0
38037,0.7329217721346636,0
38038,0.9883674357385731,0
38039,0.97366771859068,0
38040,0.9885786066726424,0
38041,0.9552420137195972,0
38042,0.5526322196048635,1
38043,0.9999999999999982,1
38044,0.648913231571092,1
38045,0.7458719246700183,0
38046,0.5916301455783858,0
38047,0.9275889418640195,0
38048,0.6149926736746221,1
38049,0.56721477574746,1
38050,0.9999992470347482,1
38051,0.7242560503329442,1
38052,0.8644813526265992,0
38053,0.9918173897629671,0
38054,0.9870867030325967,0
38055,0.7835319184241056,0
38056,0.8235833514944142,0
38057,0.8801744402923656,0
38058,0.743654901439079,0
38059,0.6953813785320659,0
38060,0.9920019998800068,0
38061,0.9688237198328455,0
38062,0.8865891818160574,0
38063,0.8295455597079322,0
38064,0.5553117176028827,1
38065,0.9294521202730756,0
38066,0.6902226372442167,1
38067,0.8372853883488088,0
38068,0.5982378146411041,1
38069,0.6073190592877347,0
38070,0.9885375697484764,0
38071,0.991638984188273,0
38072,0.9941162196694121,0
38073,0.874859818416185,0
38074,0.6757709066308719,1
38075,0.9909261571901208,0
38076,0.9999999987361319,1
38077,0.9999959291928561,1
38078,0.9967863417075599,1
38079,0.6778641925116903,0
38080,0.9590757778971687,0
38081,0.9999982394866621,1
38082,0.8516439156059767,0
38083,0.9805112070398612,0
38084,1.0,1
38085,0.9999999999999978,1
38086,0.8071640439388311,1
38087,0.9600450477077714,0
38088,0.9359529157024689,0
38089,0.7889459359680557,0
38090,0.9999855744122682,1
38091,0.9999999999999925,1
38092,0.5432818371631187,1
38093,0.9015652160286319,0
38094,0.9722172612623622,0
38095,0.8912632100301561,0
38096,0.9680583696936842,0
38097,0.8563970611130602,0
38098,0.917366911608919,0
38099,0.9775152432753659,0
38100,0.7550534051784074,0
38101,0.9789468142199189,0
38102,0.9589640948589795,0
38103,0.9825528033899942,0
38104,0.9415208288541641,0
38105,0.9999722345810057,1
38106,0.9116752369392084,0
38107,0.9869100334890363,1
38108,0.9837805581855013,0
38109,0.9008667669949075,1
38110,0.9189243841700251,0
38111,0.8619702719653518,0
38112,0.7104682119577452,0
38113,0.9999995368151282,1
38114,0.9375106227511845,1
38115,0.5610173663241617,0
38116,0.8022134973664994,0
38117,0.9884043340582281,0
38118,0.9305981656853385,0
38119,0.8517065911545592,1
38120,0.9349897525450971,0
38121,0.9796139915197323,1
38122,0.9882016750449936,0
38123,0.999999999932758,1
38124,0.9488345913938084,0
38125,0.9871643865758625,0
38126,0.9633682752683936,0
38127,0.9999926267010416,1
38128,0.8643699382136805,0
38129,0.9934978411963203,0
38130,0.9856745292284163,0
38131,0.587884874212733,1
38132,0.9358955883242366,0
38133,0.7449896693187608,0
38134,0.9669047472775065,0
38135,0.9662750051135857,0
38136,0.9682558548431074,0
38137,0.9906300230953992,0
38138,0.6930405879969904,1
38139,0.82730799144616,1
38140,0.7446468860788945,1
38141,0.98384097882437,0
38142,0.9615247977859264,1
38143,0.6989606025807633,0
38144,0.9808932130770359,0
38145,0.957559645213017,0
38146,0.9868037568240702,0
38147,0.9935243571111466,0
38148,0.9999909153113714,1
38149,0.8528791931009992,0
38150,0.9999999999999996,1
38151,0.9432095918614103,0
38152,0.9897061278530274,1
38153,0.9999416703038434,1
38154,0.9760327630049708,1
38155,0.9560445847046268,0
38156,0.920977873135838,1
38157,0.9889930886291364,0
38158,0.9190984269498976,1
38159,0.9999834290907849,1
38160,0.9476387115723368,0
38161,0.9780424052977608,0
38162,0.8408479644023905,0
38163,0.9922562838454287,0
38164,0.9785715354125468,0
38165,0.9923833306183149,0
38166,0.9860041633429918,0
38167,0.7148498880405154,0
38168,0.9595135399756635,0
38169,0.8412569306053151,0
38170,0.9064040792393331,0
38171,0.9606758188575434,0
38172,0.9087787455805029,1
38173,0.9999879308058279,1
38174,0.9935283946222389,0
38175,0.9573028899043807,0
38176,0.9613470364460903,0
38177,0.957943096513033,0
38178,0.8896591961757089,1
38179,0.9605946092137015,0
38180,0.9494110729492063,0
38181,0.9607471707847552,0
38182,0.994027806513195,0
38183,0.9867735463584913,0
38184,0.9927585435684362,0
38185,0.9999999834233534,1
38186,0.9616702889361449,1
38187,0.9180033532315754,1
38188,0.9879909645355591,0
38189,1.0,1
38190,0.8530892969858019,0
38191,0.989791588901948,0
38192,0.8072126167702984,0
38193,0.757355696181806,0
38194,0.7680715970216966,1
38195,0.9999990485781891,1
38196,0.9905605546803117,0
38197,0.8932321075369415,0
38198,0.9504827304627506,1
38199,0.9177548998626345,0
38200,0.9339680360622606,0
38201,0.6035172467972972,1
38202,0.922429773928162,1
38203,0.8831498172975549,1
38204,0.9917730211614953,1
38205,0.8949925252749731,1
38206,0.6868348121806842,1
38207,0.9923490523214235,0
38208,0.9788112646913617,1
38209,0.9578799328978106,0
38210,0.8946991913739177,1
38211,0.5039165133775468,0
38212,0.725259214289926,1
38213,0.930286398679687,0
38214,0.6713205364172441,1
38215,0.8205196437398817,0
38216,0.9898502115339006,0
38217,0.8794545595249893,1
38218,0.9798329805143718,0
38219,0.9270592519821692,0
38220,0.8610898800743709,0
38221,0.9711004651760584,0
38222,0.9894839016352656,0
38223,0.9872676013995336,0
38224,0.9723384407408299,0
38225,0.9096015075216581,0
38226,0.9997692746362233,1
38227,0.9834224797423922,0
38228,0.9778028267773612,0
38229,0.9885156350378991,0
38230,0.9999934449636292,1
38231,0.9837705167815968,0
38232,0.8402396187507353,1
38233,0.7404267381414112,0
38234,0.9565683094287583,0
38235,0.9912272572755713,0
38236,0.9999997115502438,1
38237,0.88334110824381,0
38238,0.9579764339073794,0
38239,0.95441882119431,1
38240,0.8741136196037791,0
38241,0.9797909017100334,0
38242,0.9991728382400067,1
38243,0.8383358167408889,0
38244,0.9677363341092222,0
38245,0.530992099506629,0
38246,0.9390999425844477,0
38247,0.9854726563003391,0
38248,0.5905885508275286,1
38249,0.5537784724547811,0
38250,0.5633327124269621,0
38251,0.9710381449414708,0
38252,0.9296237096675418,0
38253,0.8347219354698182,0
38254,0.9470891319378092,1
38255,0.9799647411027658,0
38256,0.5740975111517088,0
38257,0.9999999999967106,1
38258,0.5548398209498279,0
38259,0.9814028583173978,0
38260,0.623573173081018,1
38261,0.9640472497949778,1
38262,0.9342870890794726,0
38263,0.8981990216430715,0
38264,0.925458725261532,0
38265,0.5211167667110237,0
38266,0.8988982711517218,0
38267,1.0,1
38268,0.991647400419404,0
38269,0.9942561098513936,0
38270,0.9858463658315169,0
38271,0.6602571236722754,1
38272,0.8208785750231492,1
38273,0.9701077220200521,0
38274,0.9299641054202068,0
38275,0.991804686637774,0
38276,0.9853556772000978,0
38277,0.9814788810659011,0
38278,0.8305925377642329,0
38279,0.5837004945765841,1
38280,0.8059784760960993,1
38281,0.5887158048750519,0
38282,0.7474901404538459,1
38283,0.9932429286373856,0
38284,0.9840018953028211,0
38285,0.9914415418048151,1
38286,0.7669778232482591,1
38287,0.9759261789465966,0
38288,0.7733846386655883,0
38289,0.5300089694564508,0
38290,0.9891727715822013,0
38291,0.9908535864709901,0
38292,0.8520530286796645,0
38293,0.9878137439289361,0
38294,0.8023816997039518,1
38295,0.9686077178303322,0
38296,0.9726943227320569,0
38297,0.9304566199589972,1
38298,0.9893441660990058,0
38299,0.9869794974872027,0
38300,0.8460876542971543,0
38301,0.9542081406641257,0
38302,0.9868078922102788,0
38303,0.5454084613410232,1
38304,0.9484845364767078,0
38305,0.9933781535897492,0
38306,0.9881184101997338,0
38307,0.9727288927652552,0
38308,0.9897247469672529,0
38309,0.9645212494705164,1
38310,0.9963144254083861,1
38311,0.8643828954439278,0
38312,0.9941384274410078,0
38313,0.9850799633027235,0
38314,1.0,1
38315,0.9999999976968379,1
38316,0.9744492594872957,0
38317,0.845751530752167,0
38318,0.9438380926505973,0
38319,1.0,1
38320,0.7571831094002082,0
38321,0.9870857623828077,0
38322,0.966512455036174,0
38323,0.850119690674591,1
38324,0.9999999866517179,1
38325,0.9540287224281327,0
38326,0.6596986361962458,1
38327,0.7361047265214592,1
38328,0.9846960851077675,0
38329,0.9999999998374807,1
38330,0.9999999999999982,1
38331,0.751491354020755,0
38332,0.8827279515311189,0
38333,0.9830349226355111,0
38334,0.8409301908247789,0
38335,0.9999794240468705,1
38336,0.9875647629901686,0
38337,0.9998350066548835,1
38338,0.5335887931487835,1
38339,0.9206686035840455,1
38340,0.8095297546856417,1
38341,0.9999994080734498,1
38342,0.912916286124169,0
38343,0.9804044977374369,0
38344,0.9384703862501589,0
38345,0.9909503003893809,0
38346,0.985848910177641,0
38347,0.9806069332856986,1
38348,0.7781615357406602,0
38349,0.9858048547753259,0
38350,0.899289970388511,0
38351,0.9527000920296065,0
38352,0.9193688670916901,0
38353,0.9989790396924728,1
38354,0.9847092127035958,0
38355,0.9273115199802013,1
38356,0.9564909123663138,0
38357,0.9896406165015824,0
38358,0.9997196735912024,1
38359,0.986508961803022,0
38360,0.9882384289534004,0
38361,0.8059363027978533,0
38362,0.990540581732229,0
38363,0.9934415012645459,0
38364,0.8447910380623089,0
38365,0.9999886362913688,1
38366,1.0,1
38367,0.9786471811274041,0
38368,0.9753111569729295,0
38369,0.962260919696485,0
38370,0.9562854496493782,0
38371,0.9999999917243247,1
38372,0.8512876983950297,0
38373,1.0,1
38374,0.9433928618672067,0
38375,0.9999999999999742,1
38376,0.985551571179255,0
38377,0.9545721828272287,0
38378,0.935878780198669,0
38379,0.8083724414497921,1
38380,0.9997598094299245,1
38381,0.7730046624190341,0
38382,0.8670527558770557,0
38383,0.9931766633445211,0
38384,0.9181591854045935,1
38385,0.6707270408843771,0
38386,0.9869655979001122,0
38387,0.69656915972689,0
38388,0.9624783051865601,1
38389,0.9852812344049944,0
38390,0.8929076400066107,0
38391,0.9864815489093384,0
38392,0.9590813108942432,0
38393,0.807248800750137,0
38394,0.97831367843044,0
38395,0.9704218597888443,0
38396,0.5079446187164114,1
38397,0.9282095225693129,0
38398,0.9729005710706486,0
38399,0.9783315962787257,0
38400,0.9643920863384703,0
38401,0.9904214303199047,0
38402,0.7508457733164364,0
38403,0.9556096503907371,0
38404,0.9827325271200602,0
38405,0.59912717983854,0
38406,0.6934723608858117,1
38407,0.9834352902540904,0
38408,0.6981114304464585,1
38409,0.999969916440195,1
38410,0.9992723562921275,1
38411,0.9786593774113239,0
38412,0.7047598201461691,0
38413,0.9844880633310646,0
38414,0.8444174971103185,0
38415,0.9417640313174265,1
38416,0.9908506899727799,0
38417,0.9999999999999849,1
38418,0.8700434676412818,0
38419,0.9963071914793479,1
38420,0.9489598092195749,0
38421,0.9910749360701374,0
38422,0.6747782525127454,0
38423,0.9842763424868936,0
38424,0.9475882646963656,0
38425,0.7118517123231205,0
38426,0.9905418782318403,0
38427,0.9375922398936607,0
38428,0.8067779935002084,1
38429,0.8417880691360715,1
38430,0.9753897390142612,0
38431,0.849336494691552,0
38432,0.9914876001867465,0
38433,0.9986099638726031,1
38434,0.9919722399731737,1
38435,0.9303611261313168,0
38436,0.7803949334438474,0
38437,0.9999987606787629,1
38438,0.7638688168807054,0
38439,0.9409007849597062,1
38440,0.9886694968510129,0
38441,1.0,1
38442,0.9680782121558512,0
38443,0.956844817136458,0
38444,0.6489808754223145,1
38445,0.9351254278872491,0
38446,0.8614270212827105,0
38447,0.9929390677013306,1
38448,0.9213864329142729,0
38449,0.9999757527448939,1
38450,0.9872884024242814,0
38451,0.9950473168942355,0
38452,0.9767587502227764,0
38453,0.5550993389874879,0
38454,0.9629555105825431,0
38455,0.9075980876941244,1
38456,0.5897928807427929,1
38457,0.9636532106139524,0
38458,0.9603642697510032,0
38459,0.8505414284752882,0
38460,0.9336554411320833,0
38461,0.9298833441164005,1
38462,0.9999999708415399,1
38463,0.9789396656878536,0
38464,0.9528032785113525,0
38465,0.7387698438235348,0
38466,0.9849107902688878,0
38467,0.9787208505902768,0
38468,0.9482596815356013,0
38469,0.9999998959314605,1
38470,0.975320531753635,0
38471,0.975562681945191,0
38472,0.9081324944160278,0
38473,0.5837457836585302,0
38474,0.9704357863177988,0
38475,0.7483520494218409,0
38476,0.9999999976716456,1
38477,0.9213011166314521,0
38478,0.6370309129644742,1
38479,0.9844436685617023,0
38480,0.9917731415080157,1
38481,0.9506960514104199,0
38482,0.8354326204230734,0
38483,0.9999999999863265,1
38484,0.9621570883705874,1
38485,0.6093900477817529,0
38486,0.9925473255986628,0
38487,0.9814834611169692,0
38488,0.9930750014458438,1
38489,0.759553922917604,0
38490,0.9921761307593889,0
38491,0.947070441479021,0
38492,0.5452902231424344,1
38493,0.9918750170030841,0
38494,0.9862906234609743,0
38495,0.9892749721401805,0
38496,0.7973102402595671,0
38497,0.8057073522326298,1
38498,0.9655892322233874,0
38499,0.9121221026414196,0
38500,0.9738447658550249,0
38501,0.5355275713816688,1
38502,0.992379134357978,0
38503,0.9309712940468339,0
38504,0.7462334572745805,0
38505,0.9916887228247786,1
38506,0.5113260271689692,0
38507,0.991298183569677,0
38508,0.7596556976681019,1
38509,0.9448188405915199,0
38510,0.9737260473923411,0
38511,0.9825449888821632,1
38512,0.9824234812706696,0
38513,0.9173662393759024,0
38514,0.8730502701569185,0
38515,0.9506427392627398,0
38516,0.5910313434611597,1
38517,0.9468543982051015,1
38518,0.9668198867528637,0
38519,0.9048582349925622,0
38520,0.9853371670852902,0
38521,0.577170478983674,1
38522,0.6568091423899476,0
38523,0.8557798618941515,1
38524,0.9676731567733745,1
38525,0.9459722486259912,0
38526,0.8687582721824745,0
38527,0.9888737204439842,0
38528,0.9761589657873903,0
38529,0.9875780554888197,0
38530,0.5730133018653636,0
38531,0.9999999999993225,1
38532,0.8886314798891567,0
38533,0.9876764101157806,0
38534,0.984384624920316,1
38535,0.723895829214041,0
38536,0.9614923648632798,0
38537,0.9987364449255233,1
38538,0.9845289440492699,1
38539,0.9950406878082271,1
38540,0.6709206191355012,0
38541,0.9518898383020888,0
38542,0.5924943304832259,0
38543,0.9393514063027643,0
38544,0.5711102409077301,0
38545,0.9996028271807957,1
38546,0.856596550000383,0
38547,0.6469600698091525,0
38548,0.9999183722904571,1
38549,0.9585241190361417,0
38550,0.7104745380915527,1
38551,0.894135668058392,1
38552,0.9711824207666561,0
38553,0.996707728210328,1
38554,0.834053281276213,0
38555,0.956924197022049,0
38556,0.7891603298523896,0
38557,0.7995562501181556,1
38558,0.5111932867066775,1
38559,0.8494771931924093,0
38560,0.9908531176715651,0
38561,0.9984883693453992,1
38562,0.6606309868633036,0
38563,0.9011710727433127,1
38564,0.9913764416571341,0
38565,0.9845063340411816,0
38566,0.8871650816455724,1
38567,0.6357723512601916,0
38568,0.9840168535113345,0
38569,0.9904648742449363,0
38570,0.8862852381738833,0
38571,0.9522113680284392,0
38572,0.73804779604634,1
38573,0.9082071164176225,1
38574,0.9371360342317457,0
38575,0.9663115581841512,0
38576,0.5943314729968713,0
38577,0.6780621942330115,0
38578,0.986202350936185,0
38579,0.9156975911177567,0
38580,0.5132439679319452,1
38581,0.8303988280870607,0
38582,0.9786823961332267,0
38583,0.8208358473291506,0
38584,0.6641807168834118,1
38585,0.9012164748352285,0
38586,0.9287688606011999,0
38587,0.9946485066088923,0
38588,0.9775493808415042,0
38589,0.7382198154630919,1
38590,0.9856183835036663,0
38591,0.9628459028154295,0
38592,0.9977329326694472,1
38593,0.9694098018573781,0
38594,1.0,1
38595,0.9028262827103375,1
38596,0.8677361100078972,0
38597,0.9888531666682853,0
38598,0.9999299104472369,1
38599,0.8624014400974986,0
38600,0.7912013930629467,0
38601,0.9492384374956072,0
38602,0.982457257928654,0
38603,0.7372255125419491,1
38604,0.9313140469413006,0
38605,0.8499993188606245,0
38606,0.844463438788116,0
38607,0.9611985877236379,0
38608,0.9964782911773532,1
38609,0.9832941713956516,0
38610,0.9976895847456277,1
38611,0.9609254211203918,0
38612,0.9714249154721878,0
38613,0.9999998883159869,1
38614,0.9982148246790254,1
38615,0.9240291752647709,0
38616,0.9725413170685199,0
38617,0.9991997282185806,1
38618,0.9733233032071814,0
38619,0.9977657493093247,1
38620,0.9962488757541229,1
38621,0.5390052836308361,0
38622,0.5698364001881002,1
38623,0.9132282226622129,1
38624,0.9838107621410048,0
38625,0.9657038361781248,0
38626,0.9800553830027375,1
38627,0.8944859692058095,0
38628,0.8265885657333889,1
38629,0.8839408754294205,1
38630,0.9145676703217173,0
38631,0.991632866813539,0
38632,0.6781989086424081,0
38633,0.6271418610731833,0
38634,0.7061210232943996,1
38635,0.9000749152373175,0
38636,0.8694012981399489,0
38637,0.8476707654904926,0
38638,0.6720941674984212,0
38639,0.9601609413408871,0
38640,0.941883011098215,0
38641,0.7031220636274267,0
38642,0.8055889799710663,0
38643,0.9753446297888111,0
38644,0.9999914231035217,1
38645,0.5645929009492837,0
38646,0.6574463852052614,0
38647,0.8213983829571487,0
38648,0.8884008154158605,0
38649,0.991592663509002,0
38650,0.9491506640708873,1
38651,0.9879624284804075,0
38652,0.9518583472002956,0
38653,0.9899408076792421,0
38654,0.956533945025768,0
38655,0.9808837088435942,0
38656,0.6628044955013725,1
38657,0.7096443877891849,0
38658,0.991804686637774,0
38659,0.795760784349512,1
38660,0.9566949371774813,0
38661,0.7514258609954018,1
38662,0.9837112246976562,0
38663,0.9954213473773232,1
38664,0.5639885590206564,1
38665,0.9896964266043379,0
38666,0.9821107199152365,0
38667,0.9149080962038102,0
38668,0.9557727146565236,0
38669,0.9874995343314199,0
38670,0.9230583712760709,0
38671,0.6449525673849673,1
38672,0.9886504729788492,0
38673,0.9005331088249418,1
38674,0.7218306071713368,0
38675,0.6249402609382595,1
38676,0.8818843971756092,0
38677,0.9843520695997378,0
38678,0.906033155969223,1
38679,1.0,1
38680,0.9905394202373378,0
38681,0.9234035863638248,0
38682,0.9995098477975491,1
38683,0.9230906694925279,0
38684,0.9999033861819333,1
38685,0.9738117077203139,0
38686,0.7474875313337489,1
38687,0.9123015470607658,0
38688,0.9999999999999654,1
38689,0.9999999274803744,1
38690,0.9296997937252648,0
38691,0.978609848768097,0
38692,0.9992189775148369,1
38693,0.679687059015345,0
38694,0.9386384768833193,0
38695,0.9870736136123184,0
38696,0.6928613134539551,0
38697,0.887210687586758,0
38698,0.8004583903550633,1
38699,0.9838053909247,0
38700,0.7793107222335686,1
38701,0.9838679065742365,0
38702,0.7198987716142632,1
38703,0.9496002316701219,0
38704,0.712659945568487,1
38705,0.9807606251436963,0
38706,0.9584602309374276,0
38707,0.9682864613342006,0
38708,0.961790117327528,0
38709,0.9946072221834971,1
38710,0.9581860167199135,0
38711,0.9730589683955709,0
38712,0.7589212492908537,0
38713,0.992723111209518,0
38714,0.9999904992336538,1
38715,0.9665010410300956,0
38716,0.6193529472322895,0
38717,0.5476844242795431,0
38718,0.9947720329225143,1
38719,0.9133869542279053,1
38720,0.9917338303633336,0
38721,0.9765075605957036,0
38722,0.77585676953595,0
38723,0.9162345944230798,0
38724,0.7233301253427848,1
38725,0.9582089896192316,0
38726,0.7455178862129024,1
38727,0.7573587066330811,0
38728,0.8721435810665271,0
38729,0.9744579868031261,0
38730,0.7223977303448743,1
38731,0.9704871006147896,0
38732,0.9996183738047946,1
38733,0.9782246031651709,0
38734,0.988298592586529,0
38735,0.6271556048524627,0
38736,0.7770603784216277,0
38737,0.9616939378387995,0
38738,0.979036664863317,1
38739,0.9978613583316748,1
38740,0.6345150033266977,1
38741,0.9590918112775375,0
38742,0.8730512029015195,0
38743,0.7299965431008626,1
38744,0.6894439181705968,1
38745,0.88125636309384,0
38746,0.9872732509206493,1
38747,0.9764513559800231,0
38748,0.9607028660507397,0
38749,0.9717461784804192,0
38750,0.9819976715695699,1
38751,0.8134580387206615,1
38752,0.8426221718759501,0
38753,0.9231456885391287,0
38754,0.9907445102553185,0
38755,0.9588576035083294,0
38756,0.9868212379093997,0
38757,0.9759555966952194,0
38758,0.9972552903973917,1
38759,0.9999175731526764,1
38760,0.9656656229980365,0
38761,0.9787663225990821,0
38762,0.9819262504887449,0
38763,0.9883742518533198,1
38764,0.7648368860114461,0
38765,0.9879505943980149,0
38766,0.9424010412610737,0
38767,0.9928373500322865,0
38768,0.9999999999911342,1
38769,0.9998346311700844,1
38770,0.9889703400067325,0
38771,0.9792350178110014,0
38772,0.9861342438793653,0
38773,0.9914201976844452,0
38774,0.9491412313191901,0
38775,0.9370909424931947,0
38776,0.7664300499149405,0
38777,0.9797693593442405,0
38778,0.9588177956556029,0
38779,0.9830821363195273,0
38780,0.9988961476490843,1
38781,0.6591121191103458,0
38782,0.787360913270594,1
38783,0.9826152619108153,0
38784,0.9721893972057337,0
38785,0.9909891884872066,0
38786,0.9747940153376445,0
38787,0.9594546159699328,0
38788,0.8209419425098797,0
38789,0.7928045490329396,1
38790,0.9930978092712889,1
38791,0.9735105557073589,0
38792,0.8920601086087488,0
38793,0.9991027152342695,1
38794,0.5489165797603116,1
38795,0.9998607236244658,1
38796,0.5148572120457685,1
38797,0.9707022783752395,0
38798,0.7770877455607017,1
38799,0.9393277673072717,1
38800,0.9094214796167382,0
38801,0.9994905330329686,1
38802,0.9965665854335055,1
38803,0.6205476515223567,0
38804,0.9644639669585636,0
38805,0.8527177936646348,1
38806,0.9366622741999547,0
38807,0.9755627154627042,0
38808,0.9765804382922375,1
38809,0.9992427230279891,1
38810,0.5712926990835909,0
38811,0.9813976956693327,0
38812,0.9040631301092726,0
38813,0.8383146024406075,0
38814,0.933776295055903,0
38815,0.712971391701856,0
38816,0.9814929730996165,0
38817,0.9545984769906262,0
38818,1.0,1
38819,0.9817261921186443,0
38820,0.94421987781852,0
38821,0.7165167894589974,0
38822,0.7323782997866902,1
38823,0.802084172546515,0
38824,0.9102346679475993,0
38825,0.9845663815053337,0
38826,0.934479545349477,1
38827,0.9793308316006535,0
38828,0.9989531304812629,1
38829,0.9997614101317269,1
38830,0.9990849848043875,1
38831,0.988437385160958,0
38832,0.7750265012515618,0
38833,0.6518107967011537,0
38834,0.9647992146275621,0
38835,0.9433768080428924,0
38836,0.9900625554619847,0
38837,0.9723064864857452,1
38838,1.0,1
38839,0.574883224351477,1
38840,0.8613408563896827,0
38841,0.9433675530230594,0
38842,0.9700534095138743,0
38843,0.736948075208143,0
38844,0.7874287793480436,0
38845,0.5970259569712402,0
38846,0.5043938180682032,0
38847,0.9677360120536331,0
38848,0.9559770212998884,0
38849,0.6717721367331239,1
38850,0.9884014685606908,0
38851,0.9921136648553588,0
38852,0.9803681686109832,0
38853,0.6275394129026061,0
38854,0.9779923646167614,0
38855,0.9803293649958262,0
38856,0.9151174939005524,0
38857,0.8732270401959572,0
38858,0.9767584583349551,0
38859,0.9898342459366117,0
38860,0.9588500881044572,1
38861,0.8775481589580131,0
38862,0.9258046831802144,1
38863,0.9122208199153954,0
38864,0.8757104125712847,0
38865,0.7895141020040699,1
38866,0.8039362715799276,0
38867,0.8535954445343797,0
38868,0.6637664611383242,0
38869,0.9417999725118422,0
38870,0.7687432203176526,0
38871,0.583796444931565,1
38872,0.6167447020303617,0
38873,0.9550838905078587,0
38874,0.9952421828201536,0
38875,0.6700267724154451,0
38876,0.8274166738962367,0
38877,0.7737707470900909,1
38878,0.9656684881134412,0
38879,0.9651734671259862,0
38880,0.9770088634628509,0
38881,0.9639190555245081,0
38882,0.9561356268726873,0
38883,0.997622567094913,1
38884,0.9716100310716123,1
38885,0.9737150663835926,0
38886,0.9975323444949155,1
38887,0.562072964148531,0
38888,0.9888512830405005,0
38889,0.9360061364957238,0
38890,0.9352811098076944,0
38891,0.9875950036983372,1
38892,0.9803880236859159,0
38893,0.8827993127136955,0
38894,0.9886390634450064,0
38895,0.546816161045043,0
38896,0.9800357734515337,0
38897,0.9797299893944434,0
38898,0.9144588299583513,0
38899,0.991452320484759,1
38900,0.9999945825129247,1
38901,0.7629432303394431,0
38902,0.5718527583348605,1
38903,1.0,1
38904,0.8985374321780487,0
38905,0.9998288907683106,1
38906,0.9127230508485685,0
38907,0.8477774988241964,0
38908,0.9794793162291442,0
38909,0.8833575659773475,1
38910,0.7911393451171016,0
38911,0.6312027539545442,0
38912,0.6520049625502315,1
38913,0.9997469554537906,1
38914,0.9743202136752429,0
38915,0.9274855588983979,0
38916,0.8396220556437425,0
38917,0.9862163267037665,0
38918,0.9999863169892665,1
38919,0.9635856584797107,0
38920,0.959167148707505,0
38921,0.895026705666604,1
38922,0.5517024146469065,1
38923,0.9178935582353006,0
38924,0.9998056583195783,1
38925,0.9351146603583785,1
38926,0.9772418679581167,0
38927,0.9860907216259014,0
38928,0.9999999999999973,1
38929,0.9999999437633533,1
38930,0.9852824888707171,0
38931,0.9886823263173888,0
38932,0.9320773237819586,0
38933,0.9904510470517612,0
38934,0.9804101653717133,0
38935,0.8415975823720742,1
38936,0.97851704115236,0
38937,0.8634799336042613,1
38938,0.9569335084312964,1
38939,0.9643208619492937,0
38940,0.8731756846865026,0
38941,0.9638424822700691,0
38942,0.9523734025344667,0
38943,0.9577503353809228,0
38944,0.8602862785403301,1
38945,0.6908934334684474,1
38946,0.9204701224275826,1
38947,0.9824721788236123,0
38948,0.9872588530611436,0
38949,0.9290964268072108,0
38950,1.0,1
38951,0.9494098250914247,0
38952,0.9805522514397997,0
38953,0.916845645906794,0
38954,0.5647133856421145,0
38955,0.5745485958002025,0
38956,0.9858872139558201,0
38957,0.8357245017640157,0
38958,0.7169420348808029,1
38959,0.6563853073957278,0
38960,0.9999997024362025,1
38961,0.942922290917569,0
38962,0.8975034381503807,0
38963,0.8042959774720688,0
38964,0.9470181877317512,0
38965,0.6542412075326656,0
38966,0.8301057282403586,0
38967,0.9941906785157303,0
38968,0.9993352488538236,1
38969,0.9567010789905349,0
38970,0.7203556320497051,1
38971,0.8831304609637457,0
38972,0.9827110909568836,0
38973,0.7861800656968578,0
38974,0.9353275780334461,0
38975,0.659302433953947,0
38976,0.999239501921396,1
38977,0.9497862274463129,0
38978,0.9881449044664653,0
38979,0.9999615413193783,1
38980,0.8701617112668291,0
38981,0.9424230054315413,0
38982,0.9999999840609961,1
38983,0.9737797711021141,0
38984,0.7183401797116538,0
38985,0.9999999174234099,1
38986,0.9664549229093654,0
38987,0.9524211475153376,0
38988,1.0,1
38989,0.9406323465494103,0
38990,0.9833276273558191,0
38991,0.7675584612597498,1
38992,0.7256615461216689,0
38993,0.7819824992423648,0
38994,0.9725829350051127,0
38995,0.9781271195985932,0
38996,0.9507256942036695,0
38997,0.9684054054799208,0
38998,0.9999989095846158,1
38999,0.5577721996386932,0
39000,0.9935344614717715,0
39001,0.9888843419070893,1
39002,0.9999941292920425,1
39003,0.6614630678564978,0
39004,0.969051269928741,0
39005,0.9676521415232051,0
39006,0.9999999982360404,1
39007,0.9884795252279615,0
39008,0.9135362108916972,0
39009,0.9324334556988597,0
39010,0.9999844855254022,1
39011,0.9775937429470303,0
39012,0.8982440003834712,0
39013,0.9397626452538298,0
39014,0.999945171314313,1
39015,0.6671231779619268,0
39016,0.9752888815863883,0
39017,0.7620128399547637,1
39018,0.8968881386400286,0
39019,0.779616238844608,0
39020,0.9849184666437641,0
39021,0.9792081593219528,0
39022,0.7919171535141869,0
39023,0.9789468142199189,0
39024,0.9827161217250305,0
39025,0.9702225681916086,0
39026,0.8725393813613889,0
39027,0.9901810801694093,0
39028,0.9752720902390836,0
39029,0.9819769538202033,0
39030,0.9761615723484194,0
39031,0.999999999801144,1
39032,0.9907956053631715,0
39033,0.9812014993332387,1
39034,0.8884381180442724,1
39035,0.8431761229290894,0
39036,0.6028500839537072,0
39037,0.9925157605229722,0
39038,0.7914177469813066,1
39039,0.937039212922753,0
39040,0.8876748194492916,0
39041,0.9950436952319917,1
39042,0.9462306681642353,0
39043,0.7497568582971007,0
39044,0.9913097932093298,0
39045,0.9902619445147364,0
39046,0.8042744636453469,1
39047,0.9352818060989736,0
39048,0.6385698563151543,0
39049,0.9999970696648193,1
39050,0.9999987551853028,1
39051,0.9993112808620376,1
39052,0.9565697452242505,0
39053,0.9916423271510589,0
39054,0.8134452239031593,0
39055,0.9701045825333419,0
39056,0.983679204371591,0
39057,0.9350499682110448,0
39058,0.9857091836897321,1
39059,0.8748034231217945,0
39060,0.982457257928654,0
39061,0.9699663725315637,0
39062,0.9539782799398863,0
39063,0.8464591851233216,0
39064,0.8825467132947857,0
39065,0.7125049695659126,0
39066,0.9049149378324827,0
39067,0.6965221895624856,0
39068,0.943491625295682,0
39069,0.584738291696443,0
39070,0.7547706917764858,0
39071,0.9486076524363224,0
39072,0.9830274073355,0
39073,0.8405862752196939,0
39074,0.5532915571666507,1
39075,0.5994093535522642,0
39076,0.983320572118919,1
39077,0.9932783545634588,1
39078,0.9893327356048545,0
39079,0.9999984690874009,1
39080,0.9840600372143508,0
39081,0.9977369346110257,1
39082,0.8589975101736133,0
39083,0.9925669873928126,0
39084,0.9185291803104825,0
39085,0.8008325737573465,1
39086,0.9894662273608827,0
39087,0.9711067059329171,0
39088,0.9876044050548254,0
39089,0.9619708447874493,0
39090,0.999999366928858,1
39091,0.8864114536314339,0
39092,0.7093565009411105,0
39093,0.9899443132825847,1
39094,0.9262651467792007,0
39095,1.0,1
39096,0.6662508189134374,1
39097,0.8588840405497222,0
39098,0.8501117203273186,1
39099,0.7442711130214387,0
39100,0.729250075835178,0
39101,0.9880058162643575,0
39102,0.9606691330324505,0
39103,0.9919156058476404,0
39104,0.977397274049037,0
39105,0.7608285839060527,0
39106,0.8970615942111941,0
39107,0.9653537662581803,0
39108,0.9601622576962021,0
39109,0.7993543618775891,1
39110,0.9796279851684814,0
39111,0.9610530522937024,0
39112,0.9999999441718468,1
39113,0.9915518797203926,0
39114,0.9605482476542953,0
39115,0.9339509772595247,0
39116,0.9764685842292147,0
39117,0.9906919099333673,0
39118,0.9666668087869628,0
39119,0.7988912400796983,0
39120,0.983577705100405,1
39121,0.7860197170502614,0
39122,0.9869483120030473,0
39123,0.9373180976457832,0
39124,0.9998936091981139,1
39125,0.9986760786121274,1
39126,0.9704660495789851,0
39127,0.9074286188984991,0
39128,0.9736655142686194,0
39129,0.8676189870669632,0
39130,0.7311580943886237,1
39131,0.9857107658228259,1
39132,0.9743080566051376,0
39133,0.9900474094831565,0
39134,0.7905063349922128,0
39135,0.9792641710920631,1
39136,0.9999406989079066,1
39137,0.9765246738842384,0
39138,0.9646586759947237,1
39139,0.8533148629391546,0
39140,0.9755450619170852,0
39141,0.9268667324920584,0
39142,0.9283079794866707,0
39143,0.9975028746576712,1
39144,0.9762851767702705,1
39145,0.9107920621495997,1
39146,0.5034860832661718,0
39147,0.999044898180786,1
39148,0.958398730115758,0
39149,0.9864072946599154,1
39150,0.8232247979873696,0
39151,0.7258746775418963,1
39152,1.0,1
39153,0.8390951146578474,0
39154,0.8616037566999613,0
39155,0.9999999999906104,1
39156,0.9850399441472303,0
39157,0.9834328544303096,0
39158,0.9839769045134434,0
39159,0.8129268986617897,0
39160,0.9861225837869593,0
39161,0.9309517226946618,0
39162,0.5642494626303579,0
39163,0.9835460364107158,0
39164,0.9878665504872146,0
39165,0.9910887495942532,0
39166,0.5437707617732114,0
39167,0.9297130888397871,0
39168,0.9524844304378254,1
39169,0.9999438276047913,1
39170,0.9573011038740624,0
39171,0.9792253905737288,0
39172,0.9818698378082988,0
39173,0.9999035086332597,1
39174,0.9885724302267299,1
39175,0.9611014872902635,0
39176,0.5444243433268574,0
39177,0.9787931442796065,0
39178,0.96045359049366,0
39179,0.857278515180054,0
39180,0.74840495312677,0
39181,0.5218612130967164,1
39182,0.9891446103519393,1
39183,0.8587643648602661,0
39184,0.9058020662230115,0
39185,0.9522139398275096,0
39186,0.572564142428773,1
39187,0.8049861943669502,0
39188,0.9805099915143762,1
39189,0.7950532633164883,1
39190,0.9208006972455328,0
39191,0.9999929055513751,1
39192,0.9787557049071295,0
39193,0.9759709018957285,0
39194,0.6300190039993638,0
39195,0.617436186628511,0
39196,0.9865962561524564,0
39197,0.6137785259236458,1
39198,0.9203844575100874,0
39199,0.9999999909229152,1
39200,0.8250276528918024,1
39201,0.9851774133750362,0
39202,0.6661891940141209,1
39203,0.8513571094045088,0
39204,0.9999901117938095,1
39205,0.9860874681797923,0
39206,1.0,1
39207,0.909444301745343,0
39208,0.9153452951433859,1
39209,0.9841525174375501,0
39210,0.9864083401733678,0
39211,0.9794787073658235,0
39212,0.7953784508406394,0
39213,0.9999954836964215,1
39214,0.9121545495405907,0
39215,0.9878609540361882,0
39216,0.9082194602120365,0
39217,0.6216729175697684,1
39218,0.5034777089570547,1
39219,0.797699962673174,0
39220,0.8380977281858886,0
39221,0.8106552113615271,0
39222,0.9215309422902186,0
39223,0.9445996193965712,0
39224,0.943085283802527,0
39225,0.7316578656681099,1
39226,0.9256036483870729,0
39227,0.946000925019135,0
39228,0.9915561257386591,1
39229,0.9920688091982944,0
39230,0.9999999999998943,1
39231,0.8316021556123533,1
39232,0.9875092052447498,0
39233,0.9999999999999956,1
39234,0.9922917814800735,0
39235,0.6797262816923778,1
39236,0.7707017168504102,0
39237,0.9769579996774861,0
39238,0.983423067693094,0
39239,0.7980345313107764,0
39240,0.9483385377931497,1
39241,0.9834999132284166,0
39242,0.9851326590150986,0
39243,0.975344424759529,1
39244,0.992138208641255,0
39245,0.9804994844194982,0
39246,0.834189035904773,0
39247,0.9999999976613381,1
39248,0.9378378106342127,0
39249,0.999979398717973,1
39250,0.5356212068748722,0
39251,0.9243399127095754,0
39252,0.9532616309471744,0
39253,0.9693944313758532,0
39254,0.9466031547356756,0
39255,0.9820793669676824,0
39256,0.588983238068527,0
39257,0.9942229281764176,0
39258,0.6014935183199839,0
39259,0.991943244480716,0
39260,0.9194247391375348,0
39261,0.9892685886372212,0
39262,0.9759723642261829,0
39263,0.925214444418016,0
39264,0.97909339437404,0
39265,0.8568018895806704,0
39266,0.6842294638415297,1
39267,0.716583058960496,1
39268,0.9701418628551347,0
39269,0.9133600708298415,0
39270,0.9909317071153302,0
39271,0.9999999938399942,1
39272,0.6928984072222067,0
39273,0.8403020732987746,0
39274,0.665359521533022,0
39275,0.8995115002859603,0
39276,0.9910636481743331,0
39277,0.9360899168868425,0
39278,0.9909114613944761,0
39279,0.9105089082973767,0
39280,0.5737343295370413,1
39281,0.5225847839243158,0
39282,0.5017965907251508,0
39283,0.9446109194685286,0
39284,0.9441922529525211,0
39285,0.999999999999776,1
39286,0.9280983668554647,1
39287,0.6205183499582528,0
39288,0.6365797429891885,0
39289,0.9072250237104224,0
39290,0.8070822798035636,0
39291,0.512519251841349,0
39292,0.9831842234128766,0
39293,0.9999999999985008,1
39294,0.7681136285495543,0
39295,0.9599994852407693,0
39296,0.5268457365761984,1
39297,0.9339359184363957,0
39298,0.8780569977050005,1
39299,0.9795208082156202,0
39300,0.9358039553903742,0
39301,0.9649156652166045,0
39302,0.9892228317710186,0
39303,0.9669468800239659,0
39304,1.0,1
39305,0.7528064224689326,1
39306,0.9773455193723048,0
39307,0.9876858854060703,0
39308,0.9877193957822943,1
39309,0.997460573703506,1
39310,0.9719073348651548,0
39311,0.9352988578072222,0
39312,0.9930065803180889,0
39313,0.9903417030787535,0
39314,0.9819277806407862,0
39315,0.9259215087586211,0
39316,0.9850368314843319,0
39317,0.711718391367548,0
39318,0.8158837577033471,0
39319,0.9732202253799125,0
39320,0.985931964558225,0
39321,0.9911580446521899,0
39322,0.8889487551571336,0
39323,0.9656952155902019,0
39324,0.9664617791183777,0
39325,0.5891730475081275,0
39326,0.8832232491017029,1
39327,0.9046595802340505,0
39328,0.9847293389117897,0
39329,0.6426598681947528,0
39330,0.9916201818956597,0
39331,0.9843402751392165,0
39332,0.9745530754011915,0
39333,0.8497673062630111,0
39334,0.9871570632029036,0
39335,0.9233437695236535,0
39336,0.984796679697123,0
39337,0.8510038175052788,1
39338,0.6994463640453995,0
39339,0.8892726310401254,0
39340,0.937008797035149,0
39341,0.9999999999834503,1
39342,0.99999994732072,1
39343,0.8788631997075947,0
39344,0.529326040832625,0
39345,0.9600566190729981,0
39346,0.9786377345260304,0
39347,0.9979984158632935,1
39348,0.9902600705270025,0
39349,0.6783016412889309,0
39350,0.6853630834367176,1
39351,0.9874019345079068,0
39352,0.9249357701141544,0
39353,0.9741542627832575,0
39354,0.6120426588395812,1
39355,0.91265451167236,0
39356,0.9889997073016851,0
39357,0.9564806245711817,0
39358,0.9774147218175663,0
39359,0.9635172404232004,0
39360,0.7373497136654146,0
39361,0.9887894164724299,0
39362,0.9686897660983579,0
39363,0.9905688614767733,0
39364,0.647019283372865,1
39365,0.9245847267382987,0
39366,0.9536298675860602,0
39367,0.9684176712003021,0
39368,0.9999999999999902,1
39369,0.9831751860252292,0
39370,0.5809268545925649,0
39371,0.9824222229243944,0
39372,0.5168419376059963,0
39373,0.999985767756104,1
39374,0.981138092451212,0
39375,0.5820283362974856,0
39376,0.974378932954579,0
39377,0.9651411806563231,0
39378,0.7523647765181336,0
39379,0.6393889459743649,1
39380,0.8946754414675012,0
39381,0.9980114086296057,1
39382,0.8840217920065737,1
39383,0.6506792370932534,1
39384,0.7512944353021471,0
39385,0.9999999760908617,1
39386,0.7269097272103942,0
39387,0.9999999999996179,1
39388,0.9229579241747814,1
39389,0.9704040212877832,1
39390,0.9889482844391865,0
39391,0.9486898489561187,0
39392,0.8241598017755372,0
39393,0.9805509893058665,0
39394,0.8919284338722446,1
39395,0.5343828907936451,1
39396,0.532031817605375,0
39397,0.8960303357025307,0
39398,0.5986683071662011,0
39399,0.869928386083061,0
39400,0.7580979814461101,0
39401,0.9625626233220539,0
39402,0.9921686169947929,0
39403,0.9723280880057268,0
39404,0.9761100164822586,0
39405,0.9452098600720231,0
39406,0.6080743270292269,0
39407,0.5218125260469473,0
39408,0.9920505980558908,0
39409,0.9139814812519821,0
39410,0.9726011062167476,0
39411,0.9586047382705047,0
39412,0.9837840567138438,0
39413,0.9837551180150316,0
39414,0.979014439469893,0
39415,0.9967317263353437,1
39416,0.9670078136825178,0
39417,0.9947619771531507,1
39418,0.9725279572703568,1
39419,0.8644860057967301,0
39420,0.5695575154453014,1
39421,0.9864866569448838,0
39422,0.966334824492249,0
39423,0.9910933517458376,0
39424,0.7245661929227029,1
39425,0.9803655963125856,0
39426,0.9912453255629313,0
39427,0.9001171722054251,0
39428,0.7400902653951509,0
39429,0.9052607472010713,0
39430,0.9052118453802895,0
39431,0.9796488339219205,0
39432,0.9998218534618515,1
39433,0.9980151570045488,1
39434,0.9644344319385804,0
39435,0.7999915301386954,1
39436,0.9279271701229374,0
39437,0.7174377954056048,0
39438,0.9850786297038797,0
39439,0.9847771424798829,0
39440,0.9776868209290126,0
39441,0.6526211459733402,0
39442,0.9913164836838974,0
39443,0.5316721749776558,1
39444,0.9919538961385124,0
39445,0.8808972941208718,0
39446,0.9997340127547477,1
39447,0.5529747807839539,0
39448,0.8694657109743961,0
39449,0.9196046662030126,0
39450,0.9789153336939499,0
39451,0.9808735619376502,1
39452,0.9662136029732854,0
39453,1.0,1
39454,0.9846960118117549,0
39455,0.9923545564384233,0
39456,0.9756193413699943,0
39457,0.9666101112467771,0
39458,0.9919021691412149,0
39459,1.0,1
39460,0.9249477809673963,0
39461,0.9999770801679683,1
39462,0.8468901059867887,0
39463,0.9870364636988314,0
39464,0.9830240058216243,0
39465,0.9939447977986674,0
39466,0.9697635309791923,0
39467,0.9640168142338319,1
39468,0.9472785293290276,0
39469,0.8081783253093172,0
39470,0.9627712103652192,0
39471,0.5860444221937072,1
39472,0.6450747493372954,0
39473,0.974733512035524,0
39474,0.9999999999999218,1
39475,0.6513068350346306,0
39476,0.978783216791368,0
39477,0.8857859664901596,0
39478,0.8208984475913883,0
39479,0.9999035492636109,1
39480,0.9455830828188653,0
39481,0.8008824575894886,0
39482,0.851506812063935,0
39483,0.8018570107288466,0
39484,0.5091942564898981,0
39485,0.9373018740923509,1
39486,0.9340593242416994,0
39487,0.9411952354213782,0
39488,0.7270518929782562,0
39489,0.9999964419563347,1
39490,0.995962734428416,1
39491,0.6967240680133019,1
39492,0.9831027684544894,0
39493,0.9780091748502988,0
39494,0.9921374857490876,0
39495,0.6124178293689084,1
39496,0.7492793562272487,0
39497,0.9281065372654362,0
39498,0.9805706776916461,1
39499,0.9461655054957697,0
39500,0.9676280561656095,0
39501,0.990781477916187,0
39502,0.9885290086617088,0
39503,0.71803219184266,0
39504,0.9859485377215433,0
39505,0.7873641119667628,0
39506,0.9817943457182898,0
39507,0.9734115946331882,1
39508,0.5987655687481049,1
39509,0.9999994105107343,1
39510,0.9859193071365466,0
39511,0.5571842574156634,0
39512,0.526597281314126,1
39513,0.6154533489352358,1
39514,0.9868037568240702,0
39515,0.9858534405362944,0
39516,0.9854728813863841,0
39517,0.9954659902826687,1
39518,0.951788681515418,0
39519,0.9999999997974949,1
39520,0.9924347859768131,0
39521,0.8134863089080806,1
39522,0.8129107728085504,0
39523,0.9530031438509168,0
39524,0.9869827285101398,0
39525,0.5057420424459108,0
39526,0.9719402889695442,0
39527,0.9620645110722544,0
39528,0.9929039915070684,0
39529,0.9854091431927486,0
39530,0.9326421869291583,1
39531,0.6250289034942896,0
39532,0.986143282184196,1
39533,0.5137443424099117,1
39534,0.9727436381398439,0
39535,0.9369004171221763,1
39536,0.9999913497488713,1
39537,0.5819044570013189,1
39538,0.9999791615551173,1
39539,0.9311622919586681,0
39540,0.9693283505713105,0
39541,0.6484264363128421,1
39542,0.9105214846295121,1
39543,0.7965146543082232,0
39544,0.9995050805073559,1
39545,0.9883011107413633,0
39546,0.9999827578481412,1
39547,0.884666175218349,0
39548,0.999999988877521,1
39549,0.7489741833461463,0
39550,0.8676255580189342,0
39551,0.7140543144254743,0
39552,0.9807237917435665,0
39553,0.9999999999999609,1
39554,1.0,1
39555,0.9900215648006493,0
39556,0.9849098941542614,0
39557,0.7924579996148127,0
39558,0.948804939234952,0
39559,0.7730009523173562,0
39560,0.7731398131700438,0
39561,0.9715604149381639,0
39562,0.7883134983958638,1
39563,0.9770342398978775,1
39564,0.8147936163902945,0
39565,0.9711484967922283,0
39566,0.559701502542561,1
39567,0.8371418760925162,0
39568,0.989993043972365,0
39569,0.9739092496185879,0
39570,0.8499220829869479,1
39571,0.9891533800089675,1
39572,0.914892154412793,0
39573,0.6724371721481968,1
39574,0.9590174467076334,0
39575,0.9913837947829431,1
39576,0.9466325348425678,0
39577,0.9956130888206749,1
39578,0.94647184245701,1
39579,0.837490129674163,0
39580,0.6688566683964704,1
39581,0.8163128422073582,0
39582,0.9828200585254558,1
39583,0.6350721572470698,1
39584,0.7888023823423099,0
39585,0.8944868806503337,1
39586,0.981131460460615,0
39587,0.9910370064802385,1
39588,0.8732555263577411,1
39589,0.9807158910915529,1
39590,0.5593489776654943,1
39591,0.9931709642926646,0
39592,0.9975901332073543,1
39593,0.6633168717345508,1
39594,0.9999999999800804,1
39595,0.9995932140052306,1
39596,0.9999911914804889,1
39597,0.9919817647138042,0
39598,0.7686253692638639,0
39599,0.9415772321319188,0
39600,0.9782717885184496,0
39601,0.9999682971205497,1
39602,0.9634085760916107,0
39603,0.9718592434713048,0
39604,0.929706803076181,0
39605,0.9147350154150037,0
39606,0.9770677491521904,0
39607,0.9999956928427254,1
39608,0.9852085361908625,0
39609,0.9131877205178321,0
39610,0.5124879711887435,1
39611,0.9502195913111727,0
39612,0.5986098286899435,0
39613,0.7994213181176572,0
39614,0.7235976666613219,0
39615,0.7822280554477875,0
39616,0.9063259547965612,0
39617,0.8715071407336338,0
39618,0.9732770373317456,0
39619,0.6727352187265053,0
39620,0.6502648093225188,0
39621,0.9915199832194923,0
39622,0.9999978565726668,1
39623,0.9608601383714672,0
39624,0.968589128842106,0
39625,0.9678370812028566,0
39626,0.9580356042377501,0
39627,0.9656453883890981,0
39628,0.9654982053180191,0
39629,0.9590816373625998,0
39630,0.999999872868278,1
39631,0.9814828891487734,1
39632,0.9966486626325254,1
39633,0.881079167989584,0
39634,0.9932018698996256,1
39635,0.935823685331636,1
39636,0.9928150272639754,0
39637,0.9315312257990906,1
39638,0.9830462505664128,0
39639,0.9528865151110296,0
39640,0.8354369740305123,0
39641,0.9625491204247154,0
39642,0.990514582847443,0
39643,0.9999418229737601,1
39644,0.9477954711805754,0
39645,0.9997406654208727,1
39646,0.9822011689071143,0
39647,0.8033090408027034,1
39648,0.8902342271138827,1
39649,0.9575195859344152,0
39650,0.6821104264085055,0
39651,0.9629816781720442,0
39652,0.9530203785284996,0
39653,0.7126960131664117,0
39654,0.9469790173263318,0
39655,0.5799743738099463,0
39656,0.8855509897362097,0
39657,0.8855673236223297,0
39658,0.8996185132985496,1
39659,0.9819743143844281,0
39660,0.93608971644476,0
39661,0.9600010404806903,0
39662,0.9299208919973431,0
39663,0.9475024020396224,0
39664,0.9559709550120423,0
39665,0.9538081054476668,0
39666,0.6911204975108881,0
39667,0.9524066433051561,0
39668,0.5442250152610235,0
39669,0.9783534928291526,0
39670,0.8946277574415484,0
39671,0.773682749601467,0
39672,0.851117463585731,0
39673,0.9028332510391067,0
39674,0.9875204424636068,0
39675,0.9893565354094059,1
39676,0.9887240935492302,0
39677,0.9928930833907644,0
39678,0.9596046786625537,0
39679,0.9999238540052643,1
39680,0.9338450431110011,1
39681,0.9999999999991072,1
39682,0.9986285952538195,1
39683,0.7916804020062548,0
39684,0.975427129783819,0
39685,0.9512906534187449,0
39686,0.8105697812950995,0
39687,0.5941012710515047,0
39688,1.0,1
39689,0.926929023669932,0
39690,0.5535346993797813,0
39691,1.0,1
39692,0.9896721940529623,0
39693,0.989048625649105,0
39694,0.8727826196961017,0
39695,0.7585485766654263,0
39696,0.7338197493957831,0
39697,0.8699814616101254,0
39698,0.7831207787205188,0
39699,0.5521371186028412,0
39700,0.9811772868298333,0
39701,0.9908771403410375,0
39702,0.98811513588465,0
39703,0.5009322119517178,0
39704,0.9853748921675926,1
39705,0.986253485878503,0
39706,0.9768786030132506,0
39707,0.9891656294946185,0
39708,0.5928766737079045,1
39709,0.7592957955692209,0
39710,0.5991294658779573,0
39711,0.8062526032997529,0
39712,0.9878752988540767,0
39713,0.9670510699260417,0
39714,0.9999999984009862,1
39715,0.8151087365866571,0
39716,0.9914144611412145,1
39717,0.9712924055810899,1
39718,0.8664474986703767,1
39719,0.8195474500309063,0
39720,0.9606059636124059,0
39721,0.9907424217101779,0
39722,0.9870372410222258,0
39723,0.9986894057662972,1
39724,0.9907724261858061,0
39725,0.5732137012190037,0
39726,0.9547087314020166,0
39727,0.9620204222781578,0
39728,0.999977511668135,1
39729,0.9703298044373473,0
39730,0.9915469616665719,0
39731,0.9140622592559422,1
39732,0.9877485283542199,0
39733,0.9862242226569284,0
39734,0.984955709313251,0
39735,0.6426591705762391,1
39736,0.9650244287412211,1
39737,0.9999760035499317,1
39738,0.6448436481991482,0
39739,0.9852566940574926,0
39740,0.9875350653999634,0
39741,0.9497899744965257,0
39742,0.9984887602833087,1
39743,0.9173266039630465,0
39744,0.9542840206529877,0
39745,0.7516390746661178,0
39746,0.8822433037230077,0
39747,0.9360142960434568,0
39748,0.9123904618767223,0
39749,0.554705474620092,0
39750,0.7267653978017826,0
39751,0.6376673618273648,0
39752,0.9478744851009849,0
39753,0.9999999378820947,1
39754,0.9849307093952457,0
39755,0.9999359484487966,1
39756,0.9783792477151287,1
39757,0.9761890639498993,0
39758,0.9999740257960756,1
39759,0.9912366100737892,0
39760,0.9414990916529089,1
39761,0.5353397024736253,1
39762,0.9771990477449477,0
39763,0.9856790558014611,0
39764,0.5000352285955354,1
39765,0.957995717393375,0
39766,0.9108834119212454,0
39767,0.9495203780355198,0
39768,0.9741557494531088,0
39769,0.9526171400640935,0
39770,0.9999576815215371,1
39771,1.0,1
39772,0.8085846257193914,0
39773,0.9988271152667277,1
39774,0.6161148381334817,1
39775,0.8723571574899567,0
39776,0.9021871524491799,0
39777,0.9836084184423064,0
39778,0.9740860980761221,0
39779,0.6312657662167135,0
39780,0.5735128157040896,0
39781,0.9854989167519416,0
39782,0.9756018388257872,0
39783,0.7091645726352341,0
39784,0.7610025902463782,0
39785,0.9375057731299856,0
39786,0.9998945785632785,1
39787,0.967246136580723,0
39788,0.7223817838116023,1
39789,0.9771926010839108,0
39790,0.982758702577034,0
39791,0.9411597317096726,0
39792,0.9704747940529536,0
39793,0.826680040960215,0
39794,0.506620929889964,1
39795,0.9710950009702138,0
39796,0.9725598992611061,1
39797,0.7434620203027786,0
39798,0.7348883492344781,0
39799,0.6835945370581817,0
39800,0.7783490778999456,1
39801,0.5205154091852829,0
39802,0.9377532691735518,0
39803,0.6914230824092034,1
39804,0.9734918914196407,0
39805,0.9258221420648124,0
39806,0.9053371713099891,1
39807,0.8143732704397832,1
39808,0.9406598857740344,0
39809,0.9770835479629117,0
39810,0.6101732273482314,0
39811,0.9421432394789772,0
39812,0.5154920229077623,0
39813,0.9588777360240976,1
39814,0.8576435936190347,0
39815,0.9999999999999809,1
39816,0.6781026607696963,0
39817,0.9915148861501492,0
39818,0.9929616510938369,0
39819,0.9496870178658767,1
39820,0.7220392935401863,0
39821,0.8426749278335768,0
39822,0.9713276186789019,0
39823,0.9906919470716972,0
39824,0.908380540554376,0
39825,0.871477229900832,0
39826,0.7236248775277544,1
39827,0.5241233488662919,0
39828,0.5113532305007675,1
39829,0.9636868995082972,0
39830,0.8074570870832484,0
39831,0.9764696506622349,1
39832,0.9663652304409629,0
39833,0.5144833411258474,0
39834,0.9864838612004624,0
39835,0.7743869223662841,0
39836,0.9777145986317795,0
39837,0.7270759426755106,0
39838,0.9999214782218014,1
39839,0.9726234232188197,0
39840,0.9911268376016716,1
39841,0.9819988488528536,0
39842,0.9541423772837763,0
39843,1.0,1
39844,0.913632778121566,0
39845,0.9140791898132246,0
39846,0.9256458719296917,1
39847,0.9466379638992263,1
39848,0.5487773087019658,0
39849,0.5935984037350114,0
39850,0.6799369425290703,0
39851,0.9325003652815049,1
39852,0.83492967591593,0
39853,0.934965680207914,0
39854,0.9857904925593263,0
39855,0.9482323446244443,1
39856,0.5380414240843866,1
39857,0.6877707868773562,0
39858,0.9715538365817395,0
39859,0.9567793918395361,0
39860,0.7558888957634934,0
39861,0.9827853701513786,0
39862,0.9888592903473375,0
39863,0.9999986750634744,1
39864,0.9650434825227779,0
39865,0.9999999998971174,1
39866,0.7663968348596362,0
39867,0.9415213012685003,1
39868,0.6670698650138562,0
39869,0.8195013839021256,0
39870,0.9868818138110242,0
39871,0.6100634084982363,1
39872,0.9869130176004415,0
39873,0.6789744721664825,0
39874,0.5344797991433436,1
39875,0.8677674679031712,0
39876,0.9856478212555754,0
39877,0.9257825581573229,1
39878,0.5069810306343646,1
39879,0.6209063659589604,1
39880,0.7296522895488906,1
39881,0.9326504363162486,0
39882,0.9883878233046698,0
39883,0.9931256261896613,1
39884,0.9993285723944724,1
39885,0.9623544381731388,0
39886,0.9996542065607916,1
39887,0.732291732216053,1
39888,1.0,1
39889,0.750538536782807,0
39890,0.8181489526815929,1
39891,0.9999941468195855,1
39892,0.7053015244892002,0
39893,0.9774847308326572,0
39894,0.985370565477568,1
39895,0.7956951314081566,1
39896,0.8814385576013475,0
39897,0.9584295442322517,0
39898,0.5610937936546591,0
39899,0.9850150086109513,0
39900,1.0,1
39901,0.587296593257214,0
39902,0.9999791790199702,1
39903,0.7621604494075179,0
39904,0.6873075452867984,1
39905,0.6784961873967476,0
39906,0.7256084375408308,1
39907,0.9845648874295374,0
39908,0.9582670383793953,0
39909,0.7188342470684919,0
39910,0.9643278735057484,0
39911,0.958101104984793,0
39912,0.9553836410682108,0
39913,0.9409277086359625,0
39914,0.7752072844160436,1
39915,0.9383525041722641,0
39916,0.9155280242924916,0
39917,0.9999997475240318,1
39918,0.8273734076560674,0
39919,0.9835657202642245,0
39920,0.9914015610615019,0
39921,0.9859772849059015,0
39922,0.9707275058321169,0
39923,0.971033013595862,0
39924,0.9999999899190959,1
39925,0.7073202514954283,0
39926,0.6980188152463954,0
39927,0.9770574460825169,0
39928,0.9151221098229126,1
39929,0.9999999981103178,1
39930,0.9999983420974501,1
39931,0.9672928851111223,0
39932,0.9693475438902824,0
39933,0.9837198666229515,0
39934,0.9494081769046678,0
39935,0.9997336697971025,1
39936,0.9008379791363463,0
39937,0.991031757235697,0
39938,0.9839138820043645,0
39939,0.9991498233463971,1
39940,0.9899411140310297,0
39941,0.9531182603045507,0
39942,0.9578300681899116,0
39943,0.9996041388773361,1
39944,0.9877930394143133,0
39945,0.5540894588154412,1
39946,0.9846803997783606,0
39947,0.999999837795827,1
39948,1.0,1
39949,0.9930841348200482,0
39950,0.9895217877718387,0
39951,0.9889920693979801,0
39952,0.5968444159647205,1
39953,0.5172242217987612,0
39954,0.9992297236429679,1
39955,0.976871879720587,1
39956,0.7454332508191082,0
39957,0.877807107301324,1
39958,0.9648561535564102,0
39959,0.8966722923326093,0
39960,0.9727905792635619,0
39961,0.9725273433982936,0
39962,0.982634310051581,0
39963,0.9770214591972065,1
39964,0.730417904456147,1
39965,0.9052622475435087,0
39966,0.93195790642489,1
39967,0.9838301785146902,0
39968,0.7219620822976386,1
39969,0.9877616101717814,0
39970,0.7569419234747329,1
39971,0.5327423990936855,1
39972,0.9679846390443404,0
39973,0.9999999999999938,1
39974,0.9177139018601599,0
39975,0.798772735914037,0
39976,0.9741313967982084,0
39977,0.9840125224659815,0
39978,0.725978462611291,1
39979,0.9926654483550598,1
39980,0.9904285140663183,0
39981,0.9584211746402773,0
39982,0.6959846021702591,0
39983,0.9057787179889144,0
39984,0.994398413713497,1
39985,0.9442784475629719,0
39986,0.9897819851329548,0
39987,0.9764664658057827,1
39988,0.991029959120364,0
39989,0.9813131572107318,0
39990,0.989175013669704,0
39991,0.9560392988924816,0
39992,0.9753758890188483,0
39993,0.9843066935766503,0
39994,0.9841525077436545,0
39995,0.944841053429085,0
39996,0.7674461733881942,1
39997,0.979629622311412,0
39998,1.0,1
39999,0.6936998621436354,0
40000,0.9919304364391347,0
40001,0.9473620676745931,0
40002,0.9469134377198013,0
40003,0.992458116410691,0
40004,0.999999999562954,1
40005,0.9226249187412826,1
40006,0.9920176538781327,0
40007,0.9995882260156477,1
40008,0.5774103327171406,0
40009,0.9728598115904673,0
40010,0.9999999915039426,1
40011,0.5518090104226234,0
40012,0.9663893971754841,0
40013,0.9888111769201146,0
40014,0.9967702590610381,1
40015,0.9454426601004924,1
40016,0.6705821929665079,0
40017,0.9952631778650257,1
40018,0.9999999999827718,1
40019,0.7168412255927057,1
40020,0.7291365492278163,1
40021,0.9895237225644138,0
40022,0.9905547408549398,0
40023,0.9816527348145045,1
40024,0.9530387292623149,0
40025,0.9995882149903462,1
40026,0.8940782954504181,0
40027,0.7970496978098318,0
40028,0.999922479602895,1
40029,0.9605741866786882,0
40030,0.6885491505097754,1
40031,0.6925047589763591,0
40032,0.9896954060840932,0
40033,0.8610595504721659,1
40034,0.9395518256258344,0
40035,0.6767316401790053,0
40036,0.9151081430246446,1
40037,0.9910767126195924,0
40038,0.9500547284562786,0
40039,0.9631048731773935,0
40040,0.9621035388647465,0
40041,0.9772441398069157,0
40042,0.9329296578453772,1
40043,0.5409951093030092,1
40044,0.9999999999470326,1
40045,0.7367906504332544,0
40046,0.9999998372554754,1
40047,0.7363022996036428,0
40048,0.9631178700093966,0
40049,0.982093568120194,0
40050,0.9999019170241488,1
40051,0.9637062774059602,0
40052,0.8582760971569365,0
40053,0.5548547010508401,0
40054,0.9220429329635883,0
40055,0.7465015108527675,0
40056,0.9966475886583753,1
40057,0.5640818915493998,1
40058,0.992300307828649,0
40059,0.555712962449732,1
40060,0.9896297196796505,1
40061,0.9976883856155646,1
40062,0.6088791331593661,0
40063,0.9878953009652508,0
40064,0.9584921234333148,0
40065,0.9901224452565867,0
40066,0.991705723090341,0
40067,0.9640834908208372,1
40068,0.9927925235657296,0
40069,1.0,1
40070,0.7803934653113052,0
40071,0.9869589069659838,0
40072,0.9044384098199945,0
40073,0.7566469917408536,1
40074,0.9999993426387077,1
40075,0.9462100417949245,0
40076,0.8723171934347808,0
40077,0.9999931254799496,1
40078,0.948216620393035,0
40079,0.9931709642926646,0
40080,0.9885524557679665,0
40081,0.9199142344782864,0
40082,0.7948218572092987,0
40083,0.9725413170685199,0
40084,0.9646182304839984,0
40085,0.8875121245011215,0
40086,1.0,1
40087,0.9912997811775179,0
40088,0.9752765587622011,0
40089,0.9891979232329442,0
40090,0.6308068654801411,0
40091,0.9741945306267227,0
40092,0.8816381314843729,0
40093,0.9665701701409586,0
40094,0.8953808446541034,0
40095,0.9999999888224843,1
40096,0.6568853184141952,0
40097,0.9859859982998287,0
40098,0.9528208024415219,0
40099,0.9868946201370219,0
40100,0.8526250893994911,0
40101,0.9915351595389927,0
40102,0.9799594648081394,0
40103,0.6115339274120286,1
40104,0.7335122764341276,1
40105,0.9966343036222844,1
40106,0.9745658700851515,0
40107,0.9438625488916216,0
40108,0.982896637309724,0
40109,0.9676571367840863,1
40110,0.9877637940933396,0
40111,0.9999987261302743,1
40112,0.7082269741443065,0
40113,0.8575848343663331,0
40114,0.746129404734391,0
40115,0.9742228263593617,1
40116,0.8828988544980307,0
40117,0.7157947763060267,0
40118,0.7850653189238844,0
40119,0.5813685180814664,1
40120,0.9826927083894269,0
40121,0.9662526007127245,0
40122,0.983797583072773,0
40123,0.9925177292545899,0
40124,0.7490662025248642,0
40125,0.9866617367779358,0
40126,0.9620322100865797,0
40127,0.983233032928698,0
40128,0.5861051813052203,1
40129,0.9657487580938472,1
40130,0.7554660831398952,0
40131,0.97594141820466,1
40132,0.9924642422786923,0
40133,0.8846756513049899,1
40134,0.8595098544404041,1
40135,0.9537104965301909,0
40136,0.9691470127762587,0
40137,0.9920519470444741,0
40138,0.9928930833907644,0
40139,0.9873863884796114,0
40140,0.5015488763600882,1
40141,0.9439626372096441,1
40142,0.967479051242672,0
40143,0.9247494712706731,0
40144,0.9896066459531012,0
40145,0.9885662136238925,0
40146,0.9909945289831638,0
40147,0.9361962086055897,0
40148,0.9290367544839777,0
40149,0.5210870327534622,1
40150,0.9820945484166956,0
40151,0.8866798862516199,1
40152,0.8532175750653208,1
40153,0.9257569635433002,1
40154,0.990938043866189,1
40155,0.9999969955020551,1
40156,0.9673376318095938,0
40157,0.9999833662934542,1
40158,0.85934381316658,0
40159,0.9878043567783547,0
40160,0.8738013016673927,0
40161,0.9999992805900924,1
40162,0.8875312105006015,0
40163,0.7084019269960388,0
40164,0.9808986274638036,0
40165,0.934828830606254,0
40166,0.7041334748476302,0
40167,0.9671937990270791,0
40168,0.9435255277532705,1
40169,0.9105787677652906,0
40170,0.989534417402457,0
40171,0.9888058604677863,0
40172,0.9999969291453288,1
40173,0.9630388871762798,0
40174,0.7285344764925366,0
40175,0.6673016392541304,0
40176,0.9527578237590753,0
40177,0.9948988722443032,1
40178,0.9182494862585768,0
40179,1.0,1
40180,0.9999999363070736,1
40181,0.526495481514899,0
40182,0.7217556706594935,1
40183,0.9672622418163362,0
40184,0.9841971072042277,0
40185,0.8609585746333719,0
40186,0.8775093836980147,1
40187,0.9178015868229565,0
40188,0.9999876687452378,1
40189,0.8335811564594316,0
40190,0.7593330446467705,0
40191,0.933631103335746,0
40192,1.0,1
40193,0.9657783486085143,1
40194,0.7887574142794656,0
40195,0.9825025034431606,0
40196,0.8677176074491155,1
40197,0.9757580458964196,1
40198,0.6938200901059797,0
40199,0.9975746976516513,1
40200,0.844124769239338,0
40201,0.7542485199157414,1
40202,0.9895239694824495,0
40203,0.9909434065252798,0
40204,0.6979296359363141,0
40205,0.9836125139705545,1
40206,0.9510154562824933,0
40207,0.9697955315008638,0
40208,0.9578179065601516,0
40209,0.9408328428609023,0
40210,0.9821182334093725,0
40211,0.9061792012180105,0
40212,0.9999288522765915,1
40213,0.990799774028745,0
40214,0.9605638600497877,0
40215,0.5503580186775904,0
40216,0.887393792484371,0
40217,0.8768091561510089,0
40218,0.5934269066585074,0
40219,0.521867601390335,0
40220,0.9695508844244078,0
40221,0.9899247065577756,0
40222,0.9941162196694121,0
40223,0.9974476460604834,1
40224,0.7417742779655843,1
40225,0.7853730703920465,0
40226,0.7082313352122439,0
40227,0.9843501510447729,0
40228,0.6769739546106072,0
40229,0.9913716568475692,0
40230,1.0,1
40231,0.7148282339938271,0
40232,0.7595379258408731,0
40233,0.8102038698959587,0
40234,0.9395429770932526,1
40235,0.9998598347849279,1
40236,0.9999999999998561,1
40237,0.9834894873708763,0
40238,0.7976403134427416,1
40239,0.9573727940207059,0
40240,0.617574642854301,1
40241,0.926873832331779,0
40242,0.9886991190003669,0
40243,0.9683613559702942,0
40244,0.5638301245109866,0
40245,0.9368813647786256,0
40246,0.9028892340065776,1
40247,0.9774833491209535,0
40248,0.9201437403972257,0
40249,0.9230618513536158,1
40250,0.9912680653509263,0
40251,0.9704861693578324,0
40252,0.5571827387514047,0
40253,0.9741651386609604,0
40254,0.9873969145629049,0
40255,1.0,1
40256,0.9822766218040339,0
40257,0.9723984050258624,0
40258,0.8170508426651708,0
40259,0.7765385757630646,1
40260,0.9248613871384954,0
40261,0.9703194753144598,0
40262,0.9999999999549094,1
40263,0.93431349419632,1
40264,0.995602472513821,1
40265,0.9566887094672372,0
40266,0.9638931462714118,0
40267,0.9376072685268838,0
40268,0.9999999756111023,1
40269,0.9917709182339145,0
40270,0.684995949248319,0
40271,0.6780232450887179,0
40272,0.7882884964712132,1
40273,0.9876093702833052,0
40274,0.9758230541412574,0
40275,0.9965653692505583,1
40276,0.8064106689219939,0
40277,0.7792909673857699,0
40278,0.9189900605729465,0
40279,0.8808288243904021,1
40280,0.9999999999999005,1
40281,0.8787357678438508,0
40282,0.9028339436536156,1
40283,0.9990981179629979,1
40284,0.9779656344203121,0
40285,0.9183746366613832,0
40286,0.9990458039085092,1
40287,0.9714497345408667,0
40288,0.9822865942763559,0
40289,0.7604388259266488,0
40290,0.9221883493129811,0
40291,0.7967046732388403,0
40292,0.766916540461956,0
40293,0.8088553305988114,0
40294,0.989759722883787,0
40295,0.8572769070056394,0
40296,0.9909984626368992,0
40297,0.986677593219615,0
40298,0.970718744811901,0
40299,0.8992058747638855,0
40300,0.8582838271863501,0
40301,0.9770917570130976,0
40302,0.866843643172362,0
40303,0.8823586305220932,0
40304,0.8274634678018947,0
40305,0.9537137245106341,0
40306,0.5311905644941237,1
40307,0.941566779602368,0
40308,1.0,1
40309,0.7320197389133148,0
40310,0.9929762346393909,0
40311,0.8344957586456822,0
40312,0.8511773977092753,0
40313,0.7785930771270537,0
40314,0.9936854629725937,1
40315,0.9999999999395595,1
40316,0.9729547162110523,0
40317,0.9985319538252299,1
40318,0.9633214252029497,0
40319,0.8654919262291141,1
40320,0.9696534628340937,0
40321,0.9758040356891964,0
40322,0.9781837479063287,0
40323,0.9649379739419264,0
40324,0.9816614228152565,1
40325,0.9989579277686511,1
40326,0.85687435401963,0
40327,0.629952109963061,0
40328,0.9893816408990069,0
40329,0.9888989181145583,0
40330,0.7456036138071639,0
40331,0.9266559795130164,1
40332,0.9999994796989137,1
40333,0.662995686723018,1
40334,0.9886946967251896,0
40335,0.9552301781002436,0
40336,0.7786632165621027,0
40337,1.0,1
40338,0.7287718189109387,0
40339,0.8837228230291739,0
40340,0.9771079930542002,0
40341,0.9804304953524866,0
40342,0.620854326604686,1
40343,0.9999999959215091,1
40344,0.9926346706075458,0
40345,0.9714872801734765,1
40346,0.5598568081689808,1
40347,0.9778617238309593,0
40348,0.9844986343868175,0
40349,0.9915760158632505,0
40350,0.5473336006123716,0
40351,0.6035501264088015,1
40352,0.9185318101000423,0
40353,0.6379170252611944,0
40354,0.9999999998538303,1
40355,0.898776717139777,0
40356,0.6478986113872212,0
40357,0.6256286739292074,0
40358,0.8544541016363958,0
40359,0.816367180325594,0
40360,0.9999999999988733,1
40361,0.986731187860763,0
40362,0.9827671119437396,0
40363,0.9520630381974943,0
40364,0.7162960801740181,1
40365,0.8918895233372459,1
40366,0.5972934101610189,0
40367,0.993709060758085,0
40368,0.8787780307119579,1
40369,0.936971797955506,0
40370,0.8994751379733782,1
40371,0.984331653218826,0
40372,0.9824665530293851,0
40373,0.9303921410750666,0
40374,0.947772216525977,0
40375,0.9785883452245611,0
40376,0.9886516789062368,0
40377,0.9559190424900408,0
40378,0.7446354824020605,0
40379,0.8767584185223102,1
40380,0.975427129783819,0
40381,0.5294189673820786,1
40382,0.8907076851031422,0
40383,0.9911499997971858,1
40384,0.9739871447569382,0
40385,0.9999993633148493,1
40386,0.9220660496452148,0
40387,0.9529716104592685,0
40388,0.6185164383651486,1
40389,0.9998835846284058,1
40390,0.9833366334909817,0
40391,0.99008780809744,0
40392,0.9843103097849075,0
40393,0.9999966422541637,1
40394,0.7821019729672039,1
40395,0.9945601722064267,1
40396,0.762236940749449,0
40397,0.8799966295956934,0
40398,0.999999999997315,1
40399,0.9587793104713591,0
40400,0.9957886306885263,1
40401,0.9472670917282268,1
40402,0.9812499214271273,0
40403,0.9999999999999987,1
40404,0.9914031017693458,0
40405,0.8064906685895081,0
40406,0.9524356422220536,0
40407,0.89464636066276,1
40408,0.9853563103810016,0
40409,0.6837452218201326,1
40410,0.9490566976979298,0
40411,0.9049884151500647,0
40412,0.9818962524895923,0
40413,0.6353578422759155,0
40414,0.9844536535223322,0
40415,0.8157595911672144,0
40416,0.9858214330249757,0
40417,0.9740244722936429,0
40418,0.9999948172041547,1
40419,0.8710043625902245,0
40420,0.9789316335356867,0
40421,0.9654742866588142,0
40422,0.9649037771132005,0
40423,0.9372183845179316,0
40424,0.9867168350592824,0
40425,0.8292144597039394,0
40426,0.8448670222151263,0
40427,0.8435388346481556,1
40428,0.9686032705558935,0
40429,0.9887670385441838,0
40430,0.7819873653387466,0
40431,0.9435159630542468,0
40432,0.772153680795865,0
40433,0.9813525149614807,0
40434,0.9730924755493966,0
40435,0.8643300693322716,1
40436,0.9895763805293237,0
40437,0.9951598588216387,0
40438,0.9199647427107089,0
40439,0.9882155393515794,0
40440,0.8792479646737262,0
40441,0.7987201718479608,0
40442,0.8381565473132763,1
40443,0.758663575107352,0
40444,0.882416644737879,0
40445,0.7929048860234663,0
40446,0.9186395477861761,1
40447,0.9165216814388204,0
40448,0.8362241679252163,0
40449,0.9898514577524734,0
40450,0.9210896785333745,0
40451,0.9472894411664874,0
40452,0.7670555707103512,1
40453,0.9999999932973287,1
40454,0.6390388843164952,0
40455,0.9991432621609764,1
40456,0.9931630402180055,0
40457,0.984209779473363,0
40458,0.9815359292311239,0
40459,0.9804919905951789,0
40460,0.999989438848752,1
40461,0.9104028907982706,1
40462,0.7510477304529942,1
40463,0.6801628249005369,1
40464,0.9825247172236962,0
40465,0.9863840538240163,1
40466,0.9768386870567264,0
40467,0.8078473743151477,0
40468,0.8031819403744059,0
40469,0.659772076658743,0
40470,0.9169674627833495,0
40471,0.9999999996541904,1
40472,0.9835369765434652,0
40473,0.9914162974640457,0
40474,0.8307318727617208,1
40475,0.9800674004968449,0
40476,0.658186004838371,1
40477,0.9717492534238632,0
40478,0.9825533870757012,0
40479,0.9869618736695017,0
40480,0.9445995582875856,1
40481,0.9506215806298371,0
40482,0.9855020801121156,1
40483,0.9521896545860271,0
40484,0.981598414002019,0
40485,0.9759626574251854,0
40486,0.9657576095559909,0
40487,0.6155286915654924,1
40488,0.9999998219263636,1
40489,0.9999292240247302,1
40490,0.8255541620002252,0
40491,0.9853379895183698,0
40492,0.6154935484176332,1
40493,0.5642033774830075,0
40494,0.9990292329144037,1
40495,0.756624850467797,0
40496,0.8862592185966474,0
40497,0.9371956557591653,0
40498,0.8964137816475812,1
40499,0.6141903503223411,0
40500,0.7133106466023951,1
40501,0.9999665659937683,1
40502,0.6860083801887894,1
40503,0.9094091847741095,1
40504,0.7509052007544607,0
40505,0.9634568096541991,0
40506,1.0,1
40507,0.989601647993936,0
40508,0.9324696398492787,0
40509,0.954497728584188,0
40510,0.9490751033732902,1
40511,0.9995013138985055,1
40512,0.9912395975171387,0
40513,0.9372916156513863,0
40514,0.9697955315008638,0
40515,0.989882784789254,0
40516,0.9794147151950396,0
40517,0.5430449270785939,0
40518,0.6781923397181593,0
40519,0.9999068379419469,1
40520,0.7675802864744071,0
40521,1.0,1
40522,0.9432044893729363,0
40523,0.7914185013827236,0
40524,1.0,1
40525,0.8573973603681116,0
40526,0.990848186206349,0
40527,0.9822014272001969,0
40528,0.9908550206186117,0
40529,0.6552570735391718,0
40530,0.9833818207827147,0
40531,1.0,1
40532,0.5525060438104369,0
40533,0.9999999989500252,1
40534,0.6652121368160154,0
40535,0.976430087138367,0
40536,0.9996159933544483,1
40537,0.9722165319870187,0
40538,0.9799116849071356,0
40539,0.980804059847549,0
40540,0.9999330646262349,1
40541,0.9427296851574014,0
40542,0.7911716860497143,1
40543,0.5823136257365399,0
40544,0.9571151102440244,1
40545,0.9922562838454287,0
40546,0.989950997630358,0
40547,0.531524615954123,0
40548,0.9472218640600831,1
40549,0.8529949141519072,0
40550,0.9772566727052736,0
40551,0.9909602577039605,0
40552,0.9875338022366527,0
40553,0.9469715083342893,0
40554,0.983835152973798,0
40555,0.9870736136123184,0
40556,0.9629902937762883,0
40557,0.5760765305272713,0
40558,0.9742363566947977,0
40559,0.9729570510433379,0
40560,0.8072718606629143,0
40561,0.8041080110489107,0
40562,0.8689983936160709,1
40563,0.8646951278686209,0
40564,0.9925170368858612,0
40565,0.9403460576988192,0
40566,0.9892738875940728,0
40567,0.9637765754938707,0
40568,0.9895810204171128,0
40569,0.9809363232594855,0
40570,0.9329575768641896,0
40571,0.970674337390407,0
40572,0.9999990807277721,1
40573,0.6205614628649094,0
40574,0.7465945136172076,0
40575,0.9999583325658196,1
40576,0.9258734417700449,0
40577,0.809544533153414,0
40578,0.9819743143844281,0
40579,0.7586727396507912,1
40580,0.9986860566890504,1
40581,0.9930693915122667,0
40582,0.9886078148362932,0
40583,0.9851017718853334,0
40584,0.9776765878633283,0
40585,0.9916886498734426,0
40586,0.9664875173154529,0
40587,0.9781591941624043,0
40588,0.9241360469767735,0
40589,0.5346113169952599,1
40590,0.7292155018869472,1
40591,0.728855628242331,0
40592,0.6831252888095654,0
40593,0.9749919180403607,0
40594,0.7974038465657461,0
40595,0.9890747556530012,0
40596,0.7163491884159692,1
40597,0.6887774336870807,0
40598,0.9999999999984825,1
40599,0.9966896246153668,1
40600,0.6071092985880511,0
40601,0.8057836806599543,0
40602,0.9675091914232145,0
40603,0.9787309455143332,0
40604,0.9769540130644065,0
40605,0.957692552016611,0
40606,0.9910978266918358,0
40607,0.9906578168204923,0
40608,0.5450275876027053,0
40609,0.9904208339216074,1
40610,0.8887647369560636,0
40611,0.8741605149127997,0
40612,0.5674620968174053,0
40613,0.9592339524268477,1
40614,0.9799303358767003,0
40615,0.9999999148438184,1
40616,0.9387822312223376,0
40617,0.9990677773277978,1
40618,0.9861823229676921,0
40619,0.9924646142762242,0
40620,0.9428986080242023,0
40621,0.9080161425487431,1
40622,0.8511959294933927,0
40623,0.6407379206341313,1
40624,0.9681290324378573,0
40625,0.9999960774951641,1
40626,0.879701947571958,0
40627,0.9395864766871064,0
40628,0.69205844780114,1
40629,0.9801580454237186,0
40630,0.9917934590714133,0
40631,1.0,1
40632,0.9419809892391414,0
40633,0.5724831160906143,0
40634,0.7570351237802255,1
40635,0.9893886877146607,0
40636,0.9713047553430694,1
40637,0.9839276864563237,0
40638,0.7491585279077663,0
40639,0.7826504046174836,0
40640,0.9851410410425248,0
40641,0.8879239513918432,0
40642,0.9999971912212406,1
40643,0.8739714779165105,0
40644,0.8937915066139671,0
40645,0.9639039963510674,1
40646,0.7795442616666529,0
40647,0.8983946772704828,0
40648,0.9976424230819143,1
40649,0.9950532438664142,0
40650,0.9999999999999889,1
40651,0.9929627002236533,0
40652,0.6301128191797027,0
40653,0.9570327917661544,0
40654,0.9448171030832995,0
40655,0.9477938000312398,0
40656,0.9932429286373856,0
40657,0.8409790017211406,1
40658,0.9916470425438046,1
40659,0.6039810658323891,0
40660,0.9536686928354277,0
40661,0.9917459078015642,0
40662,0.9999780716033702,1
40663,0.9758986759821132,0
40664,0.61858104151998,1
40665,0.9827501274159469,1
40666,0.9897738077051982,0
40667,0.9877102401980369,0
40668,0.9506936210216945,0
40669,0.9744007416648546,1
40670,0.9938892053295053,1
40671,0.9125293062858816,0
40672,0.9657639478054171,1
40673,0.8998308077984962,1
40674,0.6127866846170722,1
40675,0.9184067596996339,0
40676,0.9888589320638198,1
40677,0.9644233790695047,0
40678,0.9892433571493161,0
40679,0.9669810527174357,0
40680,0.9403967978078892,1
40681,0.9775165232855685,1
40682,0.9739667363325596,1
40683,0.9670141625900668,0
40684,0.8479690445916619,0
40685,0.6729148230466496,0
40686,0.992904947605032,0
40687,0.9880230740635765,0
40688,0.9632401280170648,0
40689,0.9629106751649659,0
40690,0.8622833709801264,0
40691,0.9642038476720282,0
40692,0.9801453172997675,0
40693,0.9634497033532194,0
40694,0.9836879074088288,0
40695,0.7121339234412845,0
40696,0.836896060346265,0
40697,1.0,1
40698,0.6793107070146076,0
40699,0.9133402594835097,1
40700,0.578795648241968,0
40701,0.9807951014701602,0
40702,0.8630603418591329,1
40703,0.9974741169688485,1
40704,0.9999999984702614,1
40705,0.8466921276196024,1
40706,0.5275276550459733,0
40707,0.9657463012744559,0
40708,1.0,1
40709,0.690435455261391,0
40710,0.9999962389924242,1
40711,0.9753637296516,0
40712,0.8005285610017272,1
40713,0.9371606828135466,0
40714,0.9390211676444422,0
40715,0.7372239334223816,0
40716,0.9721862045965307,1
40717,0.922009154211056,1
40718,0.7827475090268838,0
40719,0.93258129236136,0
40720,0.9832047857371018,0
40721,0.971695581860483,0
40722,0.8787416893343154,0
40723,0.9999813477011975,1
40724,0.9962198293892203,1
40725,0.9432032764148737,0
40726,0.6972917120286752,1
40727,0.8824939340111151,0
40728,0.9702908213596797,0
40729,0.9814155456510794,0
40730,0.9958093453432605,1
40731,0.9963375931797592,1
40732,0.9895487839105862,0
40733,0.8081602338460149,0
40734,0.7960913669735313,0
40735,0.634215787988936,1
40736,0.989340543246228,1
40737,0.5272937406226501,0
40738,0.9998456206248659,1
40739,0.9683151033179072,0
40740,0.9295686852578279,0
40741,0.9667331784170905,0
40742,0.630650658036935,0
40743,0.9999902146337478,1
40744,0.9769728689267989,0
40745,0.9746638498422044,0
40746,0.7460917687911003,0
40747,0.922651043377533,0
40748,0.942456183992665,0
40749,0.8539490838619481,0
40750,0.9319419650873538,0
40751,0.9744219704214054,0
40752,0.9885908945090921,0
40753,0.9923483722566493,0
40754,0.9988296060447452,1
40755,0.7537691162437391,0
40756,0.9320788327001814,0
40757,0.9827593710784585,0
40758,0.6100654686409077,0
40759,0.9450729811612536,0
40760,0.6441843131201708,0
40761,0.9549019869527946,1
40762,0.8955191843659946,0
40763,0.8020615154778774,0
40764,0.9801935200991843,0
40765,0.9770813500101687,0
40766,0.9634934220255362,0
40767,0.9378607199029658,0
40768,0.7978953430288146,0
40769,0.7956311378918544,1
40770,0.999999996499485,1
40771,0.742728332282161,1
40772,0.9656851615405786,0
40773,0.9993887944939325,1
40774,0.9025903172555207,1
40775,0.9992470486044115,1
40776,0.9660037132755006,0
40777,1.0,1
40778,0.5651390434265671,0
40779,0.9845487989905952,0
40780,0.9732742109560095,0
40781,0.9998005215159746,1
40782,0.9842406771882836,0
40783,0.9330668984012492,0
40784,0.9683976739017526,0
40785,0.9855195572379881,1
40786,0.9999999878343726,1
40787,0.9999916492166915,1
40788,0.8185121222358115,0
40789,0.8096682910418784,1
40790,0.9879631350971904,0
40791,0.9931709642926646,0
40792,0.9999999999999472,1
40793,0.6378924592680457,0
40794,0.9930311925258629,1
40795,0.9528133309647915,0
40796,0.7397374839406411,0
40797,0.5690127666919943,1
40798,0.9396100744040132,0
40799,0.9026795714714039,0
40800,0.9755448022890252,0
40801,0.9929585634179792,0
40802,0.9925877361004304,0
40803,0.9914623963501792,0
40804,0.6986403188783488,0
40805,0.9722977827915926,0
40806,0.9743475721856437,0
40807,0.9556605736173251,0
40808,0.7003011712730021,0
40809,0.981943435672831,1
40810,0.9700210534777147,0
40811,0.9267254834303418,0
40812,0.9917653599535858,0
40813,0.844739105158121,0
40814,0.8229276706206953,0
40815,0.9568478052055505,0
40816,0.8430067433211665,0
40817,0.9975302389930986,1
40818,0.9894294083215498,0
40819,0.9931765268660834,0
40820,0.9782946255374424,0
40821,0.9878736617434785,0
40822,0.9870857383595657,0
40823,0.9999234701950537,1
40824,0.9727723075615863,0
40825,0.9999113313136615,1
40826,1.0,1
40827,0.9632026801126938,0
40828,0.9838799294053635,0
40829,0.9491709559691898,0
40830,0.9632604144563879,0
40831,0.9690072540448188,0
40832,0.8714871140537084,0
40833,0.9864841179640369,0
40834,0.9053943189752575,0
40835,0.8911329266968157,0
40836,0.9645686326240109,0
40837,0.8146163028618931,1
40838,0.9468521049602864,0
40839,0.9893886877146607,0
40840,0.8501517979597139,0
40841,0.8792724761627724,0
40842,0.7603551443766927,1
40843,0.5411408363445159,1
40844,0.9372328490214429,0
40845,0.9999995548905724,1
40846,0.9915963787164618,0
40847,0.8830787897396625,0
40848,0.8480802943825315,1
40849,0.6252250835602022,1
40850,0.9203336854422584,0
40851,0.8057575490097533,0
40852,0.8083581180780738,0
40853,0.9762984656536816,0
40854,1.0,1
40855,0.9913103091637326,0
40856,0.9891971907446186,0
40857,0.7204301051311567,0
40858,0.8310446415651117,1
40859,0.9902779509533283,0
40860,0.9897672303026024,0
40861,0.7139670010586044,0
40862,0.9907533965833211,0
40863,0.9042429741948382,0
40864,0.9627054567916841,0
40865,0.9751185860051906,0
40866,0.9914711564610034,0
40867,0.9914266891576092,0
40868,0.8640724523613085,0
40869,0.846587288447477,1
40870,0.9619713499028925,0
40871,1.0,1
40872,0.925807753674594,0
40873,0.9249986789556388,0
40874,0.6412055642317993,0
40875,0.9955232293115291,0
40876,0.9975346742219918,1
40877,0.8017228848977713,0
40878,0.9795631371012912,0
40879,0.9445134916669886,0
40880,0.7622848744135764,0
40881,0.752314217964777,0
40882,0.9402109107014371,0
40883,0.9786773640036456,0
40884,0.9854495895006081,0
40885,0.9999541149750245,1
40886,0.9758036167617132,0
40887,0.9969637900186884,1
40888,0.6834873328525438,0
40889,0.9528451019175512,0
40890,0.5412268345508315,0
40891,0.9880210320730913,0
40892,0.9853682271925651,0
40893,0.9955232293115291,0
40894,0.8188852909196943,0
40895,0.8331244554534951,0
40896,0.9883960117889634,0
40897,0.9676569659072849,0
40898,0.9672379567354548,1
40899,0.7802462780975638,1
40900,0.9032266678141929,0
40901,0.643440284358191,0
40902,0.5421549725949647,0
40903,0.9681465598316159,0
40904,0.9532451808380602,0
40905,0.7184180175912023,0
40906,0.9749285794732506,0
40907,0.7309407351644986,1
40908,0.630826600447142,1
40909,0.9931709642926646,0
40910,0.8488839398961316,0
40911,0.8361690241409996,0
40912,0.8163815362802318,0
40913,0.9689396421433722,0
40914,0.9004995744085943,0
40915,0.9747506388722184,0
40916,0.6007933555065558,0
40917,0.9287507355632194,0
40918,0.9796138454683209,0
40919,0.9808220255853984,0
40920,0.9316588289650979,1
40921,0.9768463097405041,0
40922,0.9866475058408991,0
40923,0.9999999858984743,1
40924,0.9597817170837024,0
40925,0.9684345304198823,0
40926,0.9868037568240702,0
40927,0.5433368184793024,0
40928,0.9730855234813147,0
40929,0.9915096058151317,1
40930,0.9141072111253972,0
40931,0.9099085667216242,1
40932,0.9936532758756085,0
40933,0.6186279994255458,0
40934,0.9905503431466045,0
40935,0.999999999996124,1
40936,0.9894148458264372,0
40937,0.9071050682072108,0
40938,0.5566649870942961,1
40939,0.6785361607531963,1
40940,0.7349434685210402,0
40941,0.6129538991078108,1
40942,0.864740343598006,1
40943,0.8480177338357137,0
40944,0.5972702629326744,1
40945,0.9971116716985664,1
40946,0.7041397519382407,0
40947,0.9307387833584958,0
40948,0.9818824381277989,1
40949,0.9892958981332787,0
40950,0.7592278149213088,0
40951,0.5453469439488432,1
40952,0.948406326321721,0
40953,0.8829738382572289,0
40954,0.8724675821300257,0
40955,0.9881012931927917,0
40956,0.5610697743752457,1
40957,0.9954713564501427,1
40958,0.9814451614232326,0
40959,0.9451189284809499,0
40960,0.8923857523567235,0
40961,0.9661357683737538,0
40962,0.8735678649528654,0
40963,0.9999999876978888,1
40964,0.5437283209845942,0
40965,0.9914141886742204,0
40966,0.9917523743169046,0
40967,0.9766622207635298,0
40968,0.9896896307500961,1
40969,0.9697429384075894,0
40970,0.9999999996862619,1
40971,0.9776428807626659,0
40972,0.7646728372489907,1
40973,0.9997086875969712,1
40974,0.846368512672526,0
40975,0.9204864002387653,0
40976,0.9786714506284553,0
40977,0.8818581851899583,1
40978,0.9999999999999463,1
40979,0.9637108908602788,0
40980,0.9516409272441222,0
40981,0.8428353823419307,1
40982,0.9614772930996489,0
40983,0.9537792271829407,0
40984,0.850341918882271,1
40985,0.9400982666347198,0
40986,0.9965748963863474,1
40987,0.953146659538344,0
40988,0.9682146011846817,0
40989,0.9853140354171217,0
40990,0.6438175408450648,1
40991,0.9966175266754059,1
40992,0.9449805522445605,0
40993,0.790129643630117,1
40994,0.9792350178110014,0
40995,0.9756135610462952,1
40996,0.9999997551198445,1
40997,0.7546412713203232,0
40998,0.9228680492912211,0
40999,0.6907389946683704,0
41000,0.9999999956592613,1
41001,0.8715739292795052,1
41002,0.9404298610724656,0
41003,0.9783383398293258,0
41004,0.8588448687389406,0
41005,0.9999986402346813,1
41006,0.6432670317301239,0
41007,0.6903473026440096,1
41008,0.9175734912570284,0
41009,0.9808436491707179,0
41010,0.7227387873708901,0
41011,0.9955232293115291,0
41012,0.9895217344165648,0
41013,0.9793497662157055,0
41014,0.9913203114270502,0
41015,0.988751929023931,1
41016,0.9564083195595728,1
41017,0.9535980098493088,1
41018,0.9554170633164107,0
41019,0.5077396388961187,0
41020,0.9922276286409017,0
41021,0.9988435177580341,1
41022,0.7714979068135582,0
41023,0.6949958442658367,1
41024,0.9999999989957566,1
41025,0.9999999396825069,1
41026,0.6705528910086502,0
41027,0.9798607428638423,0
41028,0.9999999149243809,1
41029,0.9812586430711204,0
41030,0.9239116438750657,0
41031,0.9999830955879688,1
41032,0.9888285946592535,0
41033,0.9991010917904015,1
41034,0.9824456275874203,0
41035,0.9884783157562703,0
41036,0.8211394924522848,0
41037,0.8392546527234567,0
41038,0.9832955443384587,1
41039,0.7699509820778466,0
41040,0.9859594782202573,0
41041,0.7124312017792451,0
41042,0.9557583902657107,0
41043,0.6110474919483709,1
41044,0.9861395615625604,0
41045,0.9999807034232884,1
41046,0.9877243713182502,0
41047,0.9873472077184203,0
41048,0.8639657775486391,0
41049,0.9729537823489599,0
41050,0.8775835535115392,0
41051,0.9810548841130756,0
41052,0.9909033606584421,0
41053,0.7809346738536018,0
41054,0.9792024357725748,0
41055,0.9845721005656075,0
41056,0.7153745564729872,0
41057,0.9133009767321171,1
41058,0.7831257952570682,0
41059,0.9564054138904137,0
41060,0.9999999999999964,1
41061,0.8390773563876847,0
41062,0.997289539450949,1
41063,0.9779955480433239,0
41064,0.9872938459781045,0
41065,0.512087029187163,1
41066,0.9549289996747908,0
41067,0.8663253576451715,0
41068,0.7738040923161306,0
41069,0.8413115457801034,1
41070,0.8773337599764242,1
41071,0.7467392200330646,0
41072,0.8512948336602202,1
41073,0.999982756607768,1
41074,0.9104751750463815,0
41075,0.6415717902109755,0
41076,0.957173991422709,0
41077,0.9996912508723111,1
41078,0.7870286392784536,1
41079,0.9999994171486482,1
41080,0.9214336587362263,0
41081,0.8305233048905027,1
41082,0.9915081939865863,0
41083,0.9386198530255515,0
41084,0.8426489685548105,0
41085,0.9538201972160313,0
41086,0.9688821891364473,0
41087,0.9921673683392959,0
41088,0.9338222963953036,1
41089,0.9840093103742746,0
41090,0.8235000751976523,0
41091,0.9776438028166166,0
41092,0.8876789718598745,0
41093,0.8952246026104284,0
41094,0.891101664434756,0
41095,0.9333617344815429,0
41096,0.9792413984704327,0
41097,0.9874484821741528,1
41098,0.9484036465239863,0
41099,0.8771338308428043,0
41100,0.5480296728552143,0
41101,0.964156970177956,0
41102,0.9947713848979965,0
41103,0.9651043953108449,0
41104,0.8991634194992444,1
41105,0.9906987085070211,0
41106,0.9824737536853949,0
41107,0.6814867252674208,0
41108,0.9592010839448706,0
41109,0.9168873696359501,0
41110,0.7746478751290647,0
41111,0.5976038111084832,1
41112,0.9532509798674025,0
41113,0.9780646601536096,0
41114,0.5263977563448533,0
41115,0.623218863743927,0
41116,0.8582511883227867,1
41117,0.958820120460563,0
41118,0.9055204100589491,0
41119,0.8607138357719676,0
41120,0.8361422812235176,0
41121,0.9759435243253621,0
41122,0.8593347445116013,0
41123,0.9333605181442934,0
41124,0.5640579933554215,1
41125,0.9928253979074095,0
41126,0.7607028248420885,1
41127,0.9665478092356234,1
41128,0.9831339733356599,0
41129,0.557749421616178,1
41130,0.5351145357488978,0
41131,0.9847467175838169,0
41132,0.8732425893388699,0
41133,0.9770660518082512,0
41134,0.9154000325766851,0
41135,0.8991451812820085,1
41136,0.9567110180708254,0
41137,0.7357278471880092,0
41138,0.735515622157416,0
41139,0.7997790209739692,0
41140,0.9879736259522994,0
41141,0.9674999832540703,0
41142,0.994024917976903,1
41143,0.9994101530826494,1
41144,0.8915745183263798,1
41145,0.9126371820816733,0
41146,0.9467658918466757,0
41147,0.9422787059279597,1
41148,0.894796697341409,0
41149,0.973101486591533,1
41150,0.927770920990772,0
41151,0.6919520193738434,1
41152,0.6861305364725562,0
41153,0.9297038408193848,0
41154,0.9999999989690118,1
41155,0.9904022901529393,0
41156,1.0,1
41157,0.9054814161460754,0
41158,0.8618687897371463,0
41159,0.5445489030673201,1
41160,0.7030349472855469,1
41161,0.5163907612073655,1
41162,0.898842547773169,0
41163,0.7336472660146273,0
41164,0.5135263427832221,1
41165,0.9673660694989963,0
41166,0.9867046200629732,0
41167,0.9884268174988015,0
41168,0.5283477722716157,1
41169,0.9750496600099556,0
41170,0.9459674772326525,0
41171,0.7838226755320302,1
41172,0.9740599801170658,0
41173,0.9771261864466747,0
41174,0.8992367018650557,1
41175,0.9515913273178618,0
41176,0.888959018198424,0
41177,0.9515707365413083,0
41178,0.9803155782416649,0
41179,0.9852936266888056,0
41180,0.9310490902159687,0
41181,0.9823945683874102,1
41182,0.7312054786393953,0
41183,0.9465311542863084,1
41184,0.9125580554328048,0
41185,0.9999868493034955,1
41186,0.8988370994647732,0
41187,0.9999998109140612,1
41188,0.9999178536328994,1
41189,0.9518171438943535,0
41190,0.7815761430447021,0
41191,0.9435969837022379,0
41192,0.5124272239951975,1
41193,0.9778715001816874,0
41194,0.5029082380593194,0
41195,0.9484000533475461,0
41196,0.9597755105282303,0
41197,0.5840642478639881,1
41198,0.9814593122513215,0
41199,0.5054460727820661,1
41200,0.5482276988036429,0
41201,0.8796996223967575,0
41202,0.7863298128602815,1
41203,0.9914400926193323,0
41204,0.9608821424679272,0
41205,0.9087456609415766,1
41206,0.9511584914921821,0
41207,0.8060676457854582,0
41208,0.5065232394660347,0
41209,0.9032753591099462,0
41210,0.53079388010993,0
41211,0.920163989980283,1
41212,0.996720959346847,1
41213,0.5321682380075534,0
41214,0.9990544457155547,1
41215,0.999981096302225,1
41216,0.9863139785152011,0
41217,0.9999989923390095,1
41218,0.9915186755271073,0
41219,0.5131276136357503,1
41220,0.9999999959582815,1
41221,0.924122886009996,0
41222,0.8832720388974116,0
41223,0.9631619474616265,0
41224,0.9485824940537424,0
41225,0.98139723949572,0
41226,0.9367937432242222,0
41227,0.9910082241295577,0
41228,0.9921836357474815,0
41229,0.9740206142034468,1
41230,0.9998943797780582,1
41231,0.7898009296602426,0
41232,0.9955493472589757,0
41233,0.8366877687252705,0
41234,0.9823741353238337,1
41235,0.9974758378955536,1
41236,0.963469042237377,0
41237,0.9863730545333798,0
41238,0.9561153618193508,0
41239,0.9999999980087022,1
41240,0.9858377820091689,0
41241,0.8022572155912334,0
41242,0.7166565983323764,0
41243,0.9884965910906784,0
41244,0.983314969237607,0
41245,0.5633903544366116,1
41246,0.9543650099172739,0
41247,0.9886388601511594,0
41248,0.9690170937273034,0
41249,0.9997634761836438,1
41250,0.9788734484953635,0
41251,0.777606745346025,0
41252,0.9895444315730179,0
41253,0.997806184794491,1
41254,0.9903226597380947,0
41255,0.9638614680067623,0
41256,0.9709045130579133,0
41257,0.9775250993708222,0
41258,0.9769839847132628,0
41259,0.9781961407596628,0
41260,0.996479391005087,1
41261,0.9922639123454368,0
41262,0.9999320675694393,1
41263,0.9046244022206037,0
41264,0.7049582522794777,0
41265,0.9508072304284861,0
41266,0.6978285532390195,0
41267,0.9960884976853315,1
41268,0.9574822123148142,0
41269,0.8778454026671069,0
41270,0.9604233086349038,0
41271,0.9238315473732795,0
41272,0.9247579428995891,0
41273,0.7321089708900408,0
41274,0.9107239816262086,1
41275,0.9999985062120281,1
41276,0.9944435554630582,1
41277,0.989824243573013,0
41278,0.555926668841765,1
41279,0.8576670818843677,1
41280,0.9370663674336276,0
41281,0.9746351694429601,0
41282,0.7987833665676697,0
41283,0.6095972438181684,0
41284,0.9499994695166168,1
41285,0.9816035044907374,0
41286,0.9657370727232482,1
41287,0.9614645297051255,0
41288,0.9165492386093046,0
41289,0.9805814007502003,0
41290,0.9763089055944851,0
41291,0.9995341814496567,1
41292,0.9225536830961732,0
41293,0.9900585348279639,0
41294,0.9786664673855872,0
41295,0.9444923349169192,0
41296,0.9123628004618011,0
41297,0.9794451081089345,1
41298,0.8857603552376145,0
41299,0.9942528402077118,0
41300,0.7069000605870805,1
41301,0.9504627422296861,0
41302,0.762781673581215,0
41303,0.9516908960395662,0
41304,0.6714445507953067,1
41305,0.6045721878412199,0
41306,0.997644841901449,1
41307,0.9930233085736693,1
41308,0.7848232530044676,0
41309,0.9505109939968089,0
41310,0.955108075523471,1
41311,0.607378056616799,0
41312,0.9919650625746854,0
41313,0.9685723071553829,0
41314,0.9873567041557187,0
41315,0.9999999999753624,1
41316,0.9892405154459047,0
41317,0.5022829147753586,1
41318,0.9850007551161216,0
41319,0.9496774892937543,0
41320,0.645286801759777,1
41321,1.0,1
41322,0.9996047888117044,1
41323,0.8638910002519071,0
41324,0.9999863771180809,1
41325,0.8550489694518345,1
41326,0.6601070782797593,1
41327,0.9188538448189004,0
41328,0.8921736318844895,1
41329,0.8575558845014185,0
41330,0.9795412045567289,0
41331,0.6590760835911399,0
41332,0.91987094031919,0
41333,0.9878665504872146,0
41334,0.9547949136055215,1
41335,0.9516525319899879,0
41336,0.6308723136031812,1
41337,0.9846349434094462,1
41338,0.9299208919973431,0
41339,0.7717098617317033,0
41340,0.8841112905462822,0
41341,1.0,1
41342,0.7101493349003466,0
41343,0.9999999999991567,1
41344,0.9321075239695271,0
41345,0.6206059436198477,0
41346,0.8802622958079015,1
41347,0.9603375953726856,0
41348,0.9885956936791457,0
41349,0.9825976609976641,0
41350,0.9113019606852019,0
41351,0.7326801019391699,0
41352,0.9957608733090416,1
41353,0.5017948996360881,1
41354,0.981332309740165,0
41355,0.9099623220469899,0
41356,0.5059841564014493,0
41357,0.9932120111127529,0
41358,0.9601195303282454,0
41359,0.9425952387470505,0
41360,0.9239404908551633,0
41361,0.5992678216262042,0
41362,0.8191667230086007,0
41363,0.7457300068443157,0
41364,0.9835134425626878,0
41365,0.9697722255813523,0
41366,0.9883075439761015,0
41367,0.6584738991924829,0
41368,0.9885579143315959,0
41369,0.9861742535013055,0
41370,0.9229205533217357,0
41371,0.9682214499727827,1
41372,0.9557363650842047,0
41373,0.9783138741421271,0
41374,0.8945579404016013,0
41375,0.9922603427862337,0
41376,0.6482192972267175,0
41377,0.9737926908256901,0
41378,0.9937519635402045,1
41379,0.9805135092135585,0
41380,0.7237352648196325,0
41381,0.974379442633014,1
41382,0.9777931612888549,0
41383,0.9999999999987974,1
41384,0.980595479530191,0
41385,0.6672007574689058,1
41386,0.9871392259510001,0
41387,0.7447950641153057,0
41388,0.9277070350169195,0
41389,0.8010955369517714,0
41390,0.9999999617199161,1
41391,0.8571569144256366,0
41392,0.5843837485125649,0
41393,0.9546447177748479,0
41394,0.9901583118411506,0
41395,0.5987221138692693,0
41396,0.9416211220943266,0
41397,0.9853023880096415,0
41398,0.902958812228416,0
41399,0.9521268240602602,0
41400,0.9999999985169916,1
41401,0.5811217098906156,0
41402,0.9886946967251896,0
41403,0.9999495238775761,1
41404,0.5906703627254248,1
41405,0.9931414413439896,1
41406,0.9570085010135766,0
41407,0.9792582939872685,0
41408,0.9901340100863918,0
41409,0.9006504647465358,0
41410,0.9765187147713159,0
41411,1.0,1
41412,0.999577218316008,1
41413,0.9745811401462231,0
41414,0.9304999760682793,1
41415,0.7773039593854502,0
41416,0.9081863907508783,0
41417,0.9237137646767647,0
41418,0.9778178818121868,1
41419,0.988925518561367,0
41420,0.6187912593328188,0
41421,0.980919438599228,0
41422,0.9912921456415038,0
41423,0.99999999999865,1
41424,0.5286001679364156,1
41425,0.6193500354994302,1
41426,0.5758811489347956,0
41427,0.999999999999988,1
41428,0.9825577197901104,0
41429,0.5630769642472286,0
41430,0.9474947546823638,0
41431,0.961852016091898,0
41432,0.9429174627874221,0
41433,0.9888728655820178,0
41434,0.8477263991083097,0
41435,0.6626008092702219,0
41436,0.8972725391365916,0
41437,0.8196830178501275,1
41438,0.9490540859596609,0
41439,0.9361235074631639,0
41440,0.9820521995531161,0
41441,0.6742100107479388,1
41442,0.9926660281187861,0
41443,0.9605313416456538,0
41444,0.986246016224828,0
41445,0.9507956476006817,0
41446,0.9798823907233893,0
41447,0.9894062525919864,0
41448,0.9314426634383114,1
41449,0.9887228927119625,0
41450,0.9894191454297943,0
41451,0.921707253453735,0
41452,0.9426140399811866,0
41453,0.9624102192968104,0
41454,0.8771383585056188,0
41455,0.6243126579351036,1
41456,0.9259172911601055,0
41457,0.8488120683718327,1
41458,0.9911593553318393,1
41459,0.9847031234736051,0
41460,0.9435835565492746,0
41461,0.9878233501012407,0
41462,0.9832921406470507,0
41463,0.9591725270005423,0
41464,0.9086573530701806,0
41465,0.908992290498056,0
41466,0.8541951454348093,1
41467,0.9999871412841791,1
41468,0.5660152581076774,0
41469,0.9926994986263655,0
41470,0.9995462209609263,1
41471,0.8938555844851552,0
41472,0.9619815672029085,0
41473,0.9992856075973963,1
41474,0.9801026719305963,0
41475,0.9333513014913791,0
41476,0.9677525973078335,0
41477,0.9535212142830566,0
41478,0.8513920577493886,0
41479,0.8180569226076645,1
41480,0.5694653218794168,0
41481,0.9608694510623739,1
41482,0.9999999452011682,1
41483,0.9447208094795061,0
41484,0.9396313509107721,0
41485,0.5826374286044202,0
41486,0.9773882966115667,0
41487,0.9787093220119898,0
41488,0.9768432432006696,0
41489,0.6569990259224123,1
41490,0.9797315426585316,0
41491,0.9814725033366105,0
41492,0.9932120111127529,0
41493,0.7601791463746707,0
41494,0.7971095600930876,1
41495,0.9892738875940728,0
41496,0.8995654443287245,0
41497,0.9867440474650538,0
41498,0.6081929844166893,1
41499,0.9688886310438083,0
41500,0.9876741641082303,0
41501,0.9985356581590678,1
41502,0.9569163003992646,0
41503,0.9941162196694121,0
41504,0.8696338456343012,0
41505,0.9528654171722558,0
41506,0.9634851278164728,0
41507,0.6235689078140646,0
41508,0.992322320128629,0
41509,0.6126422505087673,1
41510,0.9877064792299349,0
41511,0.9777373071688616,0
41512,0.8860789806817441,0
41513,0.752725695045906,0
41514,0.9999975194458578,1
41515,0.9931709642926646,0
41516,0.9871987925524773,0
41517,0.9674903648794829,0
41518,0.9764685842292147,0
41519,0.9999996832926447,1
41520,0.76683159587752,0
41521,0.9917459078015642,0
41522,0.7691153991721768,0
41523,0.9999999999999867,1
41524,0.9252022385909614,0
41525,0.9449374879290737,0
41526,0.8435739489539953,0
41527,0.8527902161565429,1
41528,0.6978923919352951,0
41529,0.9117788867934817,1
41530,0.9656398713510861,0
41531,0.8989942283736352,0
41532,0.9168058263089462,0
41533,0.9622954346635959,0
41534,0.9999996409244402,1
41535,0.9999999999863449,1
41536,0.5823330109825947,0
41537,0.9897530127293629,0
41538,0.9999999989573973,1
41539,0.7619383698887696,0
41540,0.6545559883037957,0
41541,0.8412001283194848,0
41542,0.5812046498517717,0
41543,0.971932580403188,0
41544,0.5269519687634137,1
41545,0.5441698043031672,1
41546,0.9703034863782207,0
41547,0.9822459785260597,0
41548,0.9867386403021233,0
41549,0.9776159772251864,0
41550,0.9817393128224231,0
41551,0.9558743233364284,0
41552,0.9999999985183989,1
41553,0.9957097624245715,1
41554,0.8709655382472916,0
41555,0.8934565825030589,0
41556,0.9876103267902517,0
41557,0.7811894841793906,0
41558,0.7799444740628632,1
41559,0.9256029135444678,0
41560,0.74723093174063,1
41561,0.9816192548383631,0
41562,0.99938911658795,1
41563,0.9920858725749281,0
41564,0.9747406215842835,0
41565,1.0,1
41566,0.7155673137156464,1
41567,0.8903449266771355,1
41568,0.9378253487782886,0
41569,0.7290653252407684,1
41570,0.9727981352957251,0
41571,0.8456632181034769,0
41572,0.9902636616609388,0
41573,0.5774940300481701,0
41574,0.9888554637159306,0
41575,0.7517413217512624,0
41576,0.7000390439669499,0
41577,0.9799040078693955,0
41578,0.9652598108630113,0
41579,0.9201223445602574,0
41580,0.9083452777197426,0
41581,0.9329844525759233,0
41582,0.9851847259726702,0
41583,0.9813100625590351,0
41584,0.988481514650422,0
41585,0.749901294419938,0
41586,0.9836557929817858,0
41587,0.9165167151551302,1
41588,0.690161955696469,0
41589,0.5391088606935458,0
41590,0.9999999999949925,1
41591,0.9804330155697261,0
41592,0.8635711194247906,0
41593,0.9999999999999996,1
41594,0.9282959574036055,0
41595,0.8744458538434619,0
41596,0.9612746972128708,0
41597,0.8775287909707153,1
41598,0.9999998114692739,1
41599,0.9999999999999998,1
41600,0.9908253342544686,0
41601,0.6684472102692826,0
41602,0.677938922458132,1
41603,0.5880581893591721,0
41604,0.8040690492458382,1
41605,0.9808034615671825,0
41606,0.8820615691967812,0
41607,0.9999997199627325,1
41608,0.9931994933359365,0
41609,0.8638487301115368,0
41610,0.9764693117836034,0
41611,0.9546575163298758,0
41612,0.9984474957491097,1
41613,0.9483404713357559,0
41614,0.9998164654159538,1
41615,0.9999999989213766,1
41616,0.999999999951358,1
41617,0.8992939859253133,0
41618,0.9900705471529636,0
41619,0.9741319698564829,0
41620,0.9399102639596949,1
41621,0.9999976431658697,1
41622,0.9887391687122111,0
41623,0.9821267901721322,0
41624,0.795121362868588,0
41625,0.9749481201427289,0
41626,0.8987485177779205,1
41627,0.9018570428602342,0
41628,0.9326968803550711,0
41629,1.0,1
41630,0.9732678431561661,0
41631,0.6042490100824118,0
41632,0.9999999999979134,1
41633,0.8499359546866776,0
41634,0.9802637201655277,0
41635,0.5152238815926037,1
41636,1.0,1
41637,0.6111011522831448,0
41638,0.8887640260815942,0
41639,0.7317222781687636,1
41640,0.948009678463695,0
41641,0.9201947757831209,1
41642,0.993348136535147,0
41643,0.9712918302303426,0
41644,0.8985370462605206,0
41645,0.7322920730795304,1
41646,0.9697241584463212,0
41647,0.9985252585053841,1
41648,0.6667473471301769,1
41649,0.9588623108655181,1
41650,0.8417187678592167,1
41651,0.904944664555926,0
41652,0.9473151975121594,0
41653,0.6945335565263672,0
41654,0.9962548372784759,1
41655,0.9901982768732387,0
41656,0.9901925014569325,0
41657,0.7530402177470851,1
41658,0.8807162438916324,1
41659,0.9931709642926646,0
41660,0.9938376539167401,1
41661,0.8303459281476725,0
41662,0.9656980587289482,1
41663,0.9620210342677395,0
41664,0.913980533288946,0
41665,0.8418686632683374,0
41666,0.9164679109290602,0
41667,0.9263958935499019,1
41668,0.9331107880230425,0
41669,0.9809171089896108,1
41670,0.8804896820333314,0
41671,0.9242431715047379,0
41672,0.971414190363493,0
41673,0.9887110701484035,0
41674,0.9918139766101708,0
41675,0.9999935442733684,1
41676,0.9994053023602572,1
41677,0.7182504475275852,0
41678,0.7889262526464144,0
41679,0.8723318842158707,0
41680,0.9999999999523075,1
41681,0.9999999784647211,1
41682,0.9483792855333718,0
41683,0.5359253851709345,1
41684,0.9998482768579006,1
41685,0.9866302358540167,0
41686,0.9999999644221569,1
41687,0.999996627716802,1
41688,0.9040130425796946,0
41689,0.9228002240341587,0
41690,0.9617268404329838,0
41691,0.6503461286354001,0
41692,0.9398029422453439,0
41693,0.9790299808623326,0
41694,0.9681628391776176,0
41695,0.9727651991946215,0
41696,0.8802131589993282,0
41697,0.9743454377072105,0
41698,0.6503458119713583,0
41699,0.6981883677604327,0
41700,0.6573480686128633,0
41701,0.5022785929458119,0
41702,0.9416225219644563,0
41703,0.9955232293115291,0
41704,0.8824558541274413,1
41705,0.9741498257548165,0
41706,0.6815141219866495,1
41707,0.9188531857134515,0
41708,0.9862495583002662,0
41709,0.9762147214173961,0
41710,0.9582460688981256,1
41711,0.9258785617755395,0
41712,0.9896772117833682,0
41713,0.9994867574240943,1
41714,0.9903228203765482,0
41715,0.9756291297230866,0
41716,0.9394394885128607,0
41717,0.6580200362059069,0
41718,0.7299610643864858,0
41719,0.9836154494854435,0
41720,0.9662109005944568,0
41721,0.9592750883620869,0
41722,0.9127265890928385,1
41723,0.907953288925912,0
41724,0.9999999999593141,1
41725,0.5358339964572904,0
41726,0.9999989092985493,1
41727,0.960966650727617,0
41728,0.8591655449819189,0
41729,0.8752476705723456,1
41730,0.9874547650949067,0
41731,0.9871980462640368,0
41732,0.9804813743374233,0
41733,0.9863423020422819,0
41734,0.9999999999999971,1
41735,0.9999736943979985,1
41736,0.9880172620446948,1
41737,0.9818431482877343,0
41738,0.9981242697740978,1
41739,0.579744892803215,1
41740,0.942277106053078,0
41741,0.9951158475576029,0
41742,0.9923270495119064,0
41743,0.9917459078015642,0
41744,0.9866120501633252,1
41745,0.9623973631406987,0
41746,0.899909560713044,1
41747,0.9494712158042139,0
41748,0.9818024037218657,0
41749,0.9913804329253524,1
41750,0.8219911013812977,0
41751,0.9995995585360744,1
41752,0.9597124832001653,0
41753,0.6263525198973101,1
41754,0.9898497247136858,0
41755,0.9666111164254919,0
41756,0.7850064522019151,0
41757,0.8288823042943126,0
41758,0.9639943066112342,0
41759,0.9992773722211041,1
41760,0.9819210804427357,0
41761,0.9517215917199182,0
41762,0.9234115400160585,0
41763,0.9845737080037893,1
41764,0.9923929987742511,0
41765,0.920021327354436,0
41766,0.7321573371318717,0
41767,0.992520120182886,0
41768,0.9331143708130569,0
41769,0.9999999999998774,1
41770,0.9999197125319643,1
41771,0.9998163396842663,1
41772,0.9892088901363357,0
41773,0.9793707525369552,0
41774,0.9837275300754945,0
41775,0.999991955547888,1
41776,0.9658313655307703,0
41777,0.990319999485585,0
41778,0.9729638011515688,0
41779,0.9864011347139325,0
41780,0.9936726848882559,1
41781,0.9788780526923029,0
41782,0.9359398838116737,0
41783,1.0,1
41784,0.8998191204761177,1
41785,0.8246608951619382,0
41786,0.9824286505649041,0
41787,0.9492815727771055,0
41788,0.9193906846352803,0
41789,0.8192415230444778,0
41790,1.0,1
41791,0.7067496261883184,1
41792,0.9445819422594444,0
41793,0.9658512319722693,0
41794,0.8382118435416377,1
41795,0.9880931029061912,0
41796,0.7755862295679704,0
41797,0.7000861148031013,0
41798,0.518697918285152,0
41799,0.9635527727012679,0
41800,0.9389098861437,0
41801,0.9926053901528367,0
41802,0.999805617983745,1
41803,0.9707071261888602,0
41804,0.993709060758085,0
41805,0.9677601322392,0
41806,0.9901682197509004,0
41807,0.9903576788607498,0
41808,1.0,1
41809,0.9999433299037648,1
41810,0.9244692877088218,0
41811,0.8991426919016614,0
41812,0.9402573903240646,0
41813,0.9868130929420953,0
41814,0.7634364180361256,1
41815,0.7743724843942102,1
41816,0.8335329258782336,1
41817,0.5707186956456699,0
41818,0.9929661885740936,0
41819,0.9524190709317075,0
41820,0.9623568788926881,0
41821,0.9077215537262395,1
41822,0.5088389077051725,1
41823,0.6476707029981897,0
41824,0.9810701611610834,0
41825,0.7756521874991009,1
41826,0.9506874428896922,0
41827,0.9984149816745286,1
41828,0.7883873476353475,0
41829,0.979763676824005,0
41830,0.9925120075189053,0
41831,0.9872525287818897,0
41832,0.8961755928042464,0
41833,0.9996844861862195,1
41834,0.9346832076903431,0
41835,0.9606237292552664,0
41836,0.9319373856292701,0
41837,0.8057516670212167,0
41838,0.5139113856153937,0
41839,0.8127776331592956,1
41840,0.9999999998087539,1
41841,0.9696823612916782,0
41842,0.7675379355708175,0
41843,0.8809166580321598,0
41844,0.9803536237700246,0
41845,0.6292231779628338,0
41846,0.5198397496139298,0
41847,0.9922562838454287,0
41848,0.8405846652561136,0
41849,0.502585291867103,1
41850,0.6588354335778773,1
41851,0.6398757341147038,0
41852,0.9999999999952465,1
41853,0.984095003829235,0
41854,0.8006981635555475,0
41855,0.9697015469294415,1
41856,0.9498631606782522,0
41857,0.999999967272156,1
41858,0.8509663607305403,0
41859,0.9630123368767846,0
41860,0.9999952074755436,1
41861,0.8176096640658438,0
41862,0.9888215114832368,1
41863,0.5126868374797106,1
41864,0.6214593889526335,1
41865,0.9348756601811633,0
41866,0.9943020324418498,0
41867,0.8527495319329296,0
41868,0.8243105440173901,0
41869,0.8601994445925465,0
41870,0.9947858548818458,1
41871,0.901130900429382,0
41872,0.9964026168349084,1
41873,0.8101167422514568,1
41874,0.950653433618741,0
41875,0.94756824846147,1
41876,0.9917618471836682,0
41877,0.9999999930224979,1
41878,0.9999987006390223,1
41879,0.9728185574138245,0
41880,0.9806916270135679,0
41881,0.9991173851811176,1
41882,0.8745459293069371,0
41883,0.8217857530897549,1
41884,0.9639001067348039,0
41885,0.9189521431615512,1
41886,0.5679274929675965,0
41887,0.6107919216574159,0
41888,0.9206497410546867,1
41889,0.9747351972171947,0
41890,0.5577514272958258,0
41891,0.6272661755176255,1
41892,0.9870926134157207,0
41893,0.9920195978901597,0
41894,0.9661281255362676,0
41895,0.9546364834249216,0
41896,0.7161235381465553,0
41897,0.976849415174583,0
41898,0.9808798127296189,0
41899,0.5860715798427216,0
41900,0.9618332799527449,0
41901,0.6015902660471666,0
41902,0.9856873462438809,0
41903,0.9836594226440016,0
41904,0.8905945971839274,0
41905,0.8208657620128432,1
41906,0.9918334075676296,0
41907,0.9872150702366099,0
41908,0.990200500962192,0
41909,0.9864777578530927,0
41910,0.8673139139912653,0
41911,0.9175099477955788,1
41912,0.9831732959740657,0
41913,0.7106631692682666,0
41914,0.9863482204937088,0
41915,0.8335319295211535,0
41916,0.7278217593403911,0
41917,0.9899263337265782,0
41918,0.991081922098489,1
41919,0.9529113268338402,0
41920,0.8407696644792331,0
41921,0.8370665109620502,1
41922,0.6891431684892971,0
41923,0.9902017653799581,0
41924,0.9749414183517048,0
41925,0.9970186997103853,1
41926,0.9384068001726147,0
41927,0.9960260090653826,1
41928,0.8882382368482665,0
41929,0.8175667705397147,0
41930,1.0,1
41931,0.9214989190646545,0
41932,0.6531933616800321,0
41933,0.6031276366375945,0
41934,0.9892447761404872,0
41935,0.9999992229660772,1
41936,0.9999999999974347,1
41937,0.9999999999968385,1
41938,0.9706788026205737,0
41939,0.7560238392464008,0
41940,1.0,1
41941,0.9847483109945947,0
41942,0.9999583091541253,1
41943,0.9747495517296543,0
41944,0.9914391751340723,1
41945,0.723817010302703,1
41946,0.8755576528958617,0
41947,0.9841082713315198,0
41948,0.9999999999680416,1
41949,0.935492768700936,0
41950,0.7445688296427214,0
41951,0.6255628385262068,0
41952,0.6286866545404615,0
41953,0.9819570668892987,0
41954,0.5287668352028574,0
41955,0.9193720009587623,1
41956,0.5929205607750374,1
41957,0.5298919693164704,1
41958,0.7942808108904794,1
41959,0.9774972362915337,0
41960,0.9836058349409416,0
41961,0.8577009913588511,0
41962,1.0,1
41963,0.9982887456150502,1
41964,0.9894800921684457,0
41965,0.9510639088580882,0
41966,0.7346882861956697,0
41967,0.9441922529525211,0
41968,0.5260802028056938,0
41969,0.9856148241426949,0
41970,0.9243389454626698,0
41971,0.7092692811552564,0
41972,0.7456026900584518,0
41973,0.5050761279408353,1
41974,0.9865920747038757,0
41975,1.0,1
41976,0.9883644467650585,0
41977,0.9677766014936671,1
41978,0.9904309066055061,0
41979,0.6233274709281792,1
41980,0.5855430654321585,1
41981,0.543405258882107,0
41982,0.9423068794608164,0
41983,0.5605825051671186,1
41984,0.9423138071678417,0
41985,0.6366661747593815,1
41986,0.7430379840385929,1
41987,0.8895059773114097,0
41988,0.9920203598437198,0
41989,0.9371472287623025,0
41990,0.9929033778741632,0
41991,0.9259985674052623,0
41992,0.8818695870991395,1
41993,0.9999999973482541,1
41994,0.9942138418838957,1
41995,0.7861428560106107,1
41996,0.9601772649617298,0
41997,0.9211124032531418,1
41998,0.5528847394962105,0
41999,0.9504743356350268,0
42000,0.9643686743592288,0
42001,0.9792332035584335,0
42002,0.9738114601002493,0
42003,0.7262801065322655,1
42004,0.7558742224107249,0
42005,0.8569669190145368,0
42006,0.5074207114310176,0
42007,0.8957375884857667,0
42008,0.9858542261393145,0
42009,0.9722647818788669,0
42010,0.7298455389867923,0
42011,0.9547126284205443,0
42012,0.7815704679849598,0
42013,0.9678852583435278,0
42014,0.6184757169608864,1
42015,0.999997886140739,1
42016,0.9001544433790031,0
42017,0.8738488869137726,1
42018,0.6810647558043486,1
42019,0.986275448641329,0
42020,0.6652951451033993,0
42021,0.622772527955809,0
42022,0.9405327132483238,0
42023,0.5381144688491717,0
42024,0.9914166517923898,0
42025,0.9889842120466326,0
42026,0.8735051992852425,0
42027,0.9941162196694121,0
42028,0.5026378690107615,0
42029,0.9712490968652093,0
42030,0.6463473547903607,0
42031,0.9870111853445626,0
42032,0.9849253960527137,0
42033,0.9886720825677568,0
42034,0.5790939072745981,1
42035,0.9715907253097498,0
42036,0.9915925385881474,0
42037,0.8986455975645098,0
42038,0.9197961602632722,0
42039,0.9631198954795922,0
42040,0.9849982483913995,0
42041,0.7315006564103642,1
42042,0.7303807395163672,1
42043,0.9006776494461625,0
42044,0.9401480014915589,0
42045,0.7280550169338564,0
42046,0.8770229364510073,0
42047,0.9738009803689857,0
42048,0.9870786203865415,1
42049,0.9960421244639567,1
42050,0.628014917902315,1
42051,0.8845416447921771,0
42052,0.7753671363213558,0
42053,0.999816831885789,1
42054,0.9781341525079432,0
42055,0.9997016014791296,1
42056,0.9779112903328653,0
42057,0.9029249758805056,0
42058,0.6521426613557101,1
42059,0.8019660950860665,1
42060,0.9837830401903892,0
42061,0.916559311953833,0
42062,0.9999999999987379,1
42063,0.9309259883789353,0
42064,0.804036634180683,0
42065,0.9688680857129506,0
42066,0.9767244169119798,1
42067,0.8025874936025439,0
42068,0.9002711163099721,0
42069,0.9897062325030132,0
42070,0.9908797959022728,0
42071,1.0,1
42072,0.8959306825042853,1
42073,0.9400284281997264,0
42074,0.9887021609918382,0
42075,0.9075480971788737,0
42076,0.9737888721320387,0
42077,0.9998590608336835,1
42078,0.8169916694402751,0
42079,0.9079915203702262,1
42080,0.6108778368831259,1
42081,0.9684503786238206,0
42082,0.9075621511522144,0
42083,0.780041272872725,0
42084,0.9456105260332305,0
42085,0.7024106648329277,1
42086,0.887475717799729,0
42087,0.9859662221442195,1
42088,0.9833394275294767,0
42089,0.9898162669612075,0
42090,0.9607794281514946,0
42091,0.9999997562742147,1
42092,0.5712165678899976,1
42093,0.8242943649668881,0
42094,0.9823753833899358,0
42095,0.9999998996220808,1
42096,0.9929993932580027,0
42097,0.9946879909081079,0
42098,0.9125324239757439,0
42099,0.8786584092490126,0
42100,0.9952962738898896,1
42101,0.8410486838019435,0
42102,0.8961056037541928,0
42103,0.9529234470760718,1
42104,0.9744441052110923,0
42105,0.8198240516678809,0
42106,0.9771741036543066,0
42107,0.9414142436985223,1
42108,0.9909033606584421,0
42109,0.9714238663374452,1
42110,0.9957360651041799,1
42111,0.9878375046859867,0
42112,0.9845571035710543,0
42113,0.749475237035172,1
42114,0.9530643537934079,1
42115,0.5081202044178101,1
42116,0.9874146679701674,0
42117,0.9999031060332159,1
42118,0.9868648258298186,0
42119,0.9681590857645391,0
42120,0.9596985125915123,0
42121,0.8032490613156547,1
42122,0.9882892064132248,0
42123,0.8427475829895447,0
42124,0.9620298007000437,0
42125,0.9785503157491894,0
42126,0.9657704765358361,0
42127,0.9989906971614643,1
42128,0.6748379970786522,1
42129,0.9925120075189053,0
42130,0.9999999998869422,1
42131,0.974596900127479,0
42132,0.983181239306311,0
42133,0.9614731517334847,0
42134,0.9537538821669665,0
42135,0.7576362013461884,1
42136,0.5832703137878497,1
42137,0.9373774788828056,0
42138,0.982970492869929,0
42139,0.9761490223027178,1
42140,0.9684599257676834,0
42141,0.9650428426384564,1
42142,0.7537046923747053,1
42143,0.9913383719101503,0
42144,0.9737093947072367,0
42145,0.9712454989210649,0
42146,0.983892664100709,0
42147,0.9993386075916156,1
42148,0.5686172983340888,1
42149,0.9840558749944187,0
42150,0.9913717294750638,0
42151,0.97825873285169,0
42152,0.8947125194923004,0
42153,0.7437529521124577,1
42154,0.9905611325304162,0
42155,0.9998635421607033,1
42156,0.9774143739878953,0
42157,0.9206238198611906,1
42158,0.5785805646683735,1
42159,0.9295109797678984,1
42160,0.798245860401863,1
42161,0.7315853500755101,1
42162,0.9731196735507507,0
42163,0.9089497911573338,1
42164,0.9925078136163308,1
42165,0.5979110619176098,0
42166,0.9015153125550172,0
42167,0.9103866971212037,0
42168,0.6328382261390831,0
42169,0.9424960384573248,0
42170,0.9759235270799794,0
42171,0.9892406638521163,0
42172,0.9794962540941196,1
42173,0.9997424339715656,1
42174,0.998334666761661,1
42175,0.9452367818143903,1
42176,0.9999999913483739,1
42177,0.6796321080346439,0
42178,0.8443815256181847,1
42179,0.971632426506432,1
42180,0.9999475995582157,1
42181,0.9999999999350369,1
42182,0.9314066621613071,0
42183,0.9859036769011433,0
42184,0.9719313910375011,0
42185,0.9988807415134797,1
42186,0.9656288636000867,0
42187,0.6955450333021781,0
42188,0.9373751782502667,0
42189,0.7766883540459357,0
42190,0.9242201910701985,0
42191,0.9290271686488172,0
42192,0.7699331797685429,0
42193,0.9999999963801482,1
42194,0.8074838452785729,0
42195,0.9858650196542229,1
42196,0.9889356426811811,0
42197,0.9092804248384512,0
42198,0.9528781338669559,0
42199,0.9759548254002006,0
42200,0.991792131662904,0
42201,0.7172132610860292,0
42202,0.9876700287509209,0
42203,0.7703186642478516,0
42204,0.988298592586529,0
42205,0.9129815951067307,0
42206,0.9990800635064647,1
42207,0.7069446161501766,0
42208,0.7797298717945133,0
42209,0.7382014938759683,0
42210,0.9999999999397791,1
42211,0.9902603394300734,0
42212,0.9867199742283513,0
42213,0.9718920697669787,0
42214,0.9811251161577373,0
42215,0.9849610595952553,0
42216,0.5980529469090605,0
42217,0.9775246042775927,0
42218,0.7619739714408502,0
42219,0.6328060125114043,1
42220,0.9999837553221175,1
42221,0.7982490795592154,1
42222,0.7886791117960884,0
42223,0.5425979677920104,1
42224,0.8172159449231559,0
42225,0.9858409315184603,0
42226,0.9551176401324013,0
42227,0.9748469875585242,0
42228,0.9775485906089524,0
42229,0.8656759272725364,0
42230,0.9506867204637995,1
42231,1.0,1
42232,0.9803391051676936,0
42233,0.9893731002217561,0
42234,0.9998956154550268,1
42235,0.8032366327420041,0
42236,0.5959679287008733,1
42237,0.7060561855904152,0
42238,0.8801881015826956,1
42239,0.956830664352031,0
42240,0.932403257553686,0
42241,0.9673145881075195,0
42242,0.8939616928979369,1
42243,0.9971630071133427,1
42244,0.8032669655998778,0
42245,0.5112857177855098,1
42246,0.8347972888896739,0
42247,0.7426433007741007,0
42248,0.5632009555868664,0
42249,0.9976194382607245,1
42250,0.9704957325671572,0
42251,0.9886946967251896,0
42252,0.9999999976371261,1
42253,0.9858532888744591,0
42254,0.8575325709295731,0
42255,0.982808100273862,0
42256,0.9489441103525296,0
42257,0.967333943588701,0
42258,0.9788163446053338,1
42259,0.7794572165145839,0
42260,0.9771665946278335,0
42261,0.9345390112218663,0
42262,0.9866609033186607,1
42263,0.9786249557487438,0
42264,0.9998935422490214,1
42265,0.8614667047576122,0
42266,0.949154478312205,1
42267,0.6822301909703787,1
42268,0.9541645124964705,1
42269,0.9899323777391824,0
42270,0.6730913099301313,1
42271,0.9941162196694121,0
42272,0.9999999659393947,1
42273,0.6517544935440214,0
42274,0.955265861861572,0
42275,0.9501881546240567,0
42276,0.7315954753556185,0
42277,0.7428978353790239,0
42278,1.0,1
42279,0.9029755982082073,0
42280,0.9977524127704192,1
42281,0.821220354763123,1
42282,0.844961950115075,0
42283,0.9195742317287993,0
42284,0.9854728813863841,0
42285,0.8745030218301626,0
42286,0.9360898736305769,0
42287,0.9999999999964508,1
42288,0.9998933595738205,1
42289,0.7890154016358458,1
42290,0.9599111617005152,0
42291,0.8007059835576479,0
42292,0.9887909971324246,1
42293,0.8529823563466437,0
42294,0.9881124355059232,0
42295,0.7754750259715301,0
42296,0.9304921303694954,0
42297,0.9221783303569936,0
42298,0.9655821512216597,0
42299,0.9999999999256213,1
42300,0.9981360235036033,1
42301,0.9813438102275518,0
42302,0.9868142742508924,0
42303,0.5029354639807386,0
42304,0.9799534802534446,0
42305,0.6592797541399593,0
42306,0.6540917264385121,0
42307,0.9726022166005266,0
42308,0.9862316355197341,0
42309,0.9989404375666578,1
42310,0.9933378186292423,0
42311,0.8517755942476499,0
42312,0.5470142702620284,0
42313,0.8503969319261138,0
42314,0.971076863054738,0
42315,0.9278440445724223,0
42316,0.981536517363684,0
42317,0.927109417021113,0
42318,0.9843944913661556,1
42319,0.6745147273468726,0
42320,0.9893561461930674,0
42321,0.996595700075524,1
42322,0.9418699462023922,0
42323,0.8366144542073978,0
42324,0.875842040631379,0
42325,0.9439636915305201,0
42326,0.8244068693739591,1
42327,0.7292439933713688,0
42328,0.9999984527658358,1
42329,0.9300527535755367,0
42330,0.9254079871684007,0
42331,0.9794592132933228,0
42332,0.6737662214561135,1
42333,0.9912488475954316,0
42334,0.7367773581200356,0
42335,0.9573584989524297,0
42336,0.9988335462213539,1
42337,0.9103029493248453,0
42338,0.6554331243107574,0
42339,0.9699508322376369,0
42340,0.9681182095017317,0
42341,0.9781784159729322,0
42342,0.5039438202716445,0
42343,0.8220395394764597,1
42344,0.7297078236813077,0
42345,0.9466760407498978,0
42346,0.9834715323552516,0
42347,0.995270193167343,1
42348,0.9721523495445732,1
42349,0.9981203438012103,1
42350,0.9870968723331636,1
42351,0.9824150979345208,0
42352,0.9838348698774444,0
42353,0.758286869610965,0
42354,0.9626024637524034,1
42355,0.8055594002360217,1
42356,0.8039208526214912,1
42357,0.729186215592875,0
42358,0.9537034108123529,0
42359,0.9909191238968035,0
42360,0.9530405028313881,0
42361,0.8238478236509692,1
42362,0.93688540080428,0
42363,0.9978084326027176,1
42364,0.9999604363191992,1
42365,0.69170026864898,0
42366,0.9765454781180649,0
42367,0.9764470170047549,0
42368,0.9352273112448539,0
42369,0.9182424308455258,0
42370,0.8524502685256005,1
42371,0.5658041641638504,0
42372,0.997437044320089,1
42373,0.7668383912337817,0
42374,0.9694595942522104,0
42375,0.9803173951217615,0
42376,0.9830876094819326,0
42377,0.9797142281214585,0
42378,0.5569230032486435,1
42379,0.7703376920935265,0
42380,0.6742569801615721,1
42381,0.9320489328920268,0
42382,0.9895487839105862,0
42383,0.9346976575110895,0
42384,0.9999999906056394,1
42385,0.98699631739216,0
42386,0.9485106182757627,0
42387,0.9434158921668107,0
42388,0.9761559058677547,0
42389,0.8885273609362458,0
42390,0.9776159772251864,0
42391,0.7661847080144328,0
42392,0.9579620962572907,0
42393,0.9999940741599168,1
42394,0.9895254511031224,0
42395,0.8116659178615562,0
42396,0.9778889095076169,0
42397,0.675952873007408,1
42398,0.940421610459117,0
42399,0.9625414041074205,0
42400,0.9293233203779276,0
42401,0.7571025605071131,1
42402,0.7920884918258307,1
42403,0.990811339615954,0
42404,0.6922213166146199,0
42405,0.9918499675252465,0
42406,0.861787361410343,0
42407,0.8828130563966561,0
42408,0.8341896660681754,1
42409,0.9839930023251815,0
42410,0.9660593804209063,0
42411,0.9999999525478729,1
42412,1.0,1
42413,0.9753108681832037,0
42414,0.9655077006774941,0
42415,0.9626128544641693,0
42416,0.9999995533701143,1
42417,0.8499380409941293,0
42418,0.975285804952643,0
42419,0.9857419111318082,0
42420,0.9245670377397252,0
42421,0.9803028152769804,0
42422,0.9999748107719976,1
42423,0.6705251901425553,1
42424,0.9427468624060801,0
42425,0.99219741574912,0
42426,0.5938348402316891,0
42427,0.9915361622354334,0
42428,0.9899306355808566,0
42429,0.7442610866385939,0
42430,0.8884731884808712,0
42431,0.9587603933781772,0
42432,0.9885547136627567,0
42433,0.9562702127544277,0
42434,0.9851294806492945,1
42435,0.9556162478826374,0
42436,0.9789623492652912,0
42437,0.7540660574915594,0
42438,0.9301208428146871,0
42439,0.6296965483752806,1
42440,0.9999999964098389,1
42441,0.99931190748481,1
42442,0.5857661689381227,1
42443,0.797373243714594,0
42444,0.9022165218239238,0
42445,0.9914294317892375,0
42446,0.9911288382849498,0
42447,0.9780942579295977,0
42448,0.549971023898199,1
42449,0.9488538946402032,0
42450,0.999907830797428,1
42451,0.5676163438210886,0
42452,0.9735691080214344,0
42453,0.9999999999996445,1
42454,0.9886946967251896,0
42455,0.9719794524726367,1
42456,0.550368515317307,0
42457,0.9999983371647013,1
42458,0.9788311705057945,0
42459,0.615981423783429,1
42460,0.9980328824469819,1
42461,0.768834981212173,1
42462,0.7464431569119381,1
42463,0.9864537291103154,0
42464,0.9864022232353854,0
42465,0.8748039551986796,1
42466,0.5462385238833679,1
42467,0.7294254618976119,1
42468,0.9722793695633044,0
42469,0.989123250496266,0
42470,0.9457999209413648,0
42471,0.9825049191929418,0
42472,0.5223452390749913,1
42473,0.7114569363311389,0
42474,0.9300889705400864,0
42475,0.9106159310324294,0
42476,0.707263234262934,0
42477,0.9999999988912438,1
42478,0.989005823149125,0
42479,0.7199877859686151,1
42480,0.9195233006111733,0
42481,0.8552157621406021,0
42482,0.9795975214481151,0
42483,0.9830943755531866,0
42484,0.6127490206935039,0
42485,0.8249450339536839,0
42486,0.9724687727151956,0
42487,0.999919680055408,1
42488,0.9767632111653175,0
42489,0.5694401662507665,0
42490,0.9388173514397637,0
42491,0.9878305944371615,0
42492,0.9999999993876372,1
42493,0.9912323881099309,0
42494,0.9869855085205714,0
42495,0.7993613810307536,0
42496,0.7339405184093811,0
42497,0.8190015645605614,1
42498,0.9665737476856692,0
42499,1.0,1
42500,0.9922383262217239,0
42501,0.9762616850195417,0
42502,0.9964862900270368,1
42503,0.7099772960058073,1
42504,0.9881146036757985,1
42505,0.9924289152079361,0
42506,0.991383945550587,0
42507,0.9928522176998895,0
42508,0.9917159082302186,0
42509,0.9525282568916221,0
42510,0.9800864356476091,0
42511,0.9797159124644161,0
42512,0.9516340841346391,0
42513,0.8768121226939682,0
42514,0.7694933552545065,0
42515,0.8080654019910773,1
42516,0.9706380405158852,0
42517,0.9554947238820064,0
42518,0.7002950962014541,1
42519,0.9844582773818368,0
42520,0.9097671504672985,1
42521,0.5260509667457567,0
42522,0.9931709642926646,0
42523,0.9999999005027048,1
42524,0.6791224539204203,1
42525,0.5926891214094009,1
42526,0.9884638992288035,0
42527,0.9999999954450698,1
42528,0.9201669879756477,0
42529,0.9355146592344257,0
42530,0.9898199691006102,0
42531,0.622585975506646,0
42532,0.9630516309108234,1
42533,0.9889621226706756,0
42534,1.0,1
42535,0.8999042072505007,1
42536,0.9874698343813719,1
42537,0.9544595980114328,0
42538,0.5396040093258322,0
42539,0.7475550204473671,0
42540,1.0,1
42541,0.9727290119703794,1
42542,0.8818227920726883,0
42543,0.9600241394140303,0
42544,0.723603943446657,0
42545,0.9999998252275004,1
42546,0.9831679732180131,0
42547,0.6812827718570963,0
42548,0.5390809982183498,0
42549,0.8699571938142656,0
42550,0.982722109324361,0
42551,0.9539584804457368,0
42552,0.9231174729072616,1
42553,0.9616755103821601,0
42554,0.9999999994948574,1
42555,0.9771351031990606,0
42556,0.9932536580256613,0
42557,0.747593012659228,0
42558,0.9998461233994408,1
42559,0.9957609539882646,1
42560,0.8994008590218939,0
42561,0.7810580339010212,0
42562,0.991804686637774,0
42563,0.8724776074714568,0
42564,0.9553667194643208,0
42565,0.9277530475346079,0
42566,0.9683067393877438,0
42567,0.9178881124274688,0
42568,0.9465330929066953,0
42569,1.0,1
42570,0.9836579068939332,0
42571,0.5641040179399641,1
42572,0.9591127960799778,0
42573,0.9368721933291538,0
42574,0.9172478563249727,0
42575,0.9446436892542602,0
42576,0.9785010603227589,0
42577,0.9788783890138316,0
42578,0.5142741551694187,0
42579,0.8365535892231845,0
42580,0.9999996042574364,1
42581,0.9504707294071273,0
42582,0.9565138305964322,0
42583,0.6248719509195227,0
42584,0.9870201086331355,0
42585,0.9950473168942355,0
42586,0.9899704199292901,0
42587,0.9552831831846171,0
42588,0.9780045692864028,0
42589,0.9999999999998881,1
42590,1.0,1
42591,0.9860371549384513,0
42592,0.93680190588983,0
42593,0.9995482602251407,1
42594,0.8055890876122119,1
42595,0.9945426978522283,1
42596,0.9839873370178253,0
42597,0.9641631442769399,0
42598,0.9864907877518307,0
42599,0.6106514093043595,1
42600,0.669157248974648,0
42601,0.9903746923136814,0
42602,0.938820578618201,1
42603,0.6710521741268719,0
42604,0.9066368844843137,0
42605,0.8966523903674074,0
42606,0.7070609975186671,0
42607,0.979964159758571,0
42608,0.9899255357443851,0
42609,0.6849602248899972,0
42610,0.9661093127497122,0
42611,0.5969332241417057,0
42612,0.8389839118702107,0
42613,0.858417389498662,1
42614,0.8865957052544893,0
42615,0.6325428846614355,0
42616,0.9220418494809889,0
42617,0.9823257981259081,1
42618,0.9863084690783023,0
42619,0.9634609705254122,1
42620,0.981661970744038,0
42621,0.9255868079602922,0
42622,0.9794484549433017,0
42623,0.9347020300757649,1
42624,0.920495147692465,0
42625,0.7824344749467375,0
42626,0.8548978750013507,0
42627,0.9991338503514171,1
42628,0.9907488915569314,0
42629,0.9927557893713953,0
42630,0.9983719723026984,1
42631,0.9853473510635572,0
42632,0.9405520544819297,0
42633,0.520114325738776,0
42634,0.9942714249539226,1
42635,0.812862712803008,1
42636,0.918704068171874,0
42637,0.608336298549014,1
42638,0.5570503373711995,1
42639,0.7058634684017387,0
42640,0.5747153870274627,0
42641,0.9824834541636698,0
42642,0.9195832121175449,0
42643,0.9165149208626102,0
42644,0.975515808059955,0
42645,0.9469957549367071,0
42646,0.871888458478723,0
42647,0.9692452133827415,0
42648,0.9999999911737283,1
42649,0.8232300947692868,1
42650,0.9294851667589716,0
42651,0.9874355224445656,0
42652,0.9738038181685431,0
42653,0.9859401842455878,0
42654,0.9710433965700837,0
42655,0.7513976119566712,0
42656,0.970597956564508,0
42657,0.8668843653796875,0
42658,0.9856971792362474,0
42659,0.7863904985626096,0
42660,0.5511694481522209,0
42661,0.965736535077369,0
42662,0.9732813476717017,0
42663,0.5902521887663328,0
42664,0.9920519470444741,0
42665,0.9856704341647153,0
42666,0.999999781216562,1
42667,0.9443054392988318,1
42668,0.8877310472178926,0
42669,0.8423235255283831,0
42670,0.9559373570112777,0
42671,0.9703447869742919,0
42672,0.8298598506729458,1
42673,0.652981928021461,1
42674,0.567548164883152,0
42675,0.9950342955338864,1
42676,0.9030614298853092,0
42677,0.9180037193353136,0
42678,0.8676986933502971,0
42679,0.9901747142051546,0
42680,0.973503968589029,0
42681,0.9880873876413028,0
42682,0.9830826764774733,1
42683,0.9934004980157114,0
42684,0.9344262500593802,0
42685,0.9994433671442576,1
42686,0.6468764782407138,1
42687,0.9997542444765765,1
42688,0.9797719503216733,0
42689,0.9895141300360069,1
42690,0.9889288197893128,0
42691,0.9809474985326587,1
42692,0.989595726427055,0
42693,0.8732482442969542,0
42694,0.9659490101571877,0
42695,0.9999570306131301,1
42696,0.9999999471305082,1
42697,0.9932822903710417,0
42698,0.9853339756454111,0
42699,0.9999999999993596,1
42700,0.9275281371370528,0
42701,0.9738886603599833,0
42702,0.9996913846494105,1
42703,0.9925877361004304,0
42704,0.5160984554773477,0
42705,0.8486233785522755,0
42706,0.9793110492972049,0
42707,0.7628994541674667,1
42708,0.9901431040931162,0
42709,0.9955232293115291,0
42710,0.9937533242691188,1
42711,0.9500463437713716,0
42712,0.9650363098275644,0
42713,0.9933397044894435,0
42714,0.6038178161281375,1
42715,0.9579501243876042,1
42716,0.9175864090181256,0
42717,0.9505022579699622,0
42718,0.9901340100863918,0
42719,0.9999999999999973,1
42720,0.9999959283293031,1
42721,0.999999963759727,1
42722,0.9706306184897096,0
42723,0.9377198619003071,0
42724,0.6300821744668662,0
42725,0.9779599338405042,1
42726,0.9823959925200719,1
42727,0.9856738872026949,0
42728,0.9996564057689733,1
42729,0.9847066584675237,1
42730,0.7581113008449363,0
42731,0.5974828542766137,0
42732,1.0,1
42733,0.6332784423310355,1
42734,0.9705680822736465,0
42735,0.9999999999968572,1
42736,0.6332496147738834,0
42737,0.8915477552447588,1
42738,1.0,1
42739,0.9935392256949551,0
42740,0.873299671213913,1
42741,0.9995549969410285,1
42742,1.0,1
42743,0.8226129480361051,1
42744,0.9482868912009957,0
42745,0.9815614887697164,0
42746,0.9805060527960667,0
42747,0.6846271124839559,0
42748,0.6895195320625532,0
42749,0.7570351237802255,1
42750,0.9115589995268608,0
42751,0.9999998261302261,1
42752,0.947745103653158,0
42753,0.8096323563673007,0
42754,0.9856002586893432,0
42755,0.7377624471715679,0
42756,1.0,1
42757,0.8765386619856753,0
42758,0.9919562282245054,0
42759,0.9730226849632079,0
42760,0.9921132936677209,0
42761,0.7711158220195053,0
42762,0.6824533146233319,1
42763,0.9827924369020872,0
42764,0.7890518709956313,0
42765,0.9998958037372666,1
42766,0.5945235477680485,1
42767,0.9537436085941046,0
42768,0.6534160333694637,1
42769,0.9847439896270657,0
42770,0.9928234834818335,1
42771,0.9894180594034725,0
42772,0.9987258749158086,1
42773,0.5047112882644689,1
42774,0.9481030310338537,0
42775,0.9852132867869976,0
42776,0.9090531950489648,0
42777,0.9992336380570369,1
42778,0.9920767436796536,0
42779,0.7396087418148496,0
42780,0.6360681505871342,0
42781,0.9707755484755568,1
42782,0.6252177725951441,0
42783,0.991574653541162,0
42784,0.9680705633690593,0
42785,0.9957248312886977,1
42786,0.7661496231371766,0
42787,0.9994840715946264,1
42788,0.8350473907024872,0
42789,0.5632810822220917,0
42790,0.9966989469303346,1
42791,0.964584108918314,0
42792,0.6325606370662854,0
42793,0.9685023734226045,0
42794,0.9667230678638415,0
42795,0.9808448793492085,1
42796,0.5738055981748227,0
42797,0.9889916242071061,0
42798,0.9997712213191695,1
42799,0.9899820872062075,1
42800,0.9208224172775344,0
42801,0.9883472565488557,0
42802,0.8573472052735034,0
42803,0.9578931500603048,0
42804,0.7836981467771479,0
42805,0.5223594828918446,1
42806,0.5074890020094281,1
42807,0.8370547491962517,0
42808,0.7800362036131425,0
42809,0.9931607642542355,1
42810,0.833927930303049,1
42811,0.5433006430614248,0
42812,0.9999749167266407,1
42813,0.9434608495888094,0
42814,0.5021787997304749,0
42815,0.9999809403673907,1
42816,0.9998892677252708,1
42817,0.9955807675715447,1
42818,0.9914637527790162,0
42819,0.9567038193912816,0
42820,0.9956225120106282,1
42821,0.9255968741947057,1
42822,0.9384594128640936,0
42823,0.6729739155351174,0
42824,0.6025839243620157,0
42825,0.9807735364836868,0
42826,0.9849307258415475,0
42827,0.9883867683778952,0
42828,0.9020896205421738,0
42829,0.8900768254709693,1
42830,0.9821543154606315,0
42831,0.9600840767073923,0
42832,0.9861140353440386,0
42833,0.9896389022892926,0
42834,0.9765947105968538,0
42835,0.9787381545898614,0
42836,0.7860597998268403,0
42837,0.6785617654115235,0
42838,0.9124890735474304,0
42839,0.9116880851810242,0
42840,0.9877777117003067,0
42841,0.9999999993673385,1
42842,0.8985429255493198,0
42843,0.9993017565625212,1
42844,0.9332330934609036,0
42845,0.8919010594437695,0
42846,0.9994473963691116,1
42847,0.9876538451049636,0
42848,0.8557515064995221,0
42849,0.9999999999999782,1
42850,0.5572469079836547,1
42851,0.9899722943061043,0
42852,0.6086271430805993,1
42853,0.5781449652124131,0
42854,0.9398308818614902,0
42855,0.594147103700497,0
42856,0.9533338625124235,0
42857,0.9832598507409778,0
42858,0.9999999999999991,1
42859,0.6656704937025547,1
42860,0.9483046327118234,1
42861,0.93223298898314,0
42862,0.9351399704474026,0
42863,0.5638234558310945,0
42864,0.8206467015714383,1
42865,0.9853125760332473,0
42866,0.9999999997436422,1
42867,0.9744205501213551,0
42868,0.9995038082915537,1
42869,0.9004872100210797,0
42870,0.9649158157119099,0
42871,0.9777176951763872,0
42872,0.9849024261760237,0
42873,0.9864712634338345,0
42874,0.9752871614151332,0
42875,0.7651923060839342,0
42876,0.9845219425581861,0
42877,0.9593634223666824,0
42878,0.9884832024889307,0
42879,0.984031760857451,0
42880,0.9284433970776869,1
42881,0.9258372802538488,0
42882,0.8493504274630752,0
42883,0.9764685842292147,0
42884,0.9772562484492381,0
42885,0.9892245261462226,0
42886,0.9415159165327721,0
42887,0.6623875612952266,0
42888,0.6657847143034238,0
42889,0.7486448415508817,0
42890,0.9999759279392348,1
42891,0.9000079486913651,0
42892,0.9504817889393148,0
42893,0.9929147495857692,0
42894,0.8892686788636928,1
42895,0.9999999999999774,1
42896,0.9857003833538488,0
42897,0.5353004308557169,0
42898,0.7080525135067713,1
42899,0.9586378979231316,0
42900,0.8506155884219586,0
42901,0.9952078029491479,1
42902,0.9999999999966753,1
42903,0.9998680974916822,1
42904,0.7781122866634745,0
42905,0.9320169296076373,0
42906,0.9859233294614682,0
42907,0.9741740083172749,0
42908,0.999999999430218,1
42909,0.9821835192160073,0
42910,0.9675290309314819,1
42911,0.9997795152507021,1
42912,0.9276376189446721,1
42913,0.7588310073930217,0
42914,0.9821431800512849,1
42915,0.9660763318821021,1
42916,0.9999998814555738,1
42917,0.9137281598509388,1
42918,0.9698698844360931,0
42919,0.9742632006581556,0
42920,0.8392288252303727,0
42921,0.9609982710333544,0
42922,0.8291709255431532,0
42923,0.8897062587941643,0
42924,0.9999989593452724,1
42925,0.9787133862053251,0
42926,0.9799484061082282,0
42927,0.9905670042040631,0
42928,0.9831463334996812,0
42929,0.9000067814957543,1
42930,0.9263823051892798,0
42931,0.9904810922578422,0
42932,0.9656275502185991,0
42933,0.9792081593219528,0
42934,0.9874993446980544,0
42935,0.9116484313999497,0
42936,0.9782671249415371,0
42937,0.9789352784946812,0
42938,0.8965599793987068,0
42939,1.0,1
42940,0.9999999999999984,1
42941,0.8777592547748349,0
42942,0.8804157306710181,0
42943,0.9999999994623083,1
42944,0.9152712070102025,0
42945,0.8334642014073075,0
42946,0.9851407788646147,0
42947,0.9874128792709139,1
42948,0.8843924893354926,0
42949,0.9481304792145415,0
42950,0.9352389595452412,0
42951,0.9036339902807661,1
42952,0.9356876688972301,1
42953,0.9484088750761431,1
42954,0.9871570632029036,0
42955,0.9910782573558075,0
42956,0.8891759968327663,1
42957,0.9970439426003918,1
42958,0.7262550267276424,0
42959,0.8822226725174449,0
42960,0.7888695307826703,0
42961,0.9635430235175908,0
42962,0.7438353999030505,1
42963,0.9654581241460262,0
42964,0.9916767351196115,0
42965,0.8537184310582157,0
42966,0.9611804058613909,0
42967,0.5630899979238048,1
42968,0.9159174581441168,0
42969,0.9908218471508008,0
42970,0.8735990239864935,0
42971,0.9981649640755709,1
42972,0.9562809102090866,0
42973,0.9938759814348935,0
42974,0.8346375664143428,1
42975,0.5338618464496937,0
42976,0.8656420959345363,0
42977,0.5915747884489213,0
42978,0.999938665012368,1
42979,0.588067650743506,0
42980,0.9938759814348935,0
42981,0.9999963194400374,1
42982,0.9888604948819444,0
42983,0.978516207142651,0
42984,0.9306775419570341,0
42985,0.9999939937859182,1
42986,0.9573096403785307,0
42987,0.9682948785931973,1
42988,0.999604300804925,1
42989,0.9860562179599188,0
42990,0.5653302320973018,0
42991,0.5021164704054716,1
42992,0.9347812200488603,0
42993,0.9778024421591924,0
42994,0.990799774028745,0
42995,0.5614671702180271,0
42996,0.9600630917834911,0
42997,0.999999999997754,1
42998,0.999996721447792,1
42999,0.6933989983796518,1
43000,0.9844522912524394,0
43001,0.9747417428790031,0
43002,0.8972156699887454,0
43003,0.9879035257426144,0
43004,0.9934006036506363,0
43005,0.9641902640927913,0
43006,0.6464410709040483,0
43007,0.9389849321902548,0
43008,0.9851828049094088,0
43009,0.8511188267179284,0
43010,0.8206496470521356,1
43011,0.8428179386409789,0
43012,0.97514392947264,0
43013,0.9896935737182763,0
43014,0.9293739966987601,0
43015,0.5762455708149553,1
43016,0.9734820546480192,0
43017,0.9826186993470155,0
43018,0.9849021318690824,0
43019,0.7937439178512538,0
43020,0.9913405900965202,0
43021,0.7327347914253484,1
43022,0.9875307480803996,0
43023,0.9992423538920964,1
43024,0.5937026495233109,0
43025,0.836855373634578,0
43026,0.9451462723458084,0
43027,0.9728306128418379,1
43028,0.9409310054123486,1
43029,0.8178913230491994,0
43030,0.565527282204642,0
43031,0.988832780586217,0
43032,0.9019409017827391,0
43033,0.9936037287540634,0
43034,0.9143246361827534,0
43035,0.9999945318322856,1
43036,0.9848478508242077,0
43037,0.9999999997860596,1
43038,0.9689407296468887,0
43039,0.9861666615349353,0
43040,0.9588930944235027,0
43041,0.8881308715960712,0
43042,0.970231583290443,0
43043,0.9541794693304079,0
43044,0.9832620279006655,0
43045,0.9548475176376261,0
43046,0.9999716666438432,1
43047,0.9998273583997602,1
43048,0.9911081632487322,0
43049,0.9943840851237504,0
43050,0.9835109164956404,0
43051,0.9517078630270496,0
43052,0.776186363183901,0
43053,0.9415301138107565,0
43054,0.999628850145932,1
43055,0.9893797020785319,0
43056,0.6357656444048507,0
43057,0.9757664823514922,0
43058,0.7171881827482867,0
43059,0.9614132014281819,0
43060,0.989175013669704,0
43061,0.9230729236398643,0
43062,0.9877026148740838,1
43063,0.9639998138068293,1
43064,0.7755887205638305,1
43065,0.9837656179575897,0
43066,0.9920316024301213,0
43067,0.9999999999935514,1
43068,0.9379012849614647,0
43069,0.9781179476318957,0
43070,0.5505545962778066,0
43071,0.7904233808512741,0
43072,0.9784562625257158,0
43073,0.9248298797488614,0
43074,0.5070991484727607,1
43075,0.9918641847263322,0
43076,0.7720995151113361,0
43077,0.7446677693272944,0
43078,0.7255667872580998,0
43079,0.9978767759808079,1
43080,0.968790440968905,0
43081,0.9591320499647709,1
43082,0.8794127446357449,0
43083,0.9082859161509429,0
43084,1.0,1
43085,0.9999513542044263,1
43086,0.7768500461340963,0
43087,0.9808069835939511,0
43088,1.0,1
43089,1.0,1
43090,0.9921136648553588,0
43091,0.539663042823465,1
43092,0.9930184008077537,1
43093,0.5702665214468293,1
43094,0.9575227527072829,0
43095,1.0,1
43096,0.8100845552445581,1
43097,0.9823807409099949,1
43098,0.9714681161623826,0
43099,0.9250612900936688,1
43100,0.8417729151118594,0
43101,0.9543574877085979,0
43102,0.9714514890340177,0
43103,0.9999882029240145,1
43104,0.542598962854835,0
43105,0.6961236957907672,0
43106,0.9873799714421053,0
43107,0.9858477627829038,0
43108,0.9750066380042522,0
43109,0.8804514576744628,0
43110,0.9270225142808116,0
43111,0.9417986473700678,0
43112,0.9085100345390437,1
43113,0.8418784696299482,0
43114,0.9570870598598314,0
43115,0.6846150496712825,0
43116,0.9999738620268901,1
43117,0.9890543018142323,0
43118,0.9370759771549921,0
43119,0.8809720679865171,0
43120,0.954833093994066,0
43121,0.8661178410169144,1
43122,0.5312465437433967,1
43123,0.9781392691397424,1
43124,0.9374591109362771,1
43125,0.9937193097054922,0
43126,0.8636881601915585,1
43127,0.9999433309391338,1
43128,0.8187872575021966,0
43129,0.9988581374173613,1
43130,0.9789933434383453,0
43131,0.9592114632717131,0
43132,0.9224173429734152,0
43133,0.9931709642926646,0
43134,0.9913365109522104,0
43135,0.9764228611381992,0
43136,0.9820364307555012,1
43137,0.9220842668959178,0
43138,0.7812874987675064,0
43139,0.9357678315446677,1
43140,0.9652366095214099,0
43141,0.9569573666731251,0
43142,0.9996493872738812,1
43143,0.9999999999930012,1
43144,0.9602699160006515,0
43145,0.5763745589962141,0
43146,0.9847452724657677,0
43147,0.9832765089922105,0
43148,0.9813522879302268,1
43149,0.8943188806491472,0
43150,0.9873245006748124,0
43151,0.9999066233394077,1
43152,0.6554768076081049,1
43153,0.9612687876601282,1
43154,0.9880083763121168,0
43155,0.9982652756957615,1
43156,0.7909993813279982,0
43157,0.9055273806253172,0
43158,0.9799737167833918,0
43159,0.93739943572222,0
43160,0.8032165729528261,0
43161,0.9413927511295713,0
43162,0.9800235194389543,0
43163,0.973358263947612,0
43164,0.9746800347977734,0
43165,0.9908434362999939,0
43166,0.9918169200471236,0
43167,0.9863470680001138,0
43168,0.919841942979457,0
43169,0.9999999999929776,1
43170,0.9839068557355495,0
43171,0.9464510403144258,1
43172,0.9857571060403041,0
43173,0.9998798716553718,1
43174,0.9994516755719138,1
43175,0.9537884277519217,0
43176,0.9442690642693429,1
43177,0.889100184117873,0
43178,0.9999999999652274,1
43179,0.9645343910472719,0
43180,0.9933903998952432,1
43181,0.9253076688503333,0
43182,0.7697036220686077,0
43183,0.7208249858011295,0
43184,0.8191320667707833,0
43185,0.9668926314178826,0
43186,0.9841305166395234,0
43187,0.9999999999405116,1
43188,0.7297556807398063,1
43189,0.7744762304184127,0
43190,0.7732258493657397,1
43191,0.5406338545576759,0
43192,0.9939069975387238,0
43193,0.9901238634378112,1
43194,0.9899117121680715,0
43195,0.9025314461200861,1
43196,0.9343084177651129,0
43197,0.9977445293897051,1
43198,0.9104519262471645,1
43199,0.9738704123821064,0
43200,0.8901416373338963,0
43201,0.8884079445805958,1
43202,0.9891842260046629,0
43203,0.9840974340057715,0
43204,0.9316563121167123,1
43205,0.8886713455581435,0
43206,0.9443282610448265,0
43207,0.9633691747263265,0
43208,0.800439989475937,1
43209,0.9145182639874353,1
43210,0.966823628373435,0
43211,0.9778541340950601,0
43212,0.5831807347838783,0
43213,0.7126084953618296,1
43214,0.7908293048736897,0
43215,0.9819947088565046,0
43216,0.9999999999978648,1
43217,0.9586134840399643,1
43218,0.8202224833992745,0
43219,0.937856273836706,0
43220,0.8791537293212451,0
43221,0.6405484238406562,1
43222,0.9878528704543806,0
43223,0.98483162018014,0
43224,0.985592960368612,0
43225,0.9933596780033416,1
43226,0.9716416372707593,0
43227,0.9857979977187206,1
43228,0.9982404892351745,1
43229,0.9080668597114787,1
43230,0.6115010506188593,0
43231,0.9742208628964663,0
43232,0.9510546516288684,1
43233,0.9917282714874257,0
43234,0.976567852776345,0
43235,0.9972318279108452,1
43236,0.8705016763124322,1
43237,0.9999985981367184,1
43238,0.9938635947174396,0
43239,0.7598019966187796,0
43240,0.9999999547219162,1
43241,0.7683179805023006,0
43242,0.9845298748898496,1
43243,0.7701675244395912,0
43244,0.7535742465338323,0
43245,0.98330545348198,0
43246,0.6728557644651264,1
43247,0.9892222881509719,0
43248,0.9857098960538561,0
43249,0.9986843607209767,1
43250,0.5544211329953773,1
43251,0.7355205035540475,0
43252,0.8599654304690587,1
43253,0.8205184677055293,0
43254,0.9849813079862638,0
43255,0.7504001204686621,0
43256,0.99439967696216,1
43257,0.9906516029237089,0
43258,0.9092668360814652,1
43259,0.7565528026933172,1
43260,0.9835103958986017,0
43261,0.9986422906856338,1
43262,0.6660379200220284,1
43263,0.9523554290549109,0
43264,0.5768071754553253,1
43265,0.7755861652537301,1
43266,0.9297901050620679,0
43267,0.9998371892495972,1
43268,0.860443351272691,0
43269,0.9918296159109263,0
43270,0.9735638160186103,1
43271,0.6662036840195281,1
43272,0.9969891468245053,1
43273,0.9253078745379091,0
43274,0.8916978897808119,0
43275,0.9883723293207447,1
43276,0.6170804060830029,1
43277,0.9916066823851752,1
43278,0.9700150027178056,0
43279,0.9879130808334142,1
43280,0.9340051415326358,0
43281,0.5268225623587176,1
43282,0.6028265644693785,0
43283,0.9745109162049111,0
43284,0.9227086662172502,1
43285,0.9749153922502442,0
43286,0.5404800009140824,0
43287,0.9850486277105526,0
43288,0.8764662964141187,0
43289,0.9021362119879753,1
43290,0.6181423262750606,0
43291,0.9124235467981284,0
43292,1.0,1
43293,0.9467956030142568,0
43294,0.8169429127166111,0
43295,0.9645870715805046,0
43296,0.9398742685153337,0
43297,0.9905016608647762,0
43298,0.6641397531826068,1
43299,0.9710944623638968,0
43300,0.9467099880211857,0
43301,0.8422687623091436,0
43302,0.7319599659467391,0
43303,0.9827435848746,0
43304,0.8693961972627525,1
43305,0.7394604876435589,0
43306,0.9290895496760756,0
43307,0.9803772436423539,0
43308,0.9918897423520733,0
43309,0.5715731591615804,0
43310,0.8566051016973348,0
43311,0.6862258901728617,0
43312,0.9889633007862215,0
43313,0.7968525926992515,1
43314,0.6798466948424003,0
43315,0.9999990839455001,1
43316,0.9628981769813602,1
43317,0.9939494225038017,1
43318,0.7566758613324617,0
43319,0.9996700161411259,1
43320,0.5583084233411381,1
43321,0.992050079450429,0
43322,0.9997599735064426,1
43323,0.9809196539812687,0
43324,0.978011271494214,1
43325,0.9743661429558218,0
43326,0.6120916833933854,0
43327,0.9896665146161475,0
43328,0.9999999999999987,1
43329,0.9851675650741003,0
43330,0.6466129536572522,0
43331,0.9928954612838432,0
43332,1.0,1
43333,0.5844992979554997,1
43334,0.9294291469401144,0
43335,0.9455727362112992,0
43336,0.8631247390732999,0
43337,0.71815422928096,0
43338,0.999999999528983,1
43339,0.9999924807454529,1
43340,0.9901002648858575,0
43341,0.8861057227549111,1
43342,0.9870384022289841,0
43343,0.9887466796304551,0
43344,0.571309355666287,1
43345,0.9426699937611063,0
43346,0.9972179301580778,1
43347,1.0,1
43348,0.8465738021849193,0
43349,0.8600790670288161,0
43350,0.8376731516764518,0
43351,0.9714198635109376,0
43352,0.9858300141620602,0
43353,0.9992811787247946,1
43354,0.985276165880308,0
43355,0.9993287779428122,1
43356,0.9994609584488372,1
43357,0.946636197499852,0
43358,0.9900161602115002,0
43359,0.9376795294932977,0
43360,0.9382761796893992,0
43361,0.9861039620581256,0
43362,0.7729357099148494,0
43363,0.7082171416590834,1
43364,0.6727842112633442,1
43365,0.8423331797969722,0
43366,0.9900815826493895,0
43367,0.8277569953392945,1
43368,0.9668945744149169,0
43369,0.9823734029787544,0
43370,0.741671393586631,0
43371,0.6658742453541443,0
43372,0.9837572880214658,0
43373,0.6164379115159372,0
43374,0.958849494592188,0
43375,0.8637630486169526,0
43376,0.8331266563728691,0
43377,0.8766188830641128,0
43378,0.7975744038490565,0
43379,0.9650766896424984,0
43380,0.9942812952467147,0
43381,0.9928760437811835,1
43382,1.0,1
43383,0.9809067920207076,0
43384,0.9778306856705925,0
43385,0.8997171698314186,0
43386,0.9923149357536251,0
43387,0.9781169934165143,0
43388,0.9412552268737716,0
43389,0.985044308557353,0
43390,0.8633730083158395,0
43391,0.9930880271913702,0
43392,0.9685665786608636,1
43393,0.984664777060943,0
43394,0.9201848307172558,1
43395,0.9831744359236426,0
43396,0.9532891143793594,1
43397,0.5176263213021127,1
43398,0.8731681302999963,0
43399,0.9798606520215544,0
43400,0.9626902956419348,0
43401,0.7108750993339491,0
43402,0.9683393219865408,1
43403,0.9173129664906923,0
43404,0.9805612929846669,0
43405,0.9987627811654902,1
43406,0.9998498695380807,1
43407,0.8009770287366214,0
43408,0.818739037533729,1
43409,1.0,1
43410,0.9150529261526875,0
43411,0.6846461642682588,1
43412,0.9877493522017177,0
43413,0.935220991655798,0
43414,0.9861901363651068,0
43415,0.5442994631219319,0
43416,0.729148470273869,0
43417,0.9606429949043035,0
43418,0.9606163169575515,0
43419,0.6227997776907975,1
43420,0.9963047132559887,1
43421,0.9560720884775014,0
43422,0.8762528281970843,0
43423,0.9448812626757663,0
43424,0.7693434514232653,0
43425,0.6291233253862536,0
43426,0.7766640272144382,1
43427,0.9918962264881594,0
43428,0.9304536316771068,0
43429,0.55898886108827,0
43430,0.6171648989473705,0
43431,0.9504990143898625,0
43432,0.9079799497443672,0
43433,0.6754385217838602,0
43434,0.9931854436427141,1
43435,0.7318427603174055,0
43436,0.9772780240907749,0
43437,0.5424137352314771,1
43438,0.8370872353162591,0
43439,0.9758121478460394,0
43440,0.9776175542919928,1
43441,0.9999999880121176,1
43442,0.7552377663671909,0
43443,0.9325605392327941,0
43444,0.9999999999998206,1
43445,0.9813795232429684,0
43446,0.959268684831955,0
43447,0.9797509122492656,0
43448,0.9312516114895147,0
43449,0.9014183385998978,0
43450,0.8730010613222866,0
43451,0.9868048050814262,0
43452,0.6132324349936267,1
43453,0.8086310435062832,1
43454,0.9998218156720918,1
43455,0.7828230866280435,0
43456,0.6059210684782793,0
43457,0.7155010527926206,0
43458,0.9999932511377406,1
43459,0.9998680350129329,1
43460,0.9667778389210228,1
43461,0.9525371134825289,0
43462,0.9929550963974845,1
43463,0.9097976756926831,0
43464,0.9927539373144951,0
43465,0.9703915063982389,0
43466,0.8146690716467767,1
43467,0.9780887495366247,0
43468,0.9379637312186496,1
43469,0.8431913760906669,0
43470,0.9551148226950611,0
43471,0.9851879668172984,0
43472,0.7642262525558243,0
43473,0.5056649504024233,1
43474,0.9411973514568724,0
43475,0.7585862643083698,0
43476,0.9431933765126244,1
43477,0.9886826629922948,0
43478,0.5995092766102075,0
43479,0.8778195294761025,1
43480,0.9917964791261323,0
43481,0.9625460145283701,0
43482,0.9325118409418527,1
43483,0.994519461581715,1
43484,0.7885751632371821,0
43485,0.930593794106326,0
43486,0.9912116944174066,0
43487,0.9651897298551064,0
43488,0.9734078098647725,0
43489,0.611534789759225,1
43490,0.905484312030709,0
43491,0.6354710729869429,1
43492,0.5046571967247558,1
43493,0.9749864828901568,0
43494,0.9891502628468929,0
43495,0.9999999970922939,1
43496,0.9799616193050529,0
43497,0.9996300151979463,1
43498,0.9918607334167163,0
43499,0.8044912157217339,0
43500,0.9697267151661259,1
43501,0.9667104633409981,0
43502,0.7947476449404781,1
43503,0.8508956038323872,1
43504,0.9902209290254592,0
43505,0.9361888115039992,1
43506,0.5025705742703758,0
43507,0.9639352451056766,0
43508,0.964774570375319,0
43509,0.8048693927168402,0
43510,0.7694369501029061,0
43511,0.9222940414017801,1
43512,0.9297103462435263,0
43513,0.906995678358363,0
43514,0.9681485118043801,0
43515,0.8755614653193574,0
43516,0.9626197743262895,0
43517,0.9944442628773683,1
43518,0.9902658468629634,1
43519,0.5461715739206425,1
43520,0.9868101963013409,0
43521,0.6135495689535818,1
43522,0.9982391767779026,1
43523,0.75533531311899,0
43524,0.9823217860003626,0
43525,0.5950334124724934,1
43526,0.5274337855204896,1
43527,0.7221815466425336,0
43528,0.9456254370201673,0
43529,0.9878569685473093,0
43530,0.9545777212711496,0
43531,0.9910597916589592,1
43532,0.9565764758045093,0
43533,0.8204644354122654,0
43534,0.9630784328433615,0
43535,0.9893794614466633,0
43536,0.9920931471897633,0
43537,0.9835554761169235,0
43538,0.9357865606672241,0
43539,0.885862081147468,0
43540,0.5986290447680354,1
43541,0.9938759814348935,0
43542,0.9746339884852964,0
43543,0.8919331413291344,0
43544,0.982015583150367,1
43545,0.9814023605636008,0
43546,0.9183604153698162,1
43547,0.9894996982285397,1
43548,0.9747880278440634,0
43549,0.7451416296314641,1
43550,0.9851324238036506,0
43551,0.9821133521942498,0
43552,0.9999999825750684,1
43553,0.985221867644933,0
43554,0.9997393463531636,1
43555,0.9882443270971432,0
43556,0.7160089703115456,1
43557,0.9897291213529731,0
43558,0.9845356061447812,0
43559,0.9662429681873748,1
43560,0.9638110137442184,0
43561,0.8392325131795687,1
43562,0.9157390349609539,0
43563,0.9691056074459158,0
43564,0.9813282848485683,0
43565,1.0,1
43566,0.5257030290131257,1
43567,0.8625229225181628,0
43568,0.7228622993974406,0
43569,0.9774876141364274,0
43570,0.9773523240129848,0
43571,0.9877627044717916,0
43572,0.6362755226233365,1
43573,0.9890543018142323,0
43574,0.9986799315545664,1
43575,0.7540664532133755,1
43576,0.8265244029925255,0
43577,0.753911155755088,0
43578,0.5405563740441575,0
43579,0.5448756171669851,1
43580,0.9950221593679427,1
43581,0.9886990731427753,0
43582,0.9661105485777008,0
43583,0.9393450426137802,0
43584,0.6746630714474787,0
43585,0.6146654559672552,0
43586,0.547902638233561,1
43587,0.9704373717097815,0
43588,0.9542653639887072,0
43589,0.9252593749773225,0
43590,0.9418841448776277,0
43591,0.9938211767948826,1
43592,0.990290666059203,0
43593,0.9999999999465101,1
43594,0.7906984371530377,0
43595,0.8334573997245627,1
43596,0.9750363162904998,0
43597,0.9900087257850185,1
43598,0.5881693953618368,0
43599,0.9560305134339231,0
43600,0.8965706313768868,0
43601,0.9095123856341804,0
43602,0.9979886548575535,1
43603,0.9578535968197733,1
43604,0.8975258389500028,1
43605,0.9728769147015992,0
43606,0.6342772269145266,1
43607,0.9197016231727312,0
43608,0.9996246601598106,1
43609,0.934390003723286,0
43610,0.9865958988783757,1
43611,0.990474474899038,0
43612,0.9911757387153366,0
43613,0.9440564407579408,0
43614,0.9783772835501072,0
43615,0.9672440859443221,0
43616,0.9533363578225277,0
43617,0.8883709335351386,0
43618,0.9168898923371279,0
43619,0.9901428890421528,0
43620,0.9862492566645302,0
43621,0.990203373288206,0
43622,0.9774097385327379,0
43623,0.955866111311826,0
43624,0.9999657668830394,1
43625,0.6099000674896211,0
43626,0.9848139951038438,0
43627,0.9922917814800735,0
43628,0.9922268195296144,1
43629,0.9773611827305332,0
43630,0.9647526023645446,0
43631,0.9908165677401135,0
43632,0.9860120732214381,0
43633,0.9727696697464903,0
43634,0.97328731629319,0
43635,0.9719046602921624,0
43636,0.9833949365398725,0
43637,0.8552036816747522,0
43638,0.9670640198002023,0
43639,0.9897636256945781,0
43640,0.8239751753194643,0
43641,0.9217903857346557,1
43642,0.9912029798651881,0
43643,0.9612388595136233,0
43644,0.7790063497473022,0
43645,1.0,1
43646,0.8620228350858564,0
43647,0.9885616130214312,1
43648,0.8238306263939821,0
43649,0.8817549852549675,0
43650,0.991792131662904,0
43651,0.702764650576753,1
43652,0.7952149193237632,1
43653,0.5756035755260648,1
43654,0.9922201275377749,0
43655,0.9276007485838484,0
43656,0.9796841215936188,0
43657,0.8990597472791133,0
43658,0.9995111920411446,1
43659,0.6281315110636629,0
43660,0.9374325390985838,0
43661,0.9919206411437669,0
43662,0.8011520882325384,0
43663,0.6922543691434802,1
43664,0.9870736136123184,0
43665,1.0,1
43666,0.9853270453703665,0
43667,0.5486744711339435,1
43668,0.8939308899379934,0
43669,0.9707304872455917,1
43670,0.9907941018506692,1
43671,0.8356021722220301,0
43672,0.9901754044511633,0
43673,0.6673563491778807,0
43674,0.9810377063108305,1
43675,0.9658466638573951,1
43676,0.9880928999682348,0
43677,0.861039895384507,0
43678,0.9999421413161763,1
43679,0.6951881052945154,1
43680,0.9449696975780887,0
43681,0.9997486573866193,1
43682,0.7369035538272907,0
43683,0.999263804515088,1
43684,0.9826887947274469,0
43685,0.9661694981696585,0
43686,0.8689677556640852,0
43687,0.9976244015386864,1
43688,0.9839625087129216,0
43689,0.60240231444343,0
43690,0.9783825860140446,0
43691,0.9945465509725061,1
43692,0.9221796514401793,1
43693,0.9883425906241734,0
43694,0.9850277347730367,0
43695,0.999520649407084,1
43696,0.6572251551162435,0
43697,0.9465484259156409,0
43698,0.9999999999999911,1
43699,0.808550789069518,1
43700,0.7802882391247463,0
43701,0.9900165830700066,0
43702,0.999999415350809,1
43703,0.9652963003251883,0
43704,0.7288818236891564,1
43705,0.9846727967055541,0
43706,0.8975489240362853,0
43707,0.9997930778077256,1
43708,0.9865542260577961,0
43709,0.9994573538128134,1
43710,0.9515044999428515,0
43711,0.546255625165151,1
43712,0.881364955194833,0
43713,0.9892996323626665,0
43714,0.6597544355738483,1
43715,0.8027835403478665,1
43716,0.9999999999774629,1
43717,0.9907324258221614,0
43718,0.9697332755768359,0
43719,0.9785089116870026,1
43720,0.974691846894585,0
43721,0.7679851215122665,0
43722,0.5304905311996607,1
43723,0.7784939516233248,0
43724,0.8063584738518156,0
43725,0.9524092125352936,1
43726,0.9846085900106788,0
43727,0.9999999663942865,1
43728,0.9139800758102593,0
43729,1.0,1
43730,0.9411932184859172,0
43731,0.9733377348261022,0
43732,0.9871917959564666,0
43733,0.9998838184139591,1
43734,0.9397594028216238,1
43735,0.5723544887612203,0
43736,0.9996267919741432,1
43737,0.9904482192698266,0
43738,0.9975914813538898,1
43739,0.6171005679306941,0
43740,0.9897170048535843,0
43741,0.9445027580531576,0
43742,0.947489923723646,0
43743,0.935800666173742,0
43744,0.6896384727806368,0
43745,0.9999950235401506,1
43746,0.9638636586229301,0
43747,0.7822522649489784,0
43748,0.9883548977002755,0
43749,0.9223866883533682,0
43750,0.999863270106579,1
43751,0.9750560461709212,0
43752,0.8045713414424243,0
43753,0.7152534346859425,0
43754,0.9803869798399599,0
43755,0.9803568081331762,0
43756,0.5957842929542448,1
43757,0.7067896069959296,0
43758,0.9983184083859069,1
43759,0.5329729883797265,0
43760,0.8678987324153374,0
43761,0.991701539598384,0
43762,0.9908085575384831,1
43763,0.9887401847673103,0
43764,0.9844093696997962,0
43765,0.9998885613598653,1
43766,0.9583984862859531,0
43767,0.9999993373000253,1
43768,0.9896333190636818,0
43769,0.965359681738044,0
43770,0.9774574606186274,0
43771,0.6085026104878183,0
43772,0.655935807543198,1
43773,0.9867683729697767,0
43774,0.8619644829581826,0
43775,0.8073336661961404,0
43776,0.8038525850352217,0
43777,0.6320816322934788,1
43778,0.8865914015076487,0
43779,0.9990339079898547,1
43780,0.9645426153013342,0
43781,0.7348711596329471,0
43782,0.6843814423698461,0
43783,0.6457522727146819,1
43784,0.9698700902186184,0
43785,0.909525203176646,1
43786,0.8989164955200164,0
43787,0.9425417639734139,0
43788,0.9816695701956014,0
43789,0.9398745454281119,0
43790,0.9808185706453376,0
43791,0.8916302412454361,0
43792,0.9637609452133192,0
43793,0.9991797602280064,1
43794,0.956689897841507,0
43795,0.9899297843687723,0
43796,0.8110118780551708,0
43797,0.8836786161573482,1
43798,0.9748594430962005,0
43799,0.9913421850575068,0
43800,0.9893642930940786,0
43801,0.8669175802266403,0
43802,0.7108709521808811,1
43803,0.8685155411824014,0
43804,0.9168027119365723,1
43805,0.6870607559623267,1
43806,0.9999999999999898,1
43807,0.9836846594796762,0
43808,0.9708870311830476,1
43809,0.8695620782016105,0
43810,0.9844321061434615,0
43811,0.9884467266520145,0
43812,0.9469733555883072,0
43813,0.9977432289321522,1
43814,0.872146572755967,0
43815,0.7374814349525635,0
43816,0.9546112827282821,0
43817,0.8607162442086137,0
43818,0.9832586611508023,0
43819,0.9999999999999845,1
43820,0.7609605845646473,1
43821,0.6293667593948914,1
43822,0.9691019018323246,1
43823,0.8820937871155267,0
43824,0.7597021233776311,0
43825,0.7910478509154153,1
43826,0.8734827753333941,0
43827,0.9316601991807263,0
43828,0.9912564163683903,1
43829,0.9999896725750713,1
43830,0.6252860104075338,0
43831,0.9187088842775393,1
43832,0.9547166041832957,1
43833,0.8483686827135674,0
43834,0.5706777896078725,0
43835,0.9804629857344246,0
43836,0.9999999932954031,1
43837,0.908665771824235,0
43838,0.9999995432030565,1
43839,0.9862993142214412,0
43840,0.9882092494958247,0
43841,0.9893131067554298,0
43842,0.5246404828732385,0
43843,1.0,1
43844,0.7552576133415789,0
43845,0.9849301821854459,0
43846,0.9591073575093251,0
43847,0.8814944874786746,0
43848,0.9867607539289173,0
43849,0.9926532371305827,0
43850,0.8272765802708208,0
43851,0.9690514401852395,0
43852,0.9563512612580808,0
43853,0.9938735636076692,1
43854,0.9839739780838963,0
43855,0.9999999998110387,1
43856,0.7874456339166506,0
43857,0.9913725271499861,0
43858,0.9927911914266624,0
43859,0.9418816623122181,0
43860,0.9850388035774622,0
43861,1.0,1
43862,0.7674787539566854,1
43863,0.9639306506692954,0
43864,0.9916477517844142,0
43865,0.9858170400933551,0
43866,0.8979051105523961,0
43867,0.9881302869063928,0
43868,0.5567350169076104,1
43869,0.6886440990211706,0
43870,0.5205847045709745,0
43871,0.8085961220059822,0
43872,0.9713924730198162,1
43873,1.0,1
43874,0.8535909699123667,0
43875,0.6593528837960441,1
43876,0.8117355664126614,1
43877,0.5213410058550779,0
43878,0.9441913701906962,0
43879,0.7574141760967916,0
43880,0.9999928544300193,1
43881,0.9935442883242556,0
43882,0.89329634222916,1
43883,0.94815716509404,0
43884,0.927690411154769,0
43885,0.9676971602064719,0
43886,0.7884543630945251,1
43887,0.9848882217416332,0
43888,0.9853026668489133,0
43889,0.9999962336403587,1
43890,0.7690842781984046,0
43891,0.543168449263974,1
43892,0.879250909675542,1
43893,0.9674784828924032,1
43894,0.949539770137712,0
43895,0.9568686644792895,0
43896,0.7373139024505077,1
43897,0.6192717127480398,0
43898,0.8902846772457557,0
43899,0.9293639445366647,0
43900,0.9742940123220304,0
43901,0.9463204619409444,0
43902,0.9224377480462345,1
43903,0.9174060196445343,0
43904,0.9718710843102067,0
43905,0.982873414929492,0
43906,0.9796948948594297,0
43907,0.7179517601021661,0
43908,0.8026730813932863,1
43909,0.9943020324418498,0
43910,0.7847362015512518,0
43911,0.8286005648987609,0
43912,0.8883640135389855,0
43913,0.9998490887221051,1
43914,0.5446652836565343,0
43915,0.9673181594979784,1
43916,0.9300084893248032,0
43917,0.8353858441691724,0
43918,0.8751799626101128,0
43919,0.6766685684247893,0
43920,0.8000704657708286,0
43921,0.9952421828201536,0
43922,0.9156423710082282,0
43923,0.897275834726061,0
43924,0.9991984812135994,1
43925,0.5996983565564513,0
43926,0.9517708034210898,0
43927,0.5904022250422806,0
43928,0.9010068758126911,1
43929,0.7908180456375815,0
43930,0.9487042300853473,0
43931,0.9881664106632008,0
43932,0.6880838301967215,0
43933,0.8725184897305961,0
43934,0.9745137381074643,0
43935,0.9047624579337176,0
43936,1.0,1
43937,0.8937818599966695,0
43938,0.7053286352357593,0
43939,0.7879286069233966,0
43940,0.8236742467121012,1
43941,0.9115560997971377,0
43942,0.9834664147347908,0
43943,0.7731043696510809,0
43944,0.9869920834295322,0
43945,0.9798454869829338,0
43946,0.9426214227384261,0
43947,0.5615231243673399,1
43948,0.9283050337726231,0
43949,0.9907607997962269,0
43950,0.8668891885949194,0
43951,0.9734253394306516,0
43952,0.5900676422738641,1
43953,0.9857094827815788,0
43954,0.991792131662904,0
43955,0.9891453389888651,0
43956,0.8891911238748308,0
43957,0.7152007859407776,1
43958,0.8796580216307779,0
43959,0.9867061848124612,0
43960,0.9066777332391122,0
43961,0.9777095887627206,0
43962,0.9079949743288662,1
43963,0.9374427635567187,0
43964,0.7730414445728089,1
43965,0.9997271009272662,1
43966,0.9222944565876676,0
43967,0.977721379481528,1
43968,0.9999999999597013,1
43969,0.9643533589460392,0
43970,0.9948228745948534,1
43971,0.998125796131754,1
43972,0.9854171153129604,1
43973,0.6694776794385369,0
43974,0.9997840737350936,1
43975,0.8211596823297697,1
43976,0.9683277527498017,0
43977,0.9555538903574929,0
43978,0.9611627239719212,0
43979,0.6988000299302892,1
43980,0.9745239063611338,0
43981,0.9268201315081059,1
43982,0.8372318739919241,0
43983,0.9977339460483043,1
43984,0.9935463003649847,0
43985,0.911662954872907,0
43986,0.8364238114526623,0
43987,0.9756978480327724,1
43988,0.9878433985961201,0
43989,0.9782105834513896,0
43990,0.9002467168409582,0
43991,0.9777139088913755,0
43992,0.8041268246505194,0
43993,0.9928253979074095,0
43994,0.9736343609090354,0
43995,0.8417135630878505,0
43996,0.8975986059448392,0
43997,0.978339868105619,1
43998,0.8108811149177925,0
43999,0.9823499584357436,0
44000,0.9343719194131063,0
44001,0.9454125703334845,0
44002,0.9920002717470765,0
44003,0.9153340816453158,1
44004,0.7760965709981711,0
44005,0.9096307060215509,0
44006,0.9844155618817173,0
44007,0.9834736286270972,0
44008,0.632535657818326,0
44009,0.536260824462298,0
44010,0.9741184935249955,1
44011,0.9788764998316042,0
44012,0.9589316151686834,0
44013,0.9943041976157906,0
44014,0.9999900268871516,1
44015,0.9800070613436971,0
44016,0.9832984571846776,0
44017,0.992199116729982,0
44018,0.815758843153947,0
44019,0.9098780122813499,0
44020,0.9458637347780362,0
44021,0.9817522448410472,1
44022,0.9799281240491169,0
44023,0.999989674633933,1
44024,0.9018463566150007,0
44025,0.9733973029371411,0
44026,0.6005428907432601,0
44027,0.9090885285779639,1
44028,1.0,1
44029,0.950062818115761,0
44030,0.9892996323626665,0
44031,0.7149087186820012,1
44032,0.989850992634925,0
44033,0.9058741662820902,0
44034,0.9838641232486904,0
44035,0.9872748245054309,1
44036,0.9522789271137739,0
44037,0.8192926779196266,0
44038,0.967854085845289,0
44039,0.7861940269462269,1
44040,0.9851616570951579,0
44041,0.9303086531713086,0
44042,0.966604119035295,1
44043,0.8200723249291184,1
44044,0.8913505520007189,0
44045,0.9825859248221902,0
44046,0.6890028352755418,1
44047,0.9999998880241581,1
44048,0.9740247014991168,1
44049,0.9908890995000711,0
44050,0.9888164870285104,0
44051,0.9808845916406466,0
44052,0.977820624187534,0
44053,0.7548727993836601,0
44054,0.9897690540481722,0
44055,0.983311056761347,0
44056,0.5653505436753676,1
44057,0.9906585164368505,0
44058,1.0,1
44059,0.8838438602894391,0
44060,0.9235736442431921,0
44061,0.869428084364431,0
44062,0.9531258254344674,0
44063,0.6745377001667818,1
44064,0.9878633860931649,0
44065,0.9785203543425529,0
44066,0.9531868951016005,0
44067,0.515905155676995,0
44068,0.9773455193723048,0
44069,0.9844295540147784,0
44070,0.9714730185942408,0
44071,0.8132139138760023,0
44072,0.9711201232935655,0
44073,0.878198398503273,1
44074,0.7363449909167629,1
44075,0.9720175085861024,0
44076,0.9892738875940728,0
44077,0.9919206411437669,0
44078,0.9859552235664271,0
44079,0.975125958807412,0
44080,0.9336316100479812,1
44081,0.970678356963633,0
44082,0.9856330827600547,0
44083,0.9942895306229171,0
44084,0.9999907496685837,1
44085,0.893439387392247,0
44086,0.999857988849353,1
44087,0.9580187974076269,0
44088,0.9605958213655823,0
44089,0.9252721822282731,0
44090,0.7539288882414501,1
44091,0.7079002096164209,0
44092,0.9653142113766832,0
44093,0.9174173982298583,0
44094,0.980582194720301,0
44095,1.0,1
44096,0.9828787931758088,0
44097,0.8695631252864189,1
44098,0.9841040528742065,1
44099,0.9868622751077794,0
44100,0.982907706803001,1
44101,0.8018900500243299,0
44102,0.9420344893456708,1
44103,0.9882572804421843,0
44104,0.9978091236221079,1
44105,0.9999988835164142,1
44106,0.9578069376560074,0
44107,0.9836066956118159,0
44108,0.999999999953969,1
44109,0.9484625848837875,0
44110,0.9901089661379575,0
44111,0.970595646600348,0
44112,0.9012384440993846,0
44113,0.9900738870655309,0
44114,0.9920462562725694,0
44115,0.9978444683397784,1
44116,0.9879372474388264,0
44117,0.8725016689695076,0
44118,0.9827883894678271,0
44119,0.9813364819093183,0
44120,0.9903831288925032,0
44121,0.9890002528843025,0
44122,0.9054040261512678,1
44123,0.9763296074821418,0
44124,0.5248913233073156,0
44125,0.9996958591676046,1
44126,0.9881785954602532,0
44127,0.8630105991383474,0
44128,0.9866098469441588,0
44129,0.9182418822055481,0
44130,0.9893886877146607,0
44131,0.8850027715243021,0
44132,0.999700175503156,1
44133,0.9923667761036437,1
44134,0.9771760653168093,0
44135,0.8066967556812681,0
44136,0.9708751869236807,0
44137,0.9812956539695731,0
44138,0.9999999986118226,1
44139,0.9916660037825482,0
44140,0.9302119148152196,0
44141,0.5728811508990178,1
44142,0.9402169435115683,0
44143,0.9913845091491666,0
44144,0.8244706734517834,1
44145,0.997165107849481,1
44146,0.9867893656898816,0
44147,0.9766703307318346,0
44148,1.0,1
44149,0.8406190675593166,1
44150,0.5780948898890926,1
44151,0.9497074269808545,0
44152,0.956752080689524,1
44153,0.9864596109037137,0
44154,0.7170301414330572,1
44155,0.9696545610108811,0
44156,0.9882824542413892,1
44157,0.8426001234847216,0
44158,0.9545725923959352,0
44159,0.9763510951589761,0
44160,0.9443217229793369,0
44161,0.9999994831847785,1
44162,0.9642733910357812,1
44163,0.9999674695026071,1
44164,0.940603382197652,0
44165,0.896548064877143,0
44166,0.9999997896056153,1
44167,0.7592240785293699,0
44168,0.9407998960511846,0
44169,0.6765791323325915,1
44170,0.6415729866655944,1
44171,0.9853061782234842,0
44172,0.9424049886242518,0
44173,0.926899877929918,0
44174,0.9933781535897492,0
44175,0.6207609401450237,1
44176,0.9538725298750517,0
44177,0.8083227561719648,0
44178,0.5528517457385864,0
44179,0.9804664501516099,0
44180,0.9809983524146049,0
44181,0.9837916576073423,0
44182,0.7877855582740637,0
44183,0.8995897430538208,0
44184,0.9999991958177575,1
44185,0.9181074365700125,0
44186,0.9999999908064359,1
44187,0.8013853132024754,0
44188,1.0,1
44189,0.9898550700832377,0
44190,0.9352695957006213,0
44191,0.9999981155337833,1
44192,0.9995052944687381,1
44193,0.9738149984256761,1
44194,0.9789066459742751,1
44195,0.8638027393428321,0
44196,0.9824076444809224,0
44197,0.9927535964985453,0
44198,0.9888613409560773,0
44199,0.6631401321583335,1
44200,0.6447840566295489,1
44201,0.7258238965655691,0
44202,0.5018508889418888,0
44203,0.9999993303526701,1
44204,0.9996592248712823,1
44205,0.985477531544386,0
44206,0.9155071965320414,0
44207,0.9772375056210526,0
44208,0.9680439469658263,1
44209,0.9802152630536134,0
44210,0.9697083745672064,0
44211,0.5484866253220045,0
44212,0.9922351873911036,0
44213,0.8802523933102545,1
44214,0.8809411871295906,1
44215,0.9681497878731884,0
44216,0.98318661816649,1
44217,0.9777848439117921,0
44218,0.9407594451820651,0
44219,0.9999857552023453,1
44220,0.9480646238580814,0
44221,0.9415408839070522,0
44222,0.980531357435679,0
44223,0.607210590466997,0
44224,0.7380413598508625,0
44225,0.9999992831083601,1
44226,0.991746602551711,0
44227,1.0,1
44228,0.9995192222067983,1
44229,0.6508708400479492,1
44230,0.795824880320263,0
44231,0.579328270587264,0
44232,0.9838516764967526,0
44233,0.6554188131754595,0
44234,0.9896782422250435,0
44235,0.6329714553251021,0
44236,0.7934394923981698,0
44237,0.840876666382022,0
44238,0.9853118776505355,0
44239,0.6844156509888734,0
44240,0.7431920052899441,0
44241,0.8182495470623771,0
44242,0.9085298589752022,0
44243,0.9999914267029598,1
44244,0.9703978151843798,1
44245,0.97388141611891,0
44246,0.9233174650928697,0
44247,0.9928128202084625,1
44248,0.9918691492060545,1
44249,0.7674034005797927,0
44250,0.9871618025270502,0
44251,1.0,1
44252,0.7092745898002907,0
44253,0.9553768010986136,1
44254,0.9787960194714566,0
44255,0.9799400411157947,0
44256,0.9862094406388369,0
44257,0.9589659107963046,0
44258,0.6613751821005993,0
44259,0.939694318661929,1
44260,0.9309889724583236,0
44261,0.975339985386709,0
44262,0.9962852767362533,1
44263,0.9972314861971843,1
44264,0.7907903006144072,0
44265,0.9708014803753358,1
44266,0.9620984737697259,0
44267,0.8807918100232501,0
44268,0.999998362668097,1
44269,0.979880064233846,0
44270,0.9056975661430117,0
44271,0.6084773882921506,0
44272,0.8904938685732314,0
44273,0.7457181031547748,1
44274,0.9999999999999991,1
44275,0.9884337833759438,0
44276,0.9174356032098853,0
44277,0.7980369760015454,1
44278,0.7114166691218727,1
44279,0.9747600830297802,0
44280,0.957988645103016,0
44281,0.9854501002786472,0
44282,0.5133616317768384,1
44283,0.9137708496891441,0
44284,0.7416097960586483,1
44285,1.0,1
44286,0.9904374478256281,0
44287,0.9993944128844777,1
44288,0.966660157295919,0
44289,0.911175019054104,0
44290,0.9900429242675773,0
44291,0.9537921920214769,0
44292,0.990312856538268,1
44293,0.9911005169326244,0
44294,0.9680139933645803,0
44295,0.6606903047742001,1
44296,0.9999999999982228,1
44297,0.9999999999999905,1
44298,0.9456492416438983,0
44299,0.9967596655392658,1
44300,0.9096615840236917,1
44301,0.9600870843284737,0
44302,0.8603594546015683,1
44303,0.9923929987742511,0
44304,0.9533632297890438,0
44305,0.9965376995827568,1
44306,0.7294766724261486,0
44307,0.9697486240604314,0
44308,0.6908512710792601,0
44309,0.9832073272412807,0
44310,0.999999674452014,1
44311,0.8595944838348918,0
44312,0.5624411204531385,0
44313,0.9802196001241534,0
44314,0.9888133032274715,0
44315,0.9999836100311339,1
44316,0.7629689512448423,1
44317,0.9395554438348915,0
44318,0.9875766153088366,0
44319,0.9878382603121494,0
44320,0.9851212856104999,0
44321,0.5112637341183867,1
44322,0.9934334219389677,1
44323,0.9805127110971921,0
44324,0.9999999998338103,1
44325,0.7292905146585322,0
44326,0.9703170858293566,0
44327,0.9907951633851568,0
44328,0.9999989359379303,1
44329,0.9805969115491144,0
44330,0.9869749653390657,0
44331,0.9365621335387618,0
44332,0.8875944019105189,0
44333,0.7597877403753466,0
44334,0.6019416639619332,0
44335,0.9802569089806888,0
44336,0.9999290285976605,1
44337,0.9664220551837485,0
44338,0.9722521125835731,0
44339,0.9994896887489276,1
44340,0.5615743165944078,0
44341,0.9907570804228086,0
44342,0.9331399392321841,0
44343,0.9746389524540101,1
44344,0.970778834468694,1
44345,0.9607469735634847,0
44346,0.9308777390302777,0
44347,0.9999505025868016,1
44348,0.9870099550946058,0
44349,0.9603296822018715,0
44350,0.8871129523304172,0
44351,0.9056975661430117,0
44352,0.968507748478935,0
44353,0.7137039483404231,0
44354,0.9613103476687503,0
44355,0.9496466365150753,1
44356,0.7925617650744121,1
44357,0.9559648026749017,0
44358,0.9703382382150673,0
44359,0.7860674277365175,0
44360,0.9235658553146595,0
44361,0.9938109618660592,0
44362,0.9582616298609101,0
44363,0.8730705442506789,0
44364,0.8341912607552523,0
44365,0.6998999962180484,0
44366,0.9841999967794292,0
44367,0.9073262087645841,0
44368,0.9768715099807788,0
44369,0.9887540936765141,0
44370,0.984834744988525,0
44371,0.9605475286153242,0
44372,0.5426970895586433,1
44373,0.8028092232767563,0
44374,0.9702631796032309,0
44375,0.9916638258677467,0
44376,0.9200240964548372,0
44377,0.969165796089156,0
44378,0.9727841453240315,0
44379,0.9350724674861149,0
44380,0.9871604338125624,0
44381,0.6889415258730458,0
44382,0.9999988815897576,1
44383,0.9819597423838524,1
44384,0.987656079499204,0
44385,0.8633382997790583,0
44386,0.9924938003077597,1
44387,0.9850480618488209,0
44388,0.7307009857296995,0
44389,0.8039348842488367,0
44390,0.6393304684867337,1
44391,0.9633592272999618,0
44392,0.5862180769377507,1
44393,0.9557822183443435,1
44394,0.8339053021690749,0
44395,0.949682247277464,0
44396,0.991593384965035,0
44397,0.9695462592261731,0
44398,0.9921132936677209,0
44399,0.9875697434656457,0
44400,0.8258096063856075,0
44401,0.9999999968321323,1
44402,0.9999999999999996,1
44403,0.8908895905678763,1
44404,0.8698085962207142,0
44405,0.9917966332212946,0
44406,1.0,1
44407,0.9999551617020406,1
44408,0.6640220426909141,0
44409,0.9669869446452257,0
44410,0.9999999999999929,1
44411,0.9889242595046234,0
44412,0.9288913211304745,0
44413,0.691424670572209,0
44414,0.8248100931857818,1
44415,0.9880404825397353,0
44416,0.8760883598461873,0
44417,0.9999688511500948,1
44418,0.9037352441658002,0
44419,0.6398959121737235,0
44420,0.9811635338167436,0
44421,0.9942947644674873,1
44422,0.9673756311955031,1
44423,0.9996707341594577,1
44424,0.9435839714023497,0
44425,0.9645865392536211,0
44426,0.9996604586959318,1
44427,0.9128392604811676,0
44428,0.9857822755563181,0
44429,0.9765605562063923,0
44430,0.9965900421447832,1
44431,0.9091802848110114,0
44432,0.9153437021378376,0
44433,0.7361986164103587,0
44434,0.9846540115860448,0
44435,0.7957852115357923,1
44436,0.986420512940524,0
44437,0.9997739713030918,1
44438,0.8316270502415699,0
44439,0.9922201275377749,0
44440,0.9999999999999973,1
44441,0.9115269813751748,0
44442,0.9614803935600041,0
44443,0.9658131383220481,0
44444,0.5631963537599717,0
44445,0.9020244007536194,0
44446,0.9897512954213659,0
44447,0.9368397522107984,0
44448,0.9899226855003105,0
44449,0.9612511682879551,0
44450,0.9999999999751565,1
44451,0.9497523770656263,0
44452,0.7754501044805203,0
44453,0.9883770118007562,0
44454,0.9861135669855675,0
44455,0.7648862546081426,0
44456,0.9834433847879787,1
44457,0.9722810629398546,0
44458,0.9874725926585701,0
44459,0.9998907039576128,1
44460,0.9734402450516252,0
44461,0.979901428889102,0
44462,0.9678918932414646,0
44463,0.9803756166344765,0
44464,0.9831780915577891,0
44465,0.9939455837660757,1
44466,0.5315400915720221,0
44467,0.9830092232422121,0
44468,0.9975200270453527,1
44469,0.9747283224587017,0
44470,0.9999995293698845,1
44471,0.8613912116521832,1
44472,0.9994964976255678,1
44473,0.5383837689087908,0
44474,0.9687838155915939,1
44475,0.7638777696010027,1
44476,0.5213265575736973,0
44477,0.9855407011347167,0
44478,0.9820066040932486,0
44479,0.7243085937010698,0
44480,0.9414031502274071,0
44481,0.9922562838454287,0
44482,0.9468819697207065,0
44483,0.9663026452330296,0
44484,0.8815169193039625,1
44485,0.9670975553897334,0
44486,0.9360953953133866,1
44487,0.6395757349170323,1
44488,0.9928341386580021,0
44489,0.5195930500396031,1
44490,0.9929585634179792,0
44491,0.5461202568230361,0
44492,0.9343087841165197,0
44493,0.650871254278369,1
44494,0.9975525902529065,1
44495,0.7407068269514673,0
44496,0.9094373539144901,0
44497,0.9957779429571848,1
44498,0.9607482316784867,0
44499,0.7944214444004108,0
44500,0.9434158921668107,0
44501,0.9999999818387338,1
44502,0.9134626395172979,0
44503,0.9999945629543961,1
44504,0.8392350170211079,0
44505,0.8326784959714321,0
44506,0.6546399436373734,1
44507,0.9999992249118943,1
44508,0.6430827582214382,1
44509,0.9847111801226195,0
44510,0.9789895938422428,0
44511,0.9999760201756873,1
44512,0.9382760641666239,0
44513,0.96620695475167,0
44514,0.9277835107053125,1
44515,0.9928107241312537,0
44516,0.992785583809639,0
44517,0.9010872594616334,0
44518,0.8995576136510446,0
44519,0.9116492928873895,0
44520,0.5484163731143645,0
44521,0.9994545706392876,1
44522,0.9681840560963924,0
44523,0.9608225329762208,0
44524,0.963468771337435,0
44525,0.8904774107151714,1
44526,0.6605233177453682,0
44527,0.771382944928954,1
44528,0.6462794905267577,1
44529,0.9585351628528384,0
44530,0.9417804497189388,0
44531,0.746704936194881,0
44532,0.9991413876025713,1
44533,0.9683212701751054,0
44534,0.9051645898006391,0
44535,0.9080587145501587,0
44536,0.9999564323468998,1
44537,0.656053321707696,0
44538,0.9597493116429097,0
44539,0.9800523724275066,0
44540,0.9150967945497938,0
44541,0.9304304578505006,0
44542,0.9591725662250613,0
44543,0.9323591596355194,0
44544,0.9983967481947872,1
44545,0.9893816408990069,0
44546,0.9477405800917905,0
44547,0.9904608266523165,0
44548,0.9786413131571213,0
44549,0.9894149815218923,0
44550,0.8748034231217945,0
44551,0.7889536816082527,1
44552,0.9900895740285293,0
44553,0.9431281294694372,0
44554,0.5884229868337696,0
44555,0.9999999999990998,1
44556,0.8264909300233103,0
44557,0.9838984618051927,0
44558,0.9925877361004304,0
44559,0.9999999999990106,1
44560,0.958398175804427,0
44561,0.9999999999906135,1
44562,0.8476503524035083,0
44563,0.7119072247715372,0
44564,0.666124060067191,0
44565,0.9830118088604336,0
44566,0.9242958383984364,1
44567,0.8456535401978821,0
44568,0.7321730100018451,0
44569,0.8897928774642384,0
44570,0.9895403525929767,0
44571,0.9999999980871319,1
44572,0.8673573676545372,0
44573,0.9373231582268718,0
44574,0.9999547357309262,1
44575,0.550864293653147,0
44576,0.9104190728948526,0
44577,0.6510164323817058,0
44578,0.8714234116085826,1
44579,0.9826526951776303,0
44580,0.9700890487472918,0
44581,0.6759686375913299,1
44582,0.8556557910651904,0
44583,0.9899374863913719,0
44584,0.9890028339533067,0
44585,0.8361365567790799,0
44586,0.8967852216396667,0
44587,0.9999999918477062,1
44588,0.9834131078102015,0
44589,0.824325876505518,0
44590,0.6583840015771574,1
44591,0.9848218611819464,0
44592,0.8640670599106841,1
44593,0.9879369485348074,0
44594,0.9224216581412086,0
44595,0.9678131712119102,0
44596,0.7897193423666097,0
44597,0.9991132777142561,1
44598,0.8629532647006071,1
44599,0.9256465076559047,1
44600,0.9809673898494533,0
44601,0.9658437210521529,0
44602,0.9638010459896941,0
44603,0.9897428773902869,0
44604,1.0,1
44605,0.9846328325343201,0
44606,0.9972857764199616,1
44607,0.6026744473189788,1
44608,0.9998879987022815,1
44609,0.9865452958031345,1
44610,0.7763064989006773,0
44611,0.8585086273519589,1
44612,0.9885794319161375,0
44613,0.9878043567783547,0
44614,0.8500856126908843,0
44615,0.9833792807278727,0
44616,0.9768108622159349,0
44617,0.7267723837452303,0
44618,0.8820153606137409,0
44619,0.991792131662904,0
44620,0.9908160161714332,0
44621,0.7664221160792977,0
44622,0.9730803031254733,1
44623,0.9421826306721982,0
44624,0.9889491376822872,0
44625,0.9775615553411757,0
44626,0.6970570234927578,0
44627,0.992204429306046,0
44628,0.978748306588043,1
44629,0.9746099078602283,0
44630,1.0,1
44631,0.9999999999999991,1
44632,0.7141211910300578,0
44633,0.7739974260939091,0
44634,0.9923833306183149,0
44635,0.8407280121038633,0
44636,0.8420424216595586,1
44637,0.9172719202572319,0
44638,0.8941746629695445,0
44639,0.7222757141149182,0
44640,0.5875425513080738,0
44641,0.988801778907215,0
44642,0.983992734039909,0
44643,0.7588600804199431,0
44644,0.9931096544387515,0
44645,0.9367979009836538,0
44646,0.9999999997545697,1
44647,0.7076598027284966,0
44648,0.8551954480406918,0
44649,0.9736110628110413,0
44650,0.5956498221534021,1
44651,0.9998389737932352,1
44652,0.9067839138095514,1
44653,0.7037620443255006,0
44654,0.794628437039509,1
44655,0.6030278993511424,0
44656,0.6136504048652827,0
44657,0.9050070228777172,0
44658,0.9730865535169587,0
44659,0.9881478424238274,0
44660,0.9450414348713501,0
44661,0.7912302989085191,0
44662,0.7409606257217728,1
44663,0.9882012616089313,0
44664,0.7603150839496154,1
44665,0.9760632636829397,0
44666,0.5509701850575255,1
44667,0.8655843410520847,0
44668,0.9176073409948382,0
44669,0.5952828072170435,0
44670,0.9999999894162369,1
44671,0.8978739501228619,0
44672,0.8936658156226761,0
44673,0.9602631609681631,0
44674,0.982054002583686,0
44675,0.6626355419209152,0
44676,0.9999999921398333,1
44677,0.9653549823955403,1
44678,0.914792828165368,1
44679,0.9648104104391642,0
44680,0.5866492378300441,1
44681,0.9705079977514747,0
44682,0.9400552576295591,0
44683,0.9525828692830764,0
44684,0.9893883879979811,0
44685,0.7815840253494539,0
44686,0.6874735899204639,1
44687,0.9999999999999989,1
44688,0.9999975964242955,1
44689,0.7908684549386791,0
44690,0.6998197166406189,0
44691,0.9422315397441797,0
44692,0.9680207784089815,0
44693,0.9999243982171994,1
44694,0.9861748841924479,0
44695,0.9420201011106952,0
44696,0.579357656795192,1
44697,0.999983864989407,1
44698,0.7321274554568094,0
44699,0.8772353644661649,0
44700,0.9892086919104802,0
44701,0.9999999793023637,1
44702,0.9407253130576553,0
44703,0.879174055623036,0
44704,0.9370687497885023,1
44705,0.7139741210567517,0
44706,0.9372521878743408,0
44707,0.9896906354561755,0
44708,0.9028384869387843,0
44709,0.9096903761365284,0
44710,0.9925473255986628,0
44711,0.9998124828284044,1
44712,0.9768196509333458,0
44713,0.8160097564992933,0
44714,0.8289176810986443,0
44715,0.9999714061240282,1
44716,0.9497861102007086,0
44717,0.95459920903671,1
44718,0.9982163054883473,1
44719,0.9978310188581151,1
44720,0.9937795631270179,0
44721,0.9143228391726456,0
44722,0.8109202705689244,0
44723,0.9811810914423076,0
44724,0.9879287757064417,0
44725,0.8961527890257409,1
44726,0.911634986995305,1
44727,0.9796788663913261,0
44728,0.9881283146655295,0
44729,0.9347888514126529,1
44730,0.9773020785288398,0
44731,0.7232510978508411,0
44732,0.8787915985229863,0
44733,0.9865711018162465,0
44734,0.9215055846710661,0
44735,0.6680001653888663,1
44736,0.9999999999999787,1
44737,0.9705123329018907,0
44738,0.9999999979411169,1
44739,0.7938954639973523,1
44740,0.5802285255347487,0
44741,0.9924708138234976,1
44742,0.9763853700350928,0
44743,0.6344568295631532,0
44744,0.953545065897911,0
44745,0.9362404105974957,0
44746,0.6995300490697419,1
44747,0.9805071394277801,0
44748,0.6705285006239764,0
44749,0.9574546464762879,0
44750,0.9882770085848105,0
44751,0.9684437739339928,0
44752,0.9143887513073166,0
44753,0.7461633371490582,0
44754,0.7955215051697604,1
44755,0.6811977418490086,1
44756,0.9645401114939222,0
44757,0.6253579476921821,0
44758,0.9060822052346262,1
44759,0.7171401145205565,1
44760,0.9354393652463504,0
44761,0.9392079157243177,0
44762,0.8163199032477204,0
44763,0.985691573794517,0
44764,0.82492954641471,1
44765,0.5114561492032171,1
44766,0.9531305583842115,0
44767,0.9504266975768283,0
44768,0.9324594279877978,0
44769,0.9862001658617013,0
44770,0.6513957007666521,1
44771,0.7020853331355854,1
44772,0.6771983729495259,0
44773,0.9597370001016091,0
44774,0.5098926577321105,1
44775,0.7222688145923177,0
44776,0.9763409828965559,0
44777,0.9066870857256178,0
44778,0.8625778061291026,0
44779,0.9696739881189175,1
44780,0.9466630523295813,0
44781,0.9999999999999956,1
44782,0.9560537332599731,0
44783,0.9043468808819477,0
44784,0.9714217265710641,0
44785,0.5908660843089416,0
44786,0.9875826382398378,0
44787,0.7418230015807968,1
44788,0.9896853688227086,0
44789,0.9890850336661425,0
44790,0.9999999999999867,1
44791,1.0,1
44792,0.9778075172962242,0
44793,0.9202011125264069,0
44794,0.9891924024286464,0
44795,0.9467970165307896,0
44796,0.6953368505327164,1
44797,0.9442326916030067,0
44798,0.9783161431625095,0
44799,0.999802574306978,1
44800,0.9682896435401583,0
44801,0.9810461623095921,0
44802,0.9931374359846821,0
44803,0.9850343108824242,0
44804,0.9999999999986713,1
44805,0.9951092642292921,1
44806,0.8566643997218162,0
44807,0.8301956267328575,0
44808,0.8666295483196687,1
44809,0.9817135486412332,0
44810,0.9902824277977779,0
44811,0.760681087973095,0
44812,0.9743437089434441,0
44813,0.9879186088497115,0
44814,0.602862905076772,1
44815,0.9949720963664619,0
44816,0.9601492776144238,1
44817,0.9921846565228843,0
44818,0.6532638485053245,0
44819,0.9717694495560326,0
44820,0.8048644255464207,0
44821,0.8363222682578129,0
44822,0.6400187830328856,1
44823,0.9839631850502581,0
44824,0.8854217840929225,0
44825,0.8918204338041071,0
44826,0.9999999990668347,1
44827,0.9803166780382034,0
44828,0.9522990816808421,0
44829,0.5386272608443623,0
44830,0.8918258453746044,0
44831,0.9271035360906219,0
44832,0.9914341336413806,1
44833,0.9603679674196902,0
44834,0.6991210037475108,0
44835,1.0,1
44836,0.9689770424250348,0
44837,0.9914015610615019,0
44838,0.9922201275377749,0
44839,0.508069435530369,1
44840,0.9808597496183841,0
44841,0.9854928776482924,0
44842,0.9999650899736998,1
44843,0.9510725786909091,0
44844,0.9412528613510934,0
44845,0.8892020140294036,0
44846,0.9892266447638018,0
44847,0.612931125702341,0
44848,0.9960681995934754,1
44849,0.9999812901871353,1
44850,0.6424798243436746,0
44851,0.8434927914378737,1
44852,0.5534563635400388,0
44853,0.9030523052594135,0
44854,0.9613735961498072,0
44855,0.9942895306229171,0
44856,0.9802668614735348,0
44857,0.8758749801469333,1
44858,0.9606949475753127,1
44859,0.7876270042330615,0
44860,0.5921294653985605,1
44861,0.9923833306183149,0
44862,0.7832651103464511,0
44863,0.7918658318076242,0
44864,0.9999988583122044,1
44865,0.8338775209419217,0
44866,0.9908850309978668,0
44867,0.922745048113496,0
44868,0.6622491996973179,1
44869,0.9721467608442388,0
44870,0.9893465387852259,0
44871,0.9533858353054179,0
44872,0.5856254847753678,1
44873,0.9497394594646269,0
44874,0.99319651984426,0
44875,0.6071743692334823,0
44876,0.9851922553491071,0
44877,0.9885599570554906,0
44878,0.928231194669754,0
44879,0.9171299903190318,0
44880,0.909427875000635,1
44881,0.9580463734208038,0
44882,0.8618241920446013,0
44883,0.9993577470435377,1
44884,0.9999999995986335,1
44885,0.9999999999978311,1
44886,0.9094770122004616,0
44887,0.8713941146706904,1
44888,0.8664978179786885,0
44889,0.9819244718647199,0
44890,0.9999999999599498,1
44891,0.9103612316944498,0
44892,0.9976084478923345,1
44893,0.9997164797772166,1
44894,0.848421633535074,0
44895,0.8456657129169405,0
44896,0.9777796010221201,0
44897,0.9999999999999107,1
44898,0.7936985665528619,0
44899,1.0,1
44900,0.677156350526068,1
44901,0.9846990130225575,0
44902,0.6659747740110415,1
44903,0.9801678207016308,0
44904,0.9903428754023577,0
44905,0.71846931235458,1
44906,0.6486889283319477,1
44907,0.9999931785987204,1
44908,0.9782338698634352,0
44909,0.7619346422762744,0
44910,0.7977491810856984,1
44911,0.9824848741488609,0
44912,0.6253906761027892,0
44913,0.9950814042296435,1
44914,0.9177876953614962,0
44915,0.7854051094636362,0
44916,0.9029558882654566,0
44917,0.9477922013294834,1
44918,0.5269161859685213,1
44919,0.9502872094302873,0
44920,0.9791086048915238,0
44921,0.9862649098218934,0
44922,0.9239306864267182,0
44923,0.9877595769419875,0
44924,0.6650476530886469,1
44925,0.9999999568909829,1
44926,0.9999958236426065,1
44927,0.9804494298792108,0
44928,0.9553145127913322,0
44929,0.9791672276404791,0
44930,0.9901872538703393,0
44931,0.9510246873930538,0
44932,0.9745425764065243,0
44933,0.9802896038889607,0
44934,0.989572586298105,0
44935,0.9252312399619361,0
44936,0.9311403319909991,0
44937,0.9878375655563775,1
44938,0.9789317098607813,0
44939,0.9999999999945581,1
44940,0.9018202997280153,0
44941,0.9777063994477094,0
44942,0.9884103421654563,0
44943,0.7926719815455459,0
44944,0.9055450528942821,0
44945,0.9069566320673411,0
44946,0.9895356248462363,0
44947,0.9368505559557507,1
44948,0.9126800284053801,0
44949,0.9434645439716047,0
44950,0.9924714594898253,1
44951,0.9545931748126353,0
44952,0.8802701635056405,1
44953,0.9574769436417832,0
44954,0.5128110174843814,0
44955,0.9567192643715011,0
44956,0.9919206411437669,0
44957,0.9396982883214477,0
44958,0.9691912460125106,0
44959,0.9286227786640319,0
44960,0.9998476152450186,1
44961,0.6935626577305667,0
44962,0.9999999999606981,1
44963,0.8148343493812791,0
44964,0.9914015610615019,0
44965,0.9607053862594447,0
44966,0.7205273727761189,0
44967,0.9999999751618651,1
44968,0.6594323201588616,1
44969,0.6586282410980101,0
44970,0.7584127455716492,1
44971,0.9990458017481249,1
44972,0.919236056630724,0
44973,0.9411128534773144,0
44974,0.6143255410647747,1
44975,0.9794777673284558,0
44976,0.9850177826412647,0
44977,0.6349534815826711,1
44978,0.9462037138735466,0
44979,0.8310202319998339,1
44980,0.6242115055554166,1
44981,0.9273753967878093,0
44982,0.9746293597758472,0
44983,0.8083458055612868,0
44984,0.9000201517936668,1
44985,0.9857817525211425,0
44986,0.5290080325287259,1
44987,0.9433667387273984,1
44988,0.9615271210753679,1
44989,0.9888352694651491,0
44990,0.9999999999999996,1
44991,0.8374939318760287,1
44992,0.9896424596456708,0
44993,0.5727151498786353,0
44994,0.999659119677919,1
44995,0.9736426832036633,0
44996,0.6463748906712619,1
44997,0.9729565643601991,0
44998,0.9104089688142063,1
44999,0.9809342480186459,0
45000,0.9960517377831772,1
45001,0.8464160556544539,0
45002,0.9790106945906533,1
45003,0.9999999999998259,1
45004,0.9358929905385127,0
45005,0.9594277695825753,0
45006,0.9793277497474189,0
45007,0.9916415381940318,0
45008,0.9185524564237794,0
45009,0.9719838195778406,1
45010,0.9899316450938969,0
45011,0.9905501035775507,0
45012,0.9945138176960275,1
45013,0.8029753926737424,0
45014,0.9999218954595777,1
45015,0.9183832595761949,1
45016,1.0,1
45017,0.9813028746926257,0
45018,0.9999479476562837,1
45019,0.9863869997933239,0
45020,0.94478593610147,1
45021,0.9576912521669657,0
45022,0.5472513029792206,0
45023,0.9035490490996864,0
45024,0.977613989172748,0
45025,0.987679415394694,0
45026,0.9886257149286853,0
45027,0.8038271286375145,0
45028,0.9963755360759383,1
45029,0.7455218688799784,1
45030,0.9276503789241022,0
45031,0.9890926137801885,0
45032,0.7424244019096367,1
45033,0.863548004265456,0
45034,0.9760387628368516,0
45035,0.859738991418988,1
45036,0.7730284528853643,0
45037,0.8792484718035897,0
45038,0.7638557960996346,0
45039,0.9976359875692286,1
45040,0.9749899175455288,1
45041,0.8504613474335454,0
45042,0.973280700393965,1
45043,0.9666014604625132,0
45044,0.9992388094866396,1
45045,0.85296381853055,0
45046,0.9520494304814476,0
45047,0.9924356961156655,0
45048,0.985220682382004,0
45049,0.9253908248654891,0
45050,0.9999999999650795,1
45051,0.8940782954504181,0
45052,0.9856262320957923,0
45053,0.9793516699641754,0
45054,0.9722466578319975,0
45055,0.999985535222049,1
45056,0.7801922916267606,1
45057,0.9205634544559739,0
45058,0.8201045751136744,0
45059,0.5795497961203958,1
45060,0.9614420830393842,0
45061,0.9764460443123474,0
45062,1.0,1
45063,0.5769560410624397,0
45064,0.8655041578270678,0
45065,0.9019108735018069,0
45066,0.8532183126872862,0
45067,0.9009875874996502,0
45068,0.5389135434802175,1
45069,0.8256690817456139,0
45070,0.5322590673088067,0
45071,0.5858449379931596,0
45072,0.9538225497551844,0
45073,0.7111466285639956,1
45074,0.9979409136889908,1
45075,0.9728769147015992,0
45076,0.8658422257210898,1
45077,0.9999999999731322,1
45078,0.6132912208178932,0
45079,0.9788815050680789,0
45080,0.9887488085598567,0
45081,0.7917451190031914,0
45082,0.7270455512101985,1
45083,0.895497391437046,1
45084,0.7926844323349561,0
45085,0.9757978456252016,0
45086,0.8948665508467729,0
45087,0.9976980114005645,1
45088,0.9757749438883381,1
45089,0.999773922180605,1
45090,0.9861671932117304,0
45091,0.8699924855535863,0
45092,0.9676936131005878,0
45093,0.9142543520955632,1
45094,0.5144504434598322,1
45095,0.9999999999946754,1
45096,0.7805984501331811,1
45097,0.9934740301629762,1
45098,0.9981888133486267,1
45099,0.5866227601183536,0
45100,0.9899287658474432,0
45101,0.9871735233109556,0
45102,0.5928305440934495,0
45103,0.9999569866332257,1
45104,0.5514170681752972,1
45105,0.8637857596471772,0
45106,0.9999942076925817,1
45107,0.774244751767599,0
45108,0.9995201934419522,1
45109,0.8764868203065399,0
45110,0.7806625230590126,0
45111,0.9853222567592733,0
45112,0.9902555736254439,0
45113,0.9999150683186779,1
45114,0.9923046187397696,0
45115,0.8860694565180103,0
45116,0.6810222414218745,1
45117,0.9913099145024351,0
45118,0.9209750373170454,0
45119,0.9350159201481892,0
45120,0.8100958953421372,1
45121,0.9901612856596345,0
45122,0.9849387309078965,0
45123,0.8132767486144834,0
45124,0.9803383291950405,0
45125,0.9999999844740176,1
45126,0.9339484083481929,1
45127,0.5909467902004081,1
45128,0.9577400197505818,0
45129,0.9412545229457283,0
45130,0.996874356600458,1
45131,0.5770351658407098,0
45132,0.9893794614466633,0
45133,0.9298434633540203,1
45134,0.9748249859188503,0
45135,0.5033700306946582,1
45136,0.9916369015717629,0
45137,0.9738799364912569,1
45138,0.9999717889234423,1
45139,0.93843738160297,0
45140,0.8897243399641231,0
45141,0.9064790532776159,0
45142,0.750581566705597,1
45143,0.9999989472357881,1
45144,0.97618702047128,1
45145,0.9955232293115291,0
45146,0.9643745235443838,0
45147,0.8792962759570327,1
45148,0.9875696304099604,0
45149,0.7034681825062962,1
45150,0.9449562195415642,0
45151,0.9999988224517452,1
45152,0.9811511526075982,0
45153,0.9667286378106835,0
45154,0.801030767911298,0
45155,0.962544527362891,0
45156,0.9893794614466633,0
45157,0.9525008264075887,0
45158,0.9888350176850763,0
45159,0.6040490567230714,0
45160,0.9149962287816037,1
45161,0.9999989721696025,1
45162,0.9919295377424311,0
45163,0.971177012920874,0
45164,0.9998887599917894,1
45165,0.9590424488138696,0
45166,0.584648754365308,1
45167,0.9544856777330564,0
45168,0.913624446611157,0
45169,0.952908091572656,0
45170,0.9973466292594994,1
45171,0.8702499813175525,1
45172,0.9910543582203214,0
45173,0.9321105597969274,0
45174,0.5156993067430212,0
45175,0.9847872372131137,0
45176,0.9877551982261158,1
45177,0.9348965702687863,0
45178,0.6665279073122012,0
45179,0.9183196823841973,0
45180,0.9705021971803092,0
45181,0.9956189394808178,1
45182,0.5761324086338723,1
45183,0.9993439878223657,1
45184,0.9867161105422042,0
45185,0.7649141194343181,0
45186,0.9887172024945711,1
45187,0.9735819865872016,0
45188,0.9406111738422459,1
45189,0.8185866534977642,1
45190,0.805406713123738,1
45191,0.9497854844434381,0
45192,0.7249826203625868,1
45193,0.7846969570695871,0
45194,0.9833280051420422,1
45195,0.959794222937821,1
45196,0.9813838641507364,1
45197,0.6463692937012228,1
45198,0.785595858901175,0
45199,0.972420636222649,0
45200,0.9920931471897633,0
45201,0.9710274043665929,0
45202,0.5866583371034012,0
45203,0.5287604453578687,0
45204,0.9901843488730525,0
45205,0.9994560914111649,1
45206,0.9720299738489342,0
45207,0.8728031804423836,0
45208,0.9375658439554974,0
45209,0.9987772585138349,1
45210,0.9984330427568725,1
45211,0.6633984721820538,0
45212,0.9579159812432422,0
45213,0.9832244657649049,1
45214,0.8760752920234082,0
45215,0.9883817586299697,1
45216,0.9414872387973652,1
45217,0.916577413533171,0
45218,0.9428645645579491,1
45219,0.9824595239890613,1
45220,0.6829357533956476,0
45221,0.9885794319161375,0
45222,0.983604231613782,0
45223,0.9388697942721549,0
45224,0.9786660005076219,0
45225,0.9999714599766452,1
45226,0.9223672655223358,0
45227,0.9911549443357054,0
45228,0.9857344553033127,0
45229,0.7336130327465246,0
45230,0.8284574466081823,1
45231,0.9813410828902774,0
45232,0.9832318015178558,1
45233,0.999999999983328,1
45234,0.8102687803270296,0
45235,0.9862064372323641,0
45236,0.9920557654941972,0
45237,0.9225306955302092,0
45238,0.9567222513155437,0
45239,0.9348413709730061,0
45240,0.8883863135034208,0
45241,0.967918961557921,0
45242,0.8962110194186362,1
45243,0.9808034615671825,0
45244,0.8655320114988873,0
45245,0.999999989527561,1
45246,0.9743321851530738,0
45247,0.9884575865339658,0
45248,0.9876259275110175,0
45249,0.9435286480410442,1
45250,0.9039196135282972,1
45251,0.9810658045101844,1
45252,0.9476285508709082,0
45253,0.8244078550699873,1
45254,0.9996728127027806,1
45255,0.9925195795143436,0
45256,0.8382208408245182,0
45257,0.9845700230636495,0
45258,0.9455742939411866,0
45259,0.9851773880639596,1
45260,0.6519510142246854,1
45261,0.9860441388802624,0
45262,0.5886960582265286,0
45263,0.8887291922159862,0
45264,0.9993102033510728,1
45265,0.7602309369170129,1
45266,0.9423646742592663,0
45267,0.7627250658105376,0
45268,0.9885873985173007,0
45269,0.8982504640292107,0
45270,0.8965053349559924,1
45271,0.9401276793301062,0
45272,1.0,1
45273,0.9862395923547654,0
45274,0.9890164454195335,0
45275,0.9854456832882296,0
45276,0.6959498360736699,1
45277,0.7464918855206758,0
45278,0.9714830724463284,0
45279,0.9175675199927971,0
45280,0.8154873585221356,0
45281,0.9994589860992876,1
45282,0.9500766833131504,0
45283,0.9980580988526664,1
45284,0.9768365524552755,0
45285,0.9982935919206885,1
45286,0.83581708606318,0
45287,0.9989948806199499,1
45288,0.9808919392460786,0
45289,0.8846839735883608,0
45290,0.9978830669064753,1
45291,0.9857728667928347,0
45292,0.932008422687009,0
45293,0.9445334678260086,0
45294,0.9999805188701073,1
45295,0.999999999981477,1
45296,0.9287159068831375,0
45297,0.804084910385596,1
45298,0.9454424250587082,1
45299,0.9502649385954722,0
45300,0.9768422593660738,0
45301,0.725876783748736,0
45302,0.7349534026423543,1
45303,0.9809668167775442,0
45304,0.6109429385840641,1
45305,0.9706073959428838,0
45306,0.8953620956561296,1
45307,0.9848971933753498,0
45308,0.971580025312893,0
45309,0.9760166953331524,0
45310,0.8688140440006876,1
45311,0.9392120792074805,0
45312,1.0,1
45313,0.8872358127784343,0
45314,0.9922562838454287,0
45315,0.8222283602001584,0
45316,0.9999999999998432,1
45317,0.8426920077379435,0
45318,0.9931819229647654,1
45319,0.7181015529805982,1
45320,0.9835996988359392,1
45321,0.8837225770225434,0
45322,0.9509001767693173,0
45323,0.55545753313905,0
45324,0.9570060810786846,0
45325,0.9910942345161893,0
45326,0.9913494692079772,0
45327,0.8443099710508608,0
45328,0.9685164601290098,0
45329,0.8833097165503749,1
45330,0.9977187292232524,1
45331,0.8887238683460661,0
45332,0.9510310782531406,0
45333,0.6373920880920073,0
45334,0.9237758617132228,0
45335,0.9835527103560694,1
45336,0.8397061800235951,1
45337,0.9221905995249738,1
45338,0.9875502705307528,0
45339,0.8893028705453082,0
45340,0.9903411885604836,0
45341,0.9926500258428875,0
45342,0.9232985314207358,0
45343,0.6929921926745516,1
45344,0.765950684972786,0
45345,0.7787499130184563,0
45346,0.997851330467466,1
45347,0.9999999999999951,1
45348,0.8283724159965845,0
45349,0.88873403234103,1
45350,0.6867406914555774,1
45351,0.8583112435988144,0
45352,0.9032780284622841,0
45353,0.7537594962215505,0
45354,0.9444084413126659,0
45355,0.8600419345933448,0
45356,0.7099907760027748,1
45357,0.6711746025950246,0
45358,0.9746215324438301,0
45359,0.9398151149413401,0
45360,0.8694755499685305,1
45361,0.9147486901118218,0
45362,0.9319898014202116,0
45363,0.7619726381234418,0
45364,0.8128401232296673,0
45365,0.9749256053596489,0
45366,0.9853788005019759,0
45367,0.9701335206797399,0
45368,0.9574119362637012,0
45369,0.5777630477262727,1
45370,0.5388160654975874,0
45371,0.9989627401099195,1
45372,0.9863947116435009,0
45373,0.9176026699434265,1
45374,0.9999999996077662,1
45375,0.9191071526044966,0
45376,0.98964197480362,1
45377,0.7727822277546259,0
45378,0.7263917975870011,0
45379,0.9774613823917621,0
45380,0.8221506635357182,0
45381,0.9999999999999987,1
45382,0.9986602230428332,1
45383,0.9998545688022827,1
45384,0.9750325392985039,0
45385,0.9969486976127213,1
45386,0.8789209124834594,0
45387,0.8274844704189787,0
45388,0.8078470765440215,1
45389,0.9679436084006946,0
45390,0.9663164641470378,0
45391,0.8810270692869795,0
45392,0.8613850138828477,0
45393,0.9807563242668041,0
45394,0.9888253685724184,0
45395,0.9864475465463697,0
45396,0.9886888482743131,0
45397,0.5880537047091825,0
45398,0.9999571991764314,1
45399,0.5406080276222546,0
45400,0.9772100753378459,0
45401,0.5686289053108036,0
45402,0.9801328296987342,0
45403,0.9858601973959189,0
45404,0.9851663777138601,0
45405,0.8807459460841401,0
45406,0.8456218112087205,1
45407,0.992071354993488,1
45408,0.9870250080349976,0
45409,0.9324880537557145,0
45410,0.9999999999999849,1
45411,0.9379548249036549,0
45412,0.7397541052979941,1
45413,0.5774631801433409,0
45414,0.8831247895019934,1
45415,0.9996759408322771,1
45416,0.9998778344241784,1
45417,0.9999999999999094,1
45418,0.939344633131169,0
45419,0.9783298381235632,0
45420,0.9908963933639853,0
45421,0.693084123958639,1
45422,0.9889205229760464,0
45423,0.99999999943468,1
45424,0.658212147807488,0
45425,0.9765249944471827,1
45426,0.9902888115779693,0
45427,0.5636102614089649,1
45428,0.9999907073424892,1
45429,0.658910797198588,0
45430,0.9977553740552786,1
45431,0.9069413853702076,0
45432,0.94725531084984,0
45433,0.986000892016292,0
45434,0.9617097167449216,1
45435,0.9999657783789765,1
45436,0.9939021045157558,0
45437,0.9999998428593078,1
45438,0.952028780682122,0
45439,0.7130519965853338,1
45440,0.9513494739718885,0
45441,0.9698871042817055,0
45442,0.9912727052351111,0
45443,0.7862929792731969,0
45444,0.9742962022568801,0
45445,0.986887548957546,1
45446,0.9999580808427284,1
45447,0.782233646222748,0
45448,0.9999986235835789,1
45449,0.9999981546383427,1
45450,0.9992458917948598,1
45451,0.5683955503173054,1
45452,0.6332743571057945,1
45453,1.0,1
45454,0.926067500002815,0
45455,0.983604231613782,0
45456,0.971656906775519,1
45457,0.9715504644176963,0
45458,0.9845208340670553,0
45459,0.9142047811092903,0
45460,0.8641497946696755,1
45461,0.8431336791752599,1
45462,0.9926693056175354,0
45463,0.971803552590164,0
45464,0.9880035707484189,0
45465,0.9767651430642571,0
45466,0.9999999999999574,1
45467,0.7570351237802255,1
45468,0.9801985633634155,0
45469,0.8304153290266546,0
45470,1.0,1
45471,0.9834226849941478,0
45472,0.9790965031176512,1
45473,0.9639056043354186,0
45474,0.7212855379011421,1
45475,0.8978394139381567,1
45476,0.5452050178117873,1
45477,0.7238257531123757,0
45478,0.9690160204739091,0
45479,0.9335957877271287,0
45480,0.9869580467227306,0
45481,0.9817519653715194,0
45482,0.995373264641417,0
45483,0.986476615942255,0
45484,0.8375107917602966,0
45485,0.8886559804542159,0
45486,0.9879035257426144,0
45487,0.9977457086341218,1
45488,0.9734367136126377,0
45489,0.972153227112552,0
45490,0.9487606448582127,0
45491,0.9901703100568451,0
45492,0.9586590502084449,0
45493,0.9723221834872368,1
45494,0.8333549970365856,0
45495,0.9632283997529557,0
45496,0.9785082872424785,1
45497,0.7924931965176574,0
45498,0.7671383010385142,0
45499,0.9299749900969569,0
45500,0.9757919377906038,0
45501,0.7589190200571159,0
45502,0.9703082496478628,0
45503,0.9902378970388012,1
45504,0.9993316641113925,1
45505,0.9794426102321321,0
45506,0.7147101278617495,0
45507,0.800862605315927,1
45508,0.9886946967251896,0
45509,0.8554719915815747,0
45510,0.9432684169064424,1
45511,0.9146521016220813,0
45512,0.9846064605908007,0
45513,0.9757110773425668,0
45514,0.9995683844463424,1
45515,0.9198783164321642,0
45516,0.9828410698194479,0
45517,0.9978383563403292,1
45518,0.9902123781446855,0
45519,0.9902437376262228,0
45520,0.7976400384599617,0
45521,0.9335710834659288,0
45522,0.9921836357474815,0
45523,0.98956683662568,0
45524,0.5285054335593412,1
45525,0.7033325748847501,0
45526,0.6087202676824677,0
45527,0.7850165924146632,1
45528,0.9241963952580411,0
45529,0.9835034346128917,0
45530,0.8250870792335007,0
45531,0.9699306995343129,0
45532,0.8879540309248664,0
45533,0.9899263491741757,0
45534,0.999997937821913,1
45535,0.8000062575767917,1
45536,0.9396219220843536,1
45537,0.967147877281266,0
45538,0.9789479146571899,0
45539,0.9712652957000286,0
45540,0.9883303721882352,0
45541,0.9868900631433181,0
45542,0.8947304303360043,0
45543,0.8288812543545283,1
45544,0.9866232533306835,0
45545,0.7963381063502982,0
45546,0.8095642288597714,0
45547,0.9792977249190924,0
45548,0.9999999999983431,1
45549,0.9995473297291156,1
45550,0.9918174147117714,0
45551,0.7145825660618218,1
45552,0.8973874623709944,0
45553,0.977189040891475,0
45554,0.9679649891015539,0
45555,0.9842887657114279,0
45556,0.9261311164557285,0
45557,0.994435753702046,0
45558,0.6360528836288271,0
45559,1.0,1
45560,0.9300049605709589,0
45561,0.9916423271510589,0
45562,0.9634020630082681,1
45563,0.9589435117691236,0
45564,0.8170256129980621,0
45565,0.9929993822572526,0
45566,0.9436257353199581,1
45567,0.9736863665024377,0
45568,0.9782195743628007,0
45569,0.9464317821718654,0
45570,0.9806214298071088,0
45571,0.7570136939268631,0
45572,0.9853059469761888,0
45573,0.9902729351907716,0
45574,0.5676170167609043,0
45575,0.999999539351853,1
45576,0.819046359277627,0
45577,0.9913893785402565,0
45578,0.9509770095304586,0
45579,0.9766305073828073,0
45580,0.9999981743970132,1
45581,0.9507449337660787,0
45582,0.7908810624544438,0
45583,0.9475371131200677,0
45584,0.962175828131501,0
45585,0.9528250174325174,1
45586,0.9588123907566547,0
45587,0.9951262656782967,1
45588,0.5458414637136837,1
45589,0.5316076947307408,1
45590,0.864071970683866,1
45591,0.5466899074926502,0
45592,0.9858078341877519,0
45593,0.990211411747527,0
45594,0.9268426118359794,0
45595,0.9839698929569269,0
45596,0.6927065858953126,0
45597,0.7599640487613316,1
45598,0.9566518483299661,1
45599,0.9610634621600892,0
45600,0.9893113259467244,0
45601,0.9999763872303374,1
45602,0.9430302240116416,1
45603,0.9834615053140202,0
45604,0.990725032161238,0
45605,0.9614477047090767,0
45606,0.9641504667873451,0
45607,0.9999265927363911,1
45608,0.8025324787731953,0
45609,0.5303444792857331,1
45610,0.628721957667328,1
45611,0.9796399617095904,1
45612,0.9893059738840991,0
45613,0.546689273889604,1
45614,0.9563023874114327,0
45615,0.7410309924206767,1
45616,0.6869789653185834,0
45617,0.9908582979237359,0
45618,0.7469603128317516,1
45619,0.9999990883952642,1
45620,0.8716703016536963,0
45621,0.7787856732828017,1
45622,0.9904022901529393,0
45623,0.9921136648553588,0
45624,0.9332416608361026,0
45625,0.5873596176155458,1
45626,0.9869655979001122,0
45627,0.728423958640378,1
45628,0.9999258992808154,1
45629,0.9616735846360476,0
45630,0.5232284478848241,0
45631,0.999747567900021,1
45632,0.8937956158320466,0
45633,0.9719350372280817,0
45634,0.984018289195936,0
45635,0.6040775409737719,1
45636,0.9744473027858236,0
45637,0.9197860762687069,0
45638,0.9239854476782756,0
45639,0.7659010630619733,0
45640,0.9082282924743236,0
45641,0.6957855608543311,0
45642,0.9368421143825864,0
45643,0.9893886877146607,0
45644,0.7666506535925466,1
45645,0.988636332653452,0
45646,0.9585094803910865,0
45647,0.987222847983438,0
45648,0.5270554431058413,0
45649,0.9922233721913954,0
45650,0.9939336853674287,1
45651,0.943279074543892,0
45652,0.8589403682526922,0
45653,0.8740196270646825,0
45654,0.9872500595441208,1
45655,0.6625392984765149,1
45656,0.9597937139842035,0
45657,0.9683884500134697,0
45658,0.9983859516649888,1
45659,0.8851800558870313,0
45660,0.9385177744127375,1
45661,0.9989212650462472,1
45662,0.8663512535289365,0
45663,0.9703975673291322,0
45664,0.9895283548959213,0
45665,0.5042895105761782,0
45666,0.9893113259467244,0
45667,0.7848962838994274,0
45668,0.9756606269701984,0
45669,0.9917416951767483,0
45670,0.9692252831470859,0
45671,0.645576421807591,1
45672,0.8670632613336845,0
45673,0.500237599427434,1
45674,0.9787559356822721,0
45675,0.999777469381818,1
45676,0.9044994724735663,1
45677,0.9594475964660004,0
45678,0.9791025866119115,0
45679,0.988526614073162,0
45680,0.9420132811068876,0
45681,0.9331458033834328,0
45682,0.9635235780327328,1
45683,0.6527165416248634,0
45684,0.9846338167988289,0
45685,0.9695751918842008,0
45686,0.7537584673384753,1
45687,0.9996297276261435,1
45688,0.9734778620738966,1
45689,0.7818843105313328,0
45690,0.9693848407887734,0
45691,0.9918962264881594,0
45692,0.8384744418494461,1
45693,0.9217143722037201,0
45694,0.9689178659977136,0
45695,0.7895393672539104,0
45696,0.5992277030118934,1
45697,0.9869724512057673,0
45698,0.9598062094122877,0
45699,0.5733477060506762,1
45700,0.9756859648831142,1
45701,0.9901885912317167,0
45702,0.9604635736139638,0
45703,0.9778571690598441,0
45704,0.9746099078602283,0
45705,0.987046101593575,1
45706,0.9908769376693721,0
45707,0.6502125352267706,0
45708,0.9881305084768061,0
45709,0.7600474438100784,1
45710,0.9488133582697615,0
45711,0.6142953823377668,0
45712,0.9882783324138612,0
45713,0.9578799328978106,0
45714,0.6454341302358456,1
45715,0.9671816060287061,1
45716,0.9526808960398329,1
45717,0.9853026668489133,0
45718,0.7906475692554699,1
45719,0.5716892574094166,1
45720,0.9180290748781917,0
45721,0.9999972693887926,1
45722,0.679335208766992,1
45723,0.9999686363544249,1
45724,0.6230048513701384,1
45725,0.981479981018033,0
45726,0.8294727289398267,0
45727,0.94594109488412,0
45728,0.9737038714910488,0
45729,0.9227698933435279,0
45730,0.8492807576696487,0
45731,0.566145771021198,1
45732,0.9999799106506908,1
45733,0.9746346698897775,0
45734,0.9333045780324232,1
45735,0.9861771358666259,1
45736,0.9633534428961553,0
45737,0.9858195212502967,0
45738,0.8474368614644853,0
45739,0.910658993987137,0
45740,0.9795787448502116,0
45741,0.9931429344841315,0
45742,0.9922953566568314,1
45743,0.9886623887336448,1
45744,0.9999994164350613,1
45745,0.7572416490455659,1
45746,0.9934748657334673,1
45747,0.9999999999999898,1
45748,0.6917293175846226,1
45749,0.9795492490968456,0
45750,0.8275453998357135,0
45751,0.807792367395616,0
45752,0.9892690686769015,0
45753,0.7514431200855043,0
45754,0.944884083677035,0
45755,0.9445176767578435,0
45756,0.9694157000818289,0
45757,1.0,1
45758,0.9199332828290788,0
45759,0.9993456839254005,1
45760,0.9822692770973196,0
45761,0.6155246699465913,0
45762,0.6940947386446346,1
45763,0.9999999999997773,1
45764,0.9919450752660891,0
45765,0.7563635223371917,0
45766,0.9852982184615563,0
45767,0.9931709642926646,0
45768,0.5855430654321585,1
45769,0.845566916285084,0
45770,0.9817956783913848,1
45771,0.8762667139104845,1
45772,0.6836348863976899,1
45773,0.9917967230118266,0
45774,0.884958841066922,0
45775,0.9847975192244279,0
45776,0.9381267239214242,0
45777,0.9999999999999996,1
45778,0.9762064009540563,0
45779,0.9758408097086758,0
45780,0.9629244615417885,0
45781,0.9999936600730425,1
45782,0.71125683908674,1
45783,0.9844864781508749,0
45784,0.9786060079201105,0
45785,0.7850768664072405,1
45786,0.999988229154022,1
45787,0.9999142800879149,1
45788,0.9999999999237119,1
45789,0.9746113835792117,0
45790,0.5968710099844593,0
45791,0.9879490292198286,0
45792,0.9808880787062172,1
45793,0.6437146896314553,1
45794,0.826251974631857,1
45795,0.8682137274088343,0
45796,0.946518614620094,0
45797,0.8885733203046116,0
45798,0.8682119649364308,0
45799,0.9977609988152651,1
45800,0.9365696871831111,0
45801,0.96641414458136,0
45802,0.8730534057931392,0
45803,0.9835826063985331,0
45804,0.8124518877800002,0
45805,0.5461109285627624,0
45806,0.814317971066257,0
45807,0.9308107471268129,0
45808,0.777469465093074,1
45809,0.9136642401778657,1
45810,0.8205909556563691,0
45811,0.8878801730342782,0
45812,0.5406250494797146,0
45813,0.9269308267712345,0
45814,0.8523418749300686,0
45815,0.9897888352049218,0
45816,0.9999998578476433,1
45817,0.8358607086354114,0
45818,0.9524759495494147,0
45819,0.9999793087882112,1
45820,0.56627071076787,1
45821,0.9901547174522393,0
45822,0.9070791768587882,0
45823,0.9999999999971549,1
45824,0.8465460166735684,0
45825,0.9912944404736199,0
45826,0.9974249789075904,1
45827,0.9756692897136325,1
45828,0.6530091776188692,1
45829,0.9859170339220331,0
45830,0.9788655257883606,0
45831,0.8747674757400065,0
45832,0.9999999999999569,1
45833,0.9620095339508983,1
45834,0.9786426128131395,0
45835,0.8604007266131137,0
45836,0.9316613812502972,0
45837,0.9869942465716682,0
45838,0.9878745389009522,0
45839,0.7916896122649228,0
45840,0.5223030005545198,1
45841,0.664941137393908,1
45842,0.9364492730920299,0
45843,0.8280706340203257,0
45844,0.9915345117897414,0
45845,0.9690473498941133,0
45846,0.5498739292803683,1
45847,0.9803944502563582,0
45848,0.6702175528441597,1
45849,0.9660346205610497,0
45850,0.9500800887092258,1
45851,0.9948979399001673,1
45852,0.7314367336579889,0
45853,0.9842021270094542,0
45854,0.884873419780596,0
45855,0.9906171307995637,0
45856,0.9999999999790576,1
45857,0.9216946940575795,0
45858,0.8170698120272729,0
45859,0.7166400914923592,0
45860,1.0,1
45861,0.9365801397478312,0
45862,0.8702854210236222,0
45863,0.9662654632069128,0
45864,0.9878043567783547,0
45865,0.8497290330957894,0
45866,0.9784978263826707,1
45867,0.9919640030542454,0
45868,0.9779599450756898,0
45869,0.5734019405849607,0
45870,0.9665059540928234,0
45871,0.9849307759506839,0
45872,0.9906755305210347,0
45873,0.9960760519480479,1
45874,0.9900189867048971,1
45875,0.9984538548611624,1
45876,0.9840885944015056,0
45877,0.8702440164632287,0
45878,0.9805963108658801,0
45879,0.9999642221778602,1
45880,0.5443820178908431,0
45881,0.9905567121013399,0
45882,0.9784344184318318,0
45883,0.9999999910863822,1
45884,0.993524436131651,0
45885,0.9843132867865162,0
45886,0.9853107273160207,0
45887,0.9647310813715967,0
45888,0.6354144699479862,0
45889,0.5512838098922427,1
45890,0.8408991675734143,0
45891,0.972857972790394,0
45892,0.8605752734954256,0
45893,0.9998111274543342,1
45894,0.9878568726145062,0
45895,0.9417834597169689,0
45896,0.9855441416288717,0
45897,0.9663028897997199,0
45898,0.7969230000816787,0
45899,0.8400657618025749,0
45900,0.6162862397464356,0
45901,0.9864347614286243,0
45902,0.6376176605175662,0
45903,0.9634499461845263,0
45904,0.9874294211511757,1
45905,0.9158992909506418,0
45906,0.9582392495213358,0
45907,0.9664887579737865,0
45908,0.6705184465904327,0
45909,0.6017451826425387,1
45910,0.9273823247425694,1
45911,0.820278131390886,1
45912,0.679794717421102,0
45913,0.9899641236784694,0
45914,0.9859812758323092,0
45915,0.991804686637774,0
45916,0.9832425662688515,0
45917,0.9121249398562499,1
45918,0.576197923418569,0
45919,0.9583995871337285,0
45920,0.7001525576290483,0
45921,0.6831781368237559,1
45922,0.9999987137547167,1
45923,0.9098291708721318,0
45924,0.9699870394129424,0
45925,0.9841114850755678,0
45926,0.9443670006903623,1
45927,0.8842572419156317,1
45928,0.5796778378272791,1
45929,0.9904876415790981,0
45930,0.6463777135530331,1
45931,0.97375794271047,0
45932,0.9763345474767452,0
45933,0.9999804735633021,1
45934,0.8440882723156145,0
45935,0.650162317829492,0
45936,0.9806003678953407,0
45937,0.9660563377846642,0
45938,0.649670401323565,0
45939,0.9299376006140277,0
45940,0.956339165238765,0
45941,0.761986133689328,0
45942,0.9563488416031314,0
45943,0.9820192495676919,0
45944,0.9999999209443198,1
45945,0.8704740633819994,1
45946,0.5417247803601346,1
45947,0.8485311652457801,0
45948,0.999975469970975,1
45949,1.0,1
45950,0.8264689726652533,0
45951,0.9722665341134736,0
45952,0.9877176243946061,0
45953,0.6918274790781361,1
45954,0.9588979208949527,0
45955,0.9999341500087449,1
45956,0.9522972575808525,0
45957,0.77078620611922,0
45958,0.7093938003545737,1
45959,0.9714711022377648,0
45960,0.984981682171725,0
45961,0.9867596329655305,0
45962,0.6344214769708997,1
45963,0.7715748748842312,0
45964,0.8034787509418708,1
45965,0.9751458211566575,0
45966,0.9998810423801662,1
45967,0.7517933978368448,0
45968,0.8846693890617681,0
45969,0.6385119928921958,1
45970,0.9568584814092842,0
45971,0.9997543136530328,1
45972,0.9836146347756568,0
45973,0.9586015466999476,0
45974,0.9020801432119059,0
45975,0.9679117297162787,0
45976,0.9999963388684259,1
45977,0.9803477985098616,0
45978,0.9636066888378695,0
45979,0.9999977903850576,1
45980,0.9729965140113026,0
45981,0.9999999967135711,1
45982,0.9809505973794166,1
45983,0.9599616639908669,0
45984,0.9748910808047004,0
45985,0.99176723070179,0
45986,0.9398947439923642,0
45987,0.958669480476109,0
45988,0.8607554501944935,0
45989,0.9378682883480004,0
45990,0.9886551177603339,1
45991,0.9973902349680771,1
45992,0.7981336150745628,0
45993,0.9497490225984561,0
45994,0.955604346915559,0
45995,0.9069025841155995,0
45996,0.9898767676946014,0
45997,0.9654064816716528,0
45998,0.9896180825539101,0
45999,0.6226398971079133,0
46000,0.776193499624057,0
46001,0.9608863858464783,0
46002,0.6527374166922859,1
46003,0.9817331883389968,0
46004,0.9308417262561162,0
46005,0.5502709240829431,0
46006,0.6784318283052403,1
46007,0.9999999958321717,1
46008,0.8014516305395173,0
46009,0.8599731912756994,1
46010,0.7645983340961179,1
46011,0.5133375592987717,1
46012,0.9998484532470941,1
46013,0.6259239271345446,0
46014,0.969835008625779,0
46015,0.7546598440266696,0
46016,0.7120203601511288,1
46017,0.860829482615621,0
46018,0.9776442716857295,0
46019,0.9746111484114031,0
46020,0.5772179692365871,0
46021,0.9594115597129503,0
46022,0.964919588329345,0
46023,0.9916731862090525,0
46024,0.999786915417305,1
46025,0.9858921336430493,0
46026,0.9769287353062109,0
46027,0.5919841740218038,0
46028,0.8494814870835784,1
46029,0.9999999999963425,1
46030,0.9823054912516646,0
46031,0.9690140072201521,0
46032,0.6679273032864366,1
46033,0.9235926608751052,0
46034,0.656793238292613,1
46035,0.8675387138640449,0
46036,0.6548687916822578,0
46037,0.9537335233939315,0
46038,0.862861577696914,0
46039,0.8029257234998275,1
46040,0.9582421630330062,0
46041,0.9984110626128542,1
46042,0.9310020972860797,0
46043,0.9366638930688311,0
46044,0.9851150919758782,0
46045,0.8977980610983852,1
46046,0.9710698742246746,0
46047,0.9248816754566792,0
46048,0.9902563226218095,0
46049,0.9766852622717329,0
46050,0.8836550064346402,1
46051,0.954642931304288,0
46052,0.9808741798307928,0
46053,0.9659008663806447,0
46054,0.978959441272606,0
46055,0.7533647323310098,0
46056,0.9657574889564854,0
46057,0.9999911313284704,1
46058,0.9872444230601525,0
46059,0.9513377864220101,0
46060,0.934727765775051,1
46061,0.9843932179010303,0
46062,0.9851012985156982,0
46063,0.5414820304080598,0
46064,0.9718572018477126,0
46065,0.9563970139674814,0
46066,0.593417272565478,0
46067,0.9872352956040252,0
46068,0.963555848671166,0
46069,0.8667299321225546,1
46070,0.93699155639359,0
46071,0.5399273338525324,1
46072,0.5455934303398161,0
46073,0.8953478653737685,1
46074,0.9464327848962804,0
46075,0.8360717343599015,0
46076,0.9859850962954452,0
46077,0.5209352832583877,1
46078,0.7158358032725033,0
46079,0.8419147245142764,0
46080,0.9858685497663418,1
46081,0.9805912102670933,0
46082,0.9757937942804384,0
46083,0.6740671358162895,0
46084,0.721485725270523,0
46085,0.8645550241205335,0
46086,0.6297900194256107,0
46087,0.9541106946617561,0
46088,0.9818741093446618,0
46089,0.9999992223127134,1
46090,0.9496135019170205,0
46091,0.999999561048582,1
46092,0.9644496476926635,0
46093,0.9861476137180656,0
46094,0.9999758176397835,1
46095,0.929801806699145,1
46096,0.5137696397062687,0
46097,0.8868924117453908,1
46098,0.7152749536230238,0
46099,0.9889938556915263,0
46100,0.9730241088222746,0
46101,0.9896153739954522,0
46102,0.9154735345415886,0
46103,0.8840928377021484,0
46104,0.9863425382195787,0
46105,0.9751224602503002,0
46106,0.9916428813330507,0
46107,0.9437763529792231,1
46108,0.9974705528893132,1
46109,0.9808744282248913,0
46110,0.9867738522585269,0
46111,0.9915546578394695,0
46112,0.8623016670907828,0
46113,0.9907961770646241,0
46114,0.9617395735037316,0
46115,0.9849386997233827,0
46116,0.6017337439052414,0
46117,0.9629898269814359,0
46118,0.672522594837712,1
46119,0.7370010249385064,0
46120,0.9492263782278825,0
46121,0.8526209572630506,0
46122,0.9759413039365312,0
46123,0.9762630424084202,0
46124,0.9999997071365379,1
46125,0.6806664219682903,0
46126,0.6202006094243466,0
46127,0.988800128559442,0
46128,0.9737375550735178,0
46129,0.8716895516557746,0
46130,0.9547689314992379,0
46131,0.9923639684814924,1
46132,0.657693823744455,0
46133,0.9786812265687057,0
46134,0.5930016407589577,0
46135,0.9897678477391988,0
46136,0.6652201990203674,1
46137,0.9878828740320351,0
46138,0.9749447120577857,0
46139,0.9999119339842407,1
46140,0.9912116944174066,0
46141,0.8569715795965088,0
46142,0.9831814630871014,0
46143,0.9479412708656543,0
46144,0.7440531089156904,0
46145,0.5088965386024256,0
46146,0.9493410714706453,1
46147,0.983298308680311,0
46148,0.9811593962651042,1
46149,0.9860057254240389,0
46150,0.9799072915788585,0
46151,0.9991994858439602,1
46152,0.9496970086942138,1
46153,0.9999972732112232,1
46154,0.9637736860670532,0
46155,0.9997462592327022,1
46156,0.9654673287865269,0
46157,0.9829957731065655,0
46158,1.0,1
46159,0.6918400857036477,0
46160,0.9423745980180558,0
46161,0.9766015074782107,0
46162,0.9999706591879383,1
46163,0.879630153287638,0
46164,0.7053024770856143,0
46165,0.6835081204283536,1
46166,0.9112394434713897,0
46167,0.6762611671416785,0
46168,0.9354015486456517,0
46169,0.9789706582551202,0
46170,0.959603974192381,0
46171,0.941960842635955,0
46172,0.7034489645825124,1
46173,0.8243313289736229,0
46174,0.9057552645331429,0
46175,0.5869996554940518,0
46176,0.9999484081951062,1
46177,0.8915735713599207,0
46178,0.9006044791122132,0
46179,0.5680076140996266,0
46180,0.968912974646184,1
46181,0.9922214620366182,0
46182,0.999999997720612,1
46183,0.9879950687127284,0
46184,0.9262303683117089,0
46185,0.9119826158447253,0
46186,0.8647545096798183,0
46187,0.573529080041605,1
46188,0.8203223491745539,0
46189,0.9343795475961145,0
46190,0.9999409350161466,1
46191,0.9999999055929154,1
46192,0.9440975873814715,1
46193,0.9236890541362189,0
46194,0.9877348025774666,0
46195,0.980766084869724,0
46196,0.9559948899269576,0
46197,0.5225273561914164,1
46198,0.9885241944586186,0
46199,0.9817309586655789,0
46200,0.7776112711530034,0
46201,0.5873793647587241,1
46202,0.6484382372600407,1
46203,0.5749317128783521,1
46204,0.9896365495205308,0
46205,0.9856591557214888,0
46206,0.9693784223344734,0
46207,0.6689459660581253,0
46208,0.96952330806334,0
46209,0.9998714923956921,1
46210,0.949884554447345,0
46211,0.9789995035470794,0
46212,0.9398575908654655,0
46213,0.9699612646656345,0
46214,0.7732211391903698,0
46215,0.8069521323767985,0
46216,0.9999999820232836,1
46217,0.9683675998380781,0
46218,0.982170647506443,0
46219,0.9633828769406356,1
46220,0.9897719126002441,0
46221,0.926507435330656,0
46222,0.8169930846111879,1
46223,0.9154116530261185,1
46224,0.9862273352274216,0
46225,0.981923515145829,0
46226,0.9558072620469111,0
46227,0.5368853506078337,1
46228,0.976178814579044,0
46229,0.9740554291142892,0
46230,0.9921817460260242,0
46231,0.8856095536531826,1
46232,0.9648073750712807,0
46233,0.8608443384611801,0
46234,0.524422951283961,1
46235,0.7772513098108306,1
46236,0.9768604606006375,0
46237,0.5189063658533629,1
46238,0.9686840206217169,0
46239,0.9999999999985281,1
46240,0.8568518522912767,0
46241,0.8125521021831413,0
46242,0.8997005618859644,0
46243,0.7073880609402249,0
46244,0.9539541472788126,0
46245,0.9645691531731981,0
46246,0.977792530829369,0
46247,0.9573364151327999,0
46248,0.5732734986172138,0
46249,0.9743812035320634,1
46250,0.9029600100402325,0
46251,0.9450567310141609,0
46252,0.5903664242010932,1
46253,0.9859892807647374,0
46254,0.9236840000365971,1
46255,0.9725592786408899,0
46256,0.9858096643039922,0
46257,0.9639120313098147,0
46258,0.7897229126996829,0
46259,0.9446506915773183,0
46260,0.9819385431936924,0
46261,0.9770930457137961,0
46262,0.8283867900426719,0
46263,0.9922393401185592,0
46264,0.9747447160782621,0
46265,0.9999965515124551,1
46266,0.5952259149423503,0
46267,0.6390702350795238,0
46268,0.9999999793653103,1
46269,0.9853587604504473,1
46270,0.936250784327223,0
46271,0.9999999999999996,1
46272,0.9681276173430282,0
46273,0.598033489743151,1
46274,0.9485067761970395,1
46275,0.9999999999999512,1
46276,0.9113038611089038,0
46277,0.9989332689624384,1
46278,0.9281701107350422,0
46279,0.9999999999927698,1
46280,0.9853343256637078,0
46281,0.5357487216106951,0
46282,0.9998932896477354,1
46283,0.713335653658227,1
46284,0.7463822570655777,1
46285,0.999998889204767,1
46286,0.8421513428658817,0
46287,0.6043746396120956,1
46288,0.8495689652416952,0
46289,0.9116941078863202,0
46290,0.7472945665051202,0
46291,0.7255570297259171,1
46292,0.9279303732340876,0
46293,0.999909819484026,1
46294,0.8910138856522621,1
46295,0.924204330878395,0
46296,0.9585456836466418,0
46297,0.9092443111333604,0
46298,0.9881693400501905,0
46299,0.9756849404454477,0
46300,0.575239474243277,0
46301,0.9135720557908511,1
46302,0.9828328961527628,0
46303,0.8976982661928581,0
46304,0.5358935567096903,1
46305,0.560271701896298,0
46306,0.9699800919940668,0
46307,0.8581776058245167,1
46308,0.9969601470018524,1
46309,0.9721676752340278,0
46310,0.9687408838869462,1
46311,0.7326194529528132,0
46312,0.9828036370528239,0
46313,0.7271402134089786,1
46314,0.9883654598654197,0
46315,0.9415952245354104,0
46316,1.0,1
46317,0.9907618432005214,0
46318,0.964711523242685,0
46319,0.9832401711675449,0
46320,0.9555476982499502,0
46321,0.979297766938987,0
46322,0.7842033019491542,1
46323,0.8795372921839291,0
46324,0.8976794212486274,0
46325,0.9833430734136224,0
46326,0.9309240992212591,0
46327,0.9773826187258084,0
46328,0.8804756554304012,1
46329,1.0,1
46330,0.9592362219329089,0
46331,0.5045630533284324,0
46332,0.999969961558317,1
46333,0.9888122459706811,0
46334,0.887240222201435,1
46335,0.9863925910872235,0
46336,0.9787733552780952,0
46337,0.986886308356629,0
46338,0.9723044030689629,0
46339,0.8129890891754461,0
46340,1.0,1
46341,0.8146258161790239,0
46342,0.7873971405767936,0
46343,0.6668078428545103,0
46344,0.9250903642905313,0
46345,0.9319155438517072,0
46346,0.8614230082049491,1
46347,0.9988863948176239,1
46348,0.968888466188035,1
46349,0.6742082544489172,0
46350,0.9981238161905713,1
46351,0.9481527379227063,0
46352,0.9195547800750238,0
46353,0.9893413043825121,0
46354,0.9883681442848566,0
46355,0.9733408754591694,0
46356,0.9814833413618561,0
46357,0.8428179386409789,0
46358,0.9415789271007469,0
46359,0.9524270242483249,0
46360,0.9249773798354666,0
46361,0.7271556336650827,1
46362,0.9999166056651493,1
46363,0.9755267320947204,0
46364,0.9931630402180055,0
46365,0.9533929031766677,0
46366,0.8071626029266424,1
46367,0.9883008685327211,0
46368,0.8994887328233708,0
46369,0.956466184019665,0
46370,0.9850130739730991,0
46371,0.9838154728146773,0
46372,0.9845514286555557,1
46373,0.9625084582712667,0
46374,0.8109330609556,1
46375,0.8551186921069095,0
46376,0.8815790427752002,0
46377,0.6024033218261953,1
46378,1.0,1
46379,0.98697678117097,0
46380,0.971203610485636,0
46381,1.0,1
46382,0.9778542088301319,0
46383,0.9972867732924607,1
46384,0.9856443585602206,0
46385,0.9397086703647503,0
46386,0.9807705206612425,0
46387,0.6849177979923595,0
46388,0.5855430654321585,1
46389,0.9894483504548125,0
46390,0.991958610876626,0
46391,0.5447047655951716,1
46392,0.9628138241444258,0
46393,0.9999999980090042,1
46394,0.9217143722037201,0
46395,0.990456753858598,1
46396,0.987225624345172,0
46397,0.9656651575353868,0
46398,0.9565028542583129,0
46399,0.821438378856521,1
46400,0.9389684480697243,0
46401,0.85058264904988,0
46402,0.69777877432234,1
46403,0.9125666115583624,1
46404,0.9999999999991278,1
46405,0.9447053971899431,0
46406,0.9266917775139177,0
46407,0.9854746283175447,0
46408,0.5029897258388248,1
46409,0.969249709955461,1
46410,0.9999913268095992,1
46411,0.856303760023569,0
46412,0.9206949070507114,0
46413,0.8333907809105514,0
46414,0.9376126469387813,0
46415,0.6708635465384409,1
46416,0.6472765379842681,0
46417,0.9638773880752202,0
46418,0.9921374857490876,0
46419,0.5837582621356726,0
46420,0.9999941159050335,1
46421,0.9842969375767371,0
46422,0.7233014105773766,1
46423,0.9418594395563504,0
46424,0.9979849979344445,1
46425,0.9537789231439991,0
46426,0.9866386126996636,0
46427,0.9762723618011422,0
46428,0.9999999999982632,1
46429,0.5783786066662,0
46430,0.9459593626497762,0
46431,0.9925170368858612,0
46432,0.8233010016531338,0
46433,0.9647986167266221,0
46434,0.9842864712858969,0
46435,0.6265085661558625,1
46436,0.9908714540983121,0
46437,0.7636243723654175,0
46438,0.9378507666177224,0
46439,0.9462951319010775,0
46440,0.9604213942789148,0
46441,0.9766822738130535,0
46442,0.9607817183909296,1
46443,0.9538492905326841,0
46444,0.9857161210936128,0
46445,0.8701507941668973,0
46446,0.895354779454569,0
46447,0.7595117260446762,0
46448,0.9823266690258257,0
46449,0.9846116479853074,0
46450,0.9206714520243094,0
46451,0.9650665518796852,0
46452,0.9833348408677809,0
46453,0.9378992761610755,0
46454,0.920520950488422,0
46455,0.7244114975094236,0
46456,0.9423879144143055,0
46457,0.5182253911320592,1
46458,0.9425229197134318,0
46459,0.999990484338326,1
46460,0.5398985363353797,1
46461,0.8751196640969872,0
46462,0.9869099189143127,0
46463,0.780711687694927,0
46464,0.5881000913844374,1
46465,0.9999999926950063,1
46466,0.9938100093390947,1
46467,0.8456889250370977,1
46468,0.9136442395479368,0
46469,0.9788946212573173,0
46470,0.9719604906184149,0
46471,0.9903201205118958,0
46472,0.5748030731773996,1
46473,0.660680995143015,1
46474,0.9612355965252862,0
46475,0.9970684136182708,1
46476,0.972241840537232,0
46477,0.9799874527488606,1
46478,0.9316466526576149,0
46479,0.9874049195978074,1
46480,0.6957347034877789,0
46481,0.9999992892500873,1
46482,0.9414924197163613,1
46483,0.9345956595155717,0
46484,0.7365485502177737,0
46485,0.9557277477691353,0
46486,0.9990593977334274,1
46487,1.0,1
46488,0.9529311925134529,0
46489,0.7331160596966677,1
46490,0.7579465546647549,1
46491,0.9752817909078222,0
46492,0.9762299376158402,1
46493,0.9177981217963415,0
46494,0.5622720507051903,0
46495,0.514311984491392,0
46496,0.9429155717007337,0
46497,0.87899064652825,0
46498,0.9566076539897668,1
46499,0.7760974675957968,1
46500,0.698761367667485,0
46501,0.8228353220994741,0
46502,0.9825685529810182,0
46503,0.9906171307995637,0
46504,0.6150448970142789,1
46505,0.6386765834119325,0
46506,0.5171694027984973,1
46507,0.7967175374737269,1
46508,0.953006197000707,0
46509,0.9973151347492394,1
46510,0.6856515647526527,0
46511,0.989875663265754,0
46512,0.9846488869365029,0
46513,0.9510991989415285,0
46514,0.9538123679018735,0
46515,0.9775386235924759,0
46516,0.8157496758684132,1
46517,0.9383086369741487,0
46518,0.8355243280265554,1
46519,0.8168960610923248,0
46520,1.0,1
46521,1.0,1
46522,0.9975278199622717,1
46523,0.9816625868483918,0
46524,0.8467233092217219,0
46525,0.9948909886108582,1
46526,0.9603680955742553,0
46527,0.9632380962164659,0
46528,0.9838695913001018,0
46529,0.9396771049338459,0
46530,0.9920546496094894,0
46531,0.8080876177852891,1
46532,0.9999998063754846,1
46533,0.9903220516522533,0
46534,0.7580244520068657,0
46535,0.9921587511162822,0
46536,0.7925076910800686,0
46537,0.9891903780698232,0
46538,0.997200154738206,1
46539,0.999985187320946,1
46540,0.999999747304538,1
46541,0.8990923378472904,1
46542,0.9788687921110447,0
46543,0.9796576994473205,0
46544,0.9776831966261532,0
46545,0.9595191868480754,0
46546,0.9884098115546407,0
46547,0.8936235859130147,0
46548,0.9708440346845248,0
46549,0.6258195788445633,0
46550,0.7659276194657937,1
46551,0.935931473490265,0
46552,0.6428865924766023,0
46553,0.9866098469441588,0
46554,0.9793459519649635,0
46555,0.8832812098253554,0
46556,0.9904044246823737,0
46557,0.999988485323086,1
46558,0.8972127925699814,0
46559,0.9590711147490608,0
46560,0.972264476047456,0
46561,0.9644419434547561,0
46562,0.9986443271482196,1
46563,0.9537754909128362,0
46564,0.8890450704937652,1
46565,0.7073751270392604,0
46566,0.9634859619727285,0
46567,1.0,1
46568,0.7910558107730106,1
46569,0.8739496143746631,0
46570,0.6645786987247241,1
46571,0.7891474699233277,0
46572,0.9530518267228839,0
46573,0.8969573619371983,0
46574,0.9998276185271232,1
46575,0.9914964587189397,0
46576,0.9985528606573071,1
46577,0.9976061537569437,1
46578,0.993349333588216,0
46579,0.9878755287608478,0
46580,0.8214339020600128,0
46581,0.9470144140487977,0
46582,0.6872219107194757,1
46583,0.6402337881523293,0
46584,0.9530091726310019,0
46585,0.958357124215103,0
46586,0.9535119009091411,0
46587,0.8214182830407123,0
46588,0.9319191641632583,1
46589,0.9644681887990458,0
46590,0.9897358121360539,0
46591,0.9438061511354333,0
46592,0.9566325120237378,0
46593,0.9767968138630189,0
46594,0.7598982401153749,0
46595,0.9373089878057774,0
46596,0.9551280262480315,0
46597,0.9881096813683894,0
46598,0.9947345452031031,0
46599,0.9826426575431655,0
46600,0.6477596452008438,0
46601,0.982111067511939,0
46602,0.9999999999999623,1
46603,0.9902660339404117,0
46604,0.84515152793745,1
46605,0.8852756121347759,0
46606,0.58854465109317,1
46607,0.9238118840519224,0
46608,0.9899728903868762,0
46609,0.9736072308310414,0
46610,0.6203311318114645,1
46611,0.9863711511899764,0
46612,0.9746750104510811,1
46613,0.9731428906602643,0
46614,0.990592957045293,0
46615,0.9513291086894068,1
46616,0.9783878768654584,0
46617,0.8917831677139524,0
46618,0.9089664527851075,0
46619,0.9935243571111466,0
46620,0.9999817623035429,1
46621,0.9822899753166975,0
46622,0.8043040442279895,0
46623,0.8756521255886385,0
46624,0.9165495937755854,0
46625,0.6289588484351007,0
46626,0.5099305408297828,0
46627,0.9128381731558576,0
46628,0.9802428294013189,0
46629,0.9846760624598807,0
46630,0.9874480013445858,0
46631,0.8666792196040553,0
46632,0.5732641809080705,0
46633,0.5368288229801058,0
46634,0.8503281674944125,0
46635,0.5011310907302561,0
46636,0.9999999999996914,1
46637,0.5544938327164388,0
46638,0.9999839916629734,1
46639,0.9399293382889318,0
46640,0.9877598510748993,0
46641,0.9239854476782756,0
46642,0.9999999452696725,1
46643,0.9634499461845263,0
46644,0.9722935620536137,0
46645,0.9857200090151645,1
46646,0.9433339303185847,0
46647,0.8956295840242234,0
46648,0.9233070184169394,0
46649,0.7707232385524896,0
46650,0.991252296055071,0
46651,0.783086988912297,0
46652,0.9693574840699378,0
46653,0.9795137021049921,0
46654,0.7543577032292933,0
46655,0.9918233856502084,1
46656,0.9999320341181452,1
46657,0.9999999958006163,1
46658,0.9479797931362616,0
46659,0.9673200961064254,0
46660,0.9645237247210258,0
46661,0.9742235130873154,1
46662,0.9888450230831365,0
46663,0.9965240548470554,1
46664,0.9492320061761916,1
46665,0.9657514588186631,0
46666,0.9999999984073344,1
46667,0.958976477262198,0
46668,0.9151074553867282,0
46669,0.9567566091744371,1
46670,0.9882751988735712,0
46671,0.6125399520305698,0
46672,0.9999614361450182,1
46673,0.6548002507522425,0
46674,0.6328753808292559,1
46675,0.8471184964409197,0
46676,0.9752336299802974,0
46677,0.861812533001192,0
46678,0.6767801816682696,1
46679,0.7373139024505077,1
46680,0.8873467621253032,0
46681,0.5072837953126639,0
46682,0.97687919826272,1
46683,1.0,1
46684,0.9789854179847727,0
46685,0.9849378026103911,0
46686,0.9464458606596945,0
46687,0.9843957800157739,1
46688,0.9181790501682847,0
46689,0.8208814354260607,1
46690,0.9999999000638381,1
46691,0.7711445246516577,0
46692,0.9891355616841297,0
46693,0.6135253026618377,0
46694,0.9032863434374556,0
46695,0.9886967275705223,0
46696,0.8875883608722379,1
46697,0.9896227349604794,1
46698,0.5994620312512026,1
46699,0.8276478813049084,0
46700,0.9911390118382423,0
46701,0.9405520331090732,0
46702,0.9769759552740359,0
46703,0.5797840472419997,0
46704,0.9645819335582683,0
46705,0.6130561039576822,0
46706,0.8128072308355889,0
46707,0.6674054161105797,0
46708,0.9780487579168553,1
46709,0.904620007431849,0
46710,0.9453827667775015,1
46711,0.9989734138953714,1
46712,0.9920061924921999,0
46713,0.9200530387158483,1
46714,0.9807064485430874,0
46715,0.8369080136512987,0
46716,0.843184699952897,1
46717,0.9921855944116817,0
46718,0.9882751988735712,0
46719,0.9999957730320744,1
46720,0.7270507599599441,0
46721,0.9715380393868122,0
46722,0.99999999897487,1
46723,0.9357590595213353,1
46724,0.9302455045553207,0
46725,0.9422072541679174,0
46726,0.7453942777068666,1
46727,0.9856190579474651,0
46728,0.9764970511507193,0
46729,0.9610335249727686,0
46730,0.9491922402595157,0
46731,0.9426765695570548,1
46732,0.9143702317594999,1
46733,0.9593985705442623,1
46734,0.9011334114857675,0
46735,0.9982873657511179,1
46736,0.999574139582093,1
46737,0.9501535963790506,0
46738,0.9962808992109558,1
46739,0.7398128500556689,0
46740,1.0,1
46741,0.962156338914469,0
46742,0.9963493617876351,1
46743,0.9652414761580493,1
46744,1.0,1
46745,0.9805474274633823,0
46746,0.8135998811407036,0
46747,0.9687707751241981,1
46748,0.9955232293115291,0
46749,0.7644269670784305,0
46750,0.9641765142407217,0
46751,0.9854952708584154,0
46752,0.6470688482531172,0
46753,0.9637611284803798,0
46754,0.9901809541872348,0
46755,0.9115302634985506,0
46756,0.9598864306443889,0
46757,0.783599273301187,0
46758,0.999673043188544,1
46759,0.7587303198870614,1
46760,0.9592981707716486,0
46761,0.9807657201846471,0
46762,0.9929762346393909,0
46763,0.7842676899122595,0
46764,0.6959529947740792,1
46765,0.8588103995079893,0
46766,0.9692223596236303,0
46767,0.8579302962958195,0
46768,0.9652758331590087,0
46769,0.5277718174377846,0
46770,0.9960092386393005,1
46771,0.8764190831965937,0
46772,0.9999999999962408,1
46773,0.9821042263790146,0
46774,0.713437242299711,1
46775,0.9008549881253773,0
46776,0.5534594781543756,0
46777,0.7589798870337717,0
46778,0.8101545945643324,0
46779,0.9640243925098894,0
46780,0.9614380074937848,0
46781,0.88330241806602,0
46782,0.5899647324926864,0
46783,0.9860387974317397,0
46784,0.9987546809829528,1
46785,0.987705284914123,0
46786,0.795168658614261,0
46787,0.5436544608717235,1
46788,0.9411237677954187,0
46789,0.9993821198252117,1
46790,0.8880016348578385,0
46791,0.9754490415905825,0
46792,0.8983965553546815,1
46793,0.6775639429712567,1
46794,0.8336901517829508,0
46795,0.9716446031747077,0
46796,0.9875671922003453,0
46797,0.9025767491216464,0
46798,0.551042477504084,1
46799,0.9868977335253291,0
46800,0.9999999999999982,1
46801,0.9328048694244262,0
46802,0.7800654081528,0
46803,0.9775345106631611,1
46804,0.9994894124366027,1
46805,0.9897076686638527,0
46806,0.978435607048177,0
46807,0.6700088442611738,0
46808,0.6594134906993661,0
46809,0.7012709753151893,0
46810,0.6905965704364093,1
46811,0.5970133034769078,1
46812,0.8709842803524893,0
46813,0.9275713425043312,0
46814,0.785626604506195,1
46815,0.8802909744606005,0
46816,0.9717473206914403,0
46817,0.9689846150729968,0
46818,0.8787763418420856,0
46819,0.9439028293060135,0
46820,0.8967435509322291,0
46821,0.8503969319261138,0
46822,0.8713508320973042,0
46823,0.982152133849172,0
46824,0.9636833200627783,0
46825,0.982387999936689,0
46826,0.9564878873270943,0
46827,0.9904309066055061,0
46828,0.9818877732692112,0
46829,0.7837629435798452,0
46830,0.9999996951478346,1
46831,0.9489972309830783,0
46832,0.9885834760219357,0
46833,0.5684959527421389,0
46834,0.5829249351107286,0
46835,0.8942985868212502,1
46836,0.9999747353559246,1
46837,0.9853890743318742,0
46838,0.9867140554271997,0
46839,0.9617635904665873,0
46840,0.9868280461667663,0
46841,0.9797641946015139,0
46842,0.946517830330531,0
46843,0.8774662790084442,0
46844,0.7161537721067452,1
46845,0.802708775976596,1
46846,0.9742029703838816,0
46847,0.9791299047128963,0
46848,0.9999990011773615,1
46849,0.9987543321943056,1
46850,0.6876765946994917,1
46851,0.6453614917962015,1
46852,0.9733470803831283,0
46853,0.9827531270188281,0
46854,0.9922562838454287,0
46855,0.9882331205601829,0
46856,0.9636562748971913,0
46857,0.9924136764014749,0
46858,0.9880357397881249,0
46859,0.6316684685484534,0
46860,0.9761343854961575,0
46861,0.9934415012645459,0
46862,0.9538754772315389,1
46863,0.7153737622824421,0
46864,1.0,1
46865,0.7516533800330522,0
46866,0.9124546617275952,1
46867,0.9942879707647796,0
46868,0.9241074548914533,0
46869,0.9808919392460786,0
46870,0.9223856748318847,1
46871,0.9999999994337019,1
46872,0.6223159779651839,1
46873,0.9818850560038397,0
46874,0.9898549804039906,0
46875,0.8893717938419807,1
46876,0.6880329861106825,0
46877,0.9825672098920812,1
46878,0.6936020142048687,0
46879,0.7107976997499601,1
46880,0.9528647301525417,0
46881,0.9995999248720433,1
46882,0.9791803014242293,0
46883,0.9845550292861697,0
46884,0.9904254824110748,0
46885,0.9873962766759998,0
46886,0.8058786922115891,1
46887,0.8939206814494888,0
46888,0.8988746319844564,0
46889,0.9281896398364594,0
46890,0.9930693915122667,0
46891,0.8129457182345203,1
46892,0.9213427650356928,0
46893,0.6668611412031894,1
46894,0.9039714265953392,1
46895,0.9777175901596249,0
46896,0.9755646105505056,0
46897,0.9597612134635406,0
46898,0.9927174283080411,1
46899,0.8737230161795368,0
46900,0.8779389914169103,0
46901,0.8621626466227413,0
46902,0.8695022595529507,0
46903,0.9618229513075873,1
46904,0.9871480061755782,0
46905,0.7625459089256597,0
46906,0.9356458244841188,0
46907,0.9785200658940627,0
46908,0.5744446923667185,0
46909,0.9445139397530327,1
46910,0.9447914740404596,0
46911,0.8445484228350361,0
46912,0.9931709642926646,0
46913,0.9738995907350085,0
46914,0.9836993348893197,0
46915,0.5777150897672303,0
46916,0.6721465841309741,0
46917,0.9834014673031158,0
46918,0.8234654982084703,1
46919,0.8860394559976695,0
46920,0.5155052684096766,1
46921,0.85222897011094,0
46922,0.963211212586588,0
46923,0.925887623052595,0
46924,0.9808141746310229,0
46925,0.9921275168367565,0
46926,0.9998519831583883,1
46927,0.9808922436056381,0
46928,0.9784198813220348,0
46929,0.8072689325922293,0
46930,0.967256997233716,0
46931,0.9720404174940487,0
46932,0.8987822276518324,1
46933,0.9792689340844397,0
46934,0.9699605447410273,1
46935,0.8223501900482635,0
46936,1.0,1
46937,0.9332410599140101,0
46938,0.9893886877146607,0
46939,0.9361090300366328,0
46940,0.5554449725590598,0
46941,0.9921147319330551,0
46942,0.99945922103035,1
46943,0.9943020324418498,0
46944,0.5839482150932,0
46945,0.9972965410978001,1
46946,0.9999949101248387,1
46947,0.9267762840599143,0
46948,0.9895220302839006,0
46949,0.978622308049697,0
46950,0.64417488202637,1
46951,0.9401651924668121,0
46952,0.9659416385359825,0
46953,0.9876753772156304,1
46954,0.9859655901350971,0
46955,0.9499371945808284,0
46956,0.9704717333508102,0
46957,0.93281268880602,0
46958,0.9006207421396628,1
46959,0.9679840536097911,0
46960,0.9999999999895293,1
46961,0.9999976561660322,1
46962,0.999645567231022,1
46963,0.9302347128258213,0
46964,0.6020130605318484,0
46965,0.9990568979449983,1
46966,0.8203295378429973,0
46967,0.9787076884810679,0
46968,0.6463320565926346,0
46969,0.6167218053583798,0
46970,0.9545778109131969,1
46971,0.9882815217975185,0
46972,0.9879184497389577,0
46973,0.8781180891858219,0
46974,0.991718210751062,0
46975,0.9993251557001944,1
46976,0.9868168469998488,0
46977,0.5658382263473682,1
46978,0.9849889456932567,0
46979,0.9909698179884857,0
46980,0.9685007677163139,0
46981,0.9872084746171497,0
46982,0.9212384422032687,0
46983,0.77699982641006,0
46984,0.8384952285563315,0
46985,0.9721119018241432,0
46986,0.6486672224547627,0
46987,0.9881252911573629,0
46988,0.828323363226967,0
46989,0.9821403411064531,0
46990,0.7541506932315523,1
46991,0.9872333371639331,0
46992,0.9849997583551192,1
46993,0.985276917685511,0
46994,0.9505661960346473,0
46995,0.6019189608542658,1
46996,0.8706692093532089,0
46997,0.9442264564943719,1
46998,0.7221765490691815,1
46999,0.8802777252236266,1
47000,0.8677936614055269,0
47001,0.9845050939994594,0
47002,0.6143031507615756,0
47003,0.978360139345898,0
47004,0.861186335307542,1
47005,0.9997698467869485,1
47006,0.8333948601556029,0
47007,0.9953115921946495,1
47008,0.9854671371224647,0
47009,0.9061343262898384,1
47010,0.9988853707428492,1
47011,0.9857790418238283,0
47012,0.9827754474310156,0
47013,0.9450561386957835,0
47014,0.9827586036855673,0
47015,0.9973067482734926,1
47016,0.6417713146201204,1
47017,0.9898859682651718,1
47018,0.992448212773086,0
47019,0.99999999824426,1
47020,0.8707071398015046,1
47021,0.7945107699074404,0
47022,0.962503067366284,0
47023,0.8089371964679737,0
47024,0.6654277390649318,1
47025,0.8824014014340194,0
47026,0.8789831755406586,0
47027,0.9867247127256004,0
47028,0.9284283975692875,0
47029,0.9978995050943666,1
47030,0.9152238367884425,0
47031,0.7232642745433974,1
47032,0.9673731563346782,0
47033,0.8101314906420808,0
47034,0.9817257338286449,0
47035,0.5459729811562763,1
47036,0.9820060551238763,0
47037,0.8390081879373195,1
47038,0.9392188256899445,0
47039,0.9729044556694593,0
47040,0.6189869140946984,1
47041,0.6434573454977311,0
47042,0.7567451283296227,0
47043,0.9493277504411276,0
47044,0.7936974246066032,1
47045,0.9313419802221026,0
47046,0.9852591403032975,0
47047,0.8869366212670661,0
47048,0.914266397813357,1
47049,0.9732230431745853,0
47050,0.7043486490346157,0
47051,0.9319818746577979,1
47052,0.8714809706415324,0
47053,0.9599867116942298,0
47054,0.9852294457851669,0
47055,0.9955232293115291,0
47056,0.9865629019779232,0
47057,0.840379161534921,0
47058,0.7440975062526421,0
47059,0.9995300218219643,1
47060,0.9707984108722444,0
47061,0.9999999846940432,1
47062,0.877110220496195,0
47063,0.9517683912902467,1
47064,0.9889536307030186,0
47065,0.9998622186566335,1
47066,0.9999999996772024,1
47067,0.9562196497607491,0
47068,0.9550362592269478,0
47069,0.8753301349847723,0
47070,0.9999658927261833,1
47071,0.8580603073701941,1
47072,0.9233471881106958,0
47073,0.9208336421101349,0
47074,0.9763157729815009,0
47075,0.6849256283882698,0
47076,0.9100393534928282,0
47077,0.9159534083345153,1
47078,0.8849707989914956,0
47079,0.9574074682523244,0
47080,0.9854104032570157,0
47081,0.9664554510025465,0
47082,0.8799860349767159,0
47083,0.9601192902275859,0
47084,0.9687457167025945,1
47085,0.9467261699450611,0
47086,0.9965176327799009,1
47087,0.9863816804922498,0
47088,1.0,1
47089,0.9999999377094327,1
47090,0.9778000546858325,0
47091,0.9025904259796863,1
47092,0.6735553577115085,0
47093,0.9800596941847978,1
47094,0.9837323412875838,0
47095,0.8510799258534555,0
47096,0.932961803217747,0
47097,0.9116580438017301,0
47098,0.9826987232368519,0
47099,0.9968914940666854,1
47100,0.83885313908021,0
47101,0.9188532152736117,1
47102,0.9029210864326702,1
47103,0.9414731877856152,0
47104,0.9907061131936401,0
47105,0.98283074108516,0
47106,0.9657825369086152,1
47107,0.9324678674292146,0
47108,0.9673322719841542,0
47109,0.978996895760348,0
47110,0.6050298242163372,1
47111,0.6195678220185258,0
47112,0.8609455083527426,0
47113,0.7412128506688859,1
47114,0.6356058389008742,1
47115,0.8561138299768388,0
47116,0.9204645724100584,0
47117,0.999999999551219,1
47118,0.9999161939413045,1
47119,0.9128783270534864,0
47120,0.7831461514346628,0
47121,0.9887581552217094,0
47122,0.6674395540767719,1
47123,0.6273965702837149,1
47124,0.9855792720991109,0
47125,0.9360328264564977,0
47126,0.9442577551746872,0
47127,0.7541844027996456,1
47128,0.587799386825527,1
47129,0.9894692607796387,0
47130,0.8819043116430361,0
47131,0.9996011303854955,1
47132,0.9905435022932754,0
47133,0.9999999945427618,1
47134,0.9471520267608734,0
47135,0.9224506279347028,0
47136,0.6687106596198009,0
47137,0.9420856220841303,0
47138,0.6787607468361442,1
47139,0.6716037303222264,1
47140,0.8831513393021069,0
47141,0.9925067648214538,1
47142,0.9928421698624895,0
47143,0.9403472625924063,1
47144,0.9726224434325786,0
47145,0.9970873563887612,1
47146,0.9849560170091073,0
47147,0.935779834790182,0
47148,0.9907879211427858,0
47149,1.0,1
47150,0.9999999999999827,1
47151,0.540983475154544,1
47152,0.9585213255308088,0
47153,0.8353932312272081,0
47154,0.8668514852791053,0
47155,0.9910878556848713,0
47156,0.9752471008611832,0
47157,0.9931305579580222,0
47158,0.873119849209581,1
47159,0.9346418781744561,1
47160,0.9971590792675366,1
47161,0.6445643670795184,0
47162,0.9808771824639677,0
47163,0.9705745138369872,0
47164,0.725295758117163,0
47165,0.9614760700666071,0
47166,0.6768897586854393,0
47167,0.9826405254041433,0
47168,0.9983836245699907,1
47169,0.9801991776186287,0
47170,0.9623252666071286,1
47171,0.5048829590979689,1
47172,0.9315813114886696,0
47173,0.9700145261173836,0
47174,0.989791588901948,0
47175,0.666057070754759,0
47176,0.9390960107404086,0
47177,0.8672172239064527,1
47178,0.6309774114456089,1
47179,0.9797925566107933,0
47180,1.0,1
47181,0.908005070290991,0
47182,0.7774048567666557,1
47183,0.9613643712465659,0
47184,0.9236829444228705,1
47185,0.8663002707413476,0
47186,0.7509270005886275,0
47187,0.9875171202481114,0
47188,0.7561447193152601,0
47189,0.6342491355886744,0
47190,1.0,1
47191,0.972164807901688,0
47192,0.925591234661003,1
47193,0.9721175286453962,0
47194,0.7976969812282161,0
47195,0.9941050843790172,1
47196,0.5977118402610196,1
47197,0.9957851612323191,1
47198,0.9175131426429237,0
47199,0.925952710696078,0
47200,0.5430774987544262,0
47201,0.7000533010024735,0
47202,0.9722129916232569,0
47203,0.9999999993028803,1
47204,0.9373521942157519,1
47205,0.9057453436662511,0
47206,0.8934144972888374,0
47207,0.9775958720370378,0
47208,0.5982895063374367,1
47209,0.9613896369097992,0
47210,0.9906800982012726,0
47211,0.9829763587664728,0
47212,0.9407449865487714,0
47213,0.9807821857998785,0
47214,0.6225455813239562,0
47215,0.5834393704252564,1
47216,0.9776980618017768,0
47217,0.7055600544591241,1
47218,0.9918990769511364,0
47219,0.891664243702219,1
47220,0.8444612261836706,0
47221,0.9880887349306331,0
47222,0.9538631229336884,0
47223,0.8934317196168517,0
47224,0.9812566237276924,0
47225,0.9482881691315598,0
47226,0.9717899872187229,0
47227,0.8231043138901252,1
47228,0.9852431147091046,0
47229,0.9892115217288774,0
47230,0.9999949370161055,1
47231,0.6958561884644604,0
47232,0.8545474008349975,0
47233,0.9845387722972759,0
47234,0.9927761975699837,1
47235,0.8730940423107668,0
47236,0.9936272954298794,0
47237,0.9999930228408376,1
47238,0.9649157798587207,0
47239,0.9985927012938126,1
47240,0.9642452587468505,0
47241,0.999999999344221,1
47242,0.7281777487724045,0
47243,0.9903951338774443,0
47244,0.784986531607684,0
47245,0.9568443352570639,0
47246,0.7857563624774376,0
47247,0.7173619845598944,1
47248,0.7776582853778409,0
47249,0.8940455863434378,0
47250,0.936694711649545,0
47251,0.8813697377285085,0
47252,0.8404647049116197,1
47253,0.9063668495089393,0
47254,0.796178213359248,1
47255,0.6990928417119194,0
47256,0.9918728006815687,0
47257,0.9513078186025546,0
47258,0.9334858386563762,0
47259,0.9999998708473786,1
47260,0.9850091995779167,0
47261,0.8909129630996288,0
47262,0.9075360697760905,1
47263,0.6356941091049881,1
47264,0.6160826860518563,0
47265,0.9113448957549041,0
47266,0.9830493639609899,0
47267,0.9999999999985398,1
47268,0.9880835262437876,0
47269,0.724662566015569,0
47270,0.970860365964544,1
47271,0.8524990877071371,0
47272,0.8867259592924719,1
47273,0.9922562838454287,0
47274,0.7454797409783956,0
47275,0.9486673333214583,0
47276,0.9714665337657096,0
47277,0.9482585392497596,0
47278,0.9671243699475051,0
47279,0.9369531288447364,1
47280,0.7696284369187194,1
47281,0.9809885008471317,0
47282,0.9990597938551561,1
47283,0.7934594271614102,0
47284,0.6263514904094586,0
47285,0.9900147349042184,0
47286,0.9999999944328044,1
47287,0.991438006835934,1
47288,0.9909052405536037,0
47289,0.9868917373842327,1
47290,0.9836991315863781,1
47291,0.6441796148199451,1
47292,0.999880245181781,1
47293,0.9999968773895295,1
47294,0.8769157267329308,0
47295,0.8094809858026835,1
47296,0.986818138257731,0
47297,0.9916210881931633,0
47298,0.9233991416126641,0
47299,0.837470668077916,0
47300,0.9852335948876726,0
47301,0.929445395664793,0
47302,0.9522720484591873,0
47303,0.9538889211343652,0
47304,0.9607516258316393,0
47305,0.9154358182406669,0
47306,0.6904296742149977,0
47307,0.9475006746307201,0
47308,0.9999999999998119,1
47309,0.784181297035618,0
47310,0.974396892748415,0
47311,0.8628772028000604,1
47312,0.9297270469485517,0
47313,0.7548421796316358,0
47314,0.890328772361238,0
47315,0.9896064403157648,1
47316,0.9732274994821202,0
47317,0.6117731144933092,1
47318,0.9851657286508574,0
47319,0.9633624010220647,0
47320,0.9869202383603206,0
47321,0.5692293668171274,1
47322,0.5011471013910382,1
47323,0.8500447558460102,0
47324,0.9688538628772319,0
47325,0.9987740136531424,1
47326,0.897723099456082,0
47327,0.9860149395660981,0
47328,0.5152391170802526,1
47329,0.9899043503605174,0
47330,0.9974279596003415,1
47331,0.9193575724945069,0
47332,0.9546826197693072,0
47333,0.6961381690040988,1
47334,0.847343295500274,0
47335,0.8993566180331828,0
47336,0.8535123988346611,1
47337,0.8299586795196013,0
47338,0.9860210109478617,0
47339,0.9613204746913105,0
47340,1.0,1
47341,0.9947713848979965,0
47342,0.9521905607422749,0
47343,0.7293802123921386,0
47344,0.6760809659853885,1
47345,0.9648180350257026,0
47346,0.9999843207697207,1
47347,0.5996896423917668,1
47348,0.9863795266395166,0
47349,0.9997870138872211,1
47350,0.8304396511672908,1
47351,0.9569258300524166,0
47352,0.9840074449613322,0
47353,0.9999999944056195,1
47354,0.9892852105890692,0
47355,0.9213712547814039,0
47356,0.9639196422281938,1
47357,0.8540270548115181,1
47358,0.5431198583556709,0
47359,0.9999967289220248,1
47360,0.8103800012711857,0
47361,0.6051141889572345,0
47362,0.9747992203236502,0
47363,0.9906809366616135,0
47364,0.981632866411708,0
47365,0.7097955408586861,0
47366,0.9903743590767923,0
47367,0.9288620742020486,0
47368,0.9526929575807062,0
47369,0.9427717908025952,0
47370,0.9899650743911902,0
47371,0.9815404056509304,0
47372,0.9768130544508022,0
47373,0.8367278558366307,1
47374,0.9531204393962671,0
47375,0.9793281877527199,0
47376,0.9975410984194728,1
47377,0.9685531353574922,0
47378,0.9731547915334924,0
47379,0.9152106020090721,0
47380,0.9999874633640635,1
47381,0.5556323411777127,0
47382,0.7461035892106221,1
47383,0.7374012598950596,0
47384,0.9388787358810659,0
47385,0.93542253643556,0
47386,0.9080553843013338,0
47387,0.9799839776474807,0
47388,0.8707926048927039,0
47389,0.9748340369731632,0
47390,0.6953745730009311,0
47391,0.9853312141663526,0
47392,0.994741581977387,1
47393,0.986900014450124,0
47394,0.9999999999760965,1
47395,0.932064816125538,0
47396,0.9899289103179981,0
47397,0.9444289274670592,0
47398,0.9567885225594207,0
47399,0.6024365154489342,1
47400,0.9798881800323386,0
47401,0.7527938367598014,0
47402,0.974548775943175,0
47403,0.9999269631664022,1
47404,0.9999696906248179,1
47405,0.8653063228064151,1
47406,0.9995919824530412,1
47407,0.9748094373644487,0
47408,0.9895674444053133,0
47409,0.9261697428568774,0
47410,1.0,1
47411,0.9757471411707405,0
47412,0.9431904518418722,1
47413,0.7643961627398149,0
47414,0.9048982053185769,0
47415,0.9999996836449664,1
47416,0.9999955394684404,1
47417,0.5982378146411041,1
47418,0.9402525674719989,0
47419,0.9800671757788898,0
47420,0.9437224697500419,1
47421,0.9724149727165311,0
47422,0.9999570688845746,1
47423,0.7457774482442483,0
47424,0.993209737896384,0
47425,0.6385028017803704,1
47426,0.8570388436571461,1
47427,0.9983139698756741,1
47428,0.8712599927650378,0
47429,0.9564264509960398,0
47430,0.5504929540080754,1
47431,0.9592783836911978,1
47432,0.6823245263015044,1
47433,0.9000004356950855,0
47434,0.9502821769689674,1
47435,0.5460151631608191,1
47436,0.9814969432798737,0
47437,0.9531907383183257,0
47438,0.836678168373446,1
47439,0.9061017793609326,0
47440,0.9196921588170334,0
47441,0.7139317116546554,0
47442,0.9445922106896736,1
47443,0.9069927133226942,0
47444,0.990753056349156,0
47445,0.9903565107317616,0
47446,0.7303332234098112,1
47447,0.9918547711744823,0
47448,0.9999999997331406,1
47449,0.9908992373427093,0
47450,0.9955232293115291,0
47451,0.9840418029598003,0
47452,0.9723915800698615,0
47453,0.9999999999999662,1
47454,0.6884147195681847,1
47455,0.9451239120372268,0
47456,0.970672642344206,0
47457,0.9819743143844281,0
47458,0.8579302962958195,0
47459,0.9999997101000828,1
47460,0.9434422301190449,0
47461,0.9714743054684916,1
47462,0.7784937538950393,0
47463,0.9499756576672637,0
47464,0.9749827738362785,0
47465,0.9977521170725155,1
47466,0.619795603236241,0
47467,0.9839633788646925,1
47468,0.7866228996633343,0
47469,0.9920557654941972,0
47470,0.9852372981047668,0
47471,0.910232230914571,0
47472,0.9145473903453823,0
47473,0.960929290645713,0
47474,0.9975220767213475,1
47475,0.9153531033398078,0
47476,0.9860732451487219,0
47477,0.9262982597003289,0
47478,0.908386424737352,0
47479,0.6943406862404434,0
47480,0.8285941337670258,0
47481,0.9878253410543486,0
47482,0.8198858594691091,0
47483,0.7008086005624312,1
47484,0.7636346842867862,1
47485,0.9769750233025508,0
47486,0.7298791999993299,0
47487,0.9174856520988075,0
47488,0.9816499151399695,0
47489,0.5724969527758257,1
47490,0.9700522816158228,0
47491,0.8166297339325234,1
47492,0.9999999999999967,1
47493,0.9861340748686038,0
47494,0.9926547984862912,0
47495,0.9851057946740429,0
47496,0.9760201115614084,0
47497,0.9901417090241507,1
47498,0.9767230117226476,0
47499,0.9999964460007723,1
47500,0.9795162825970453,0
47501,0.8710825181955372,1
47502,0.9223041552270238,0
47503,0.9787311013553311,0
47504,0.9398567623627442,0
47505,0.9871843523336907,0
47506,0.9171237781621735,0
47507,0.9999938170003554,1
47508,0.5593805664165746,1
47509,0.9883953066811347,0
47510,0.853876593708985,1
47511,0.9865619663956394,0
47512,0.9999983223139544,1
47513,0.9987557428569974,1
47514,0.8948387230724961,0
47515,0.9862677364036463,0
47516,0.9999999999997649,1
47517,0.9874878885053125,0
47518,0.9673644067279745,0
47519,0.9911882171089524,0
47520,0.9998412974507206,1
47521,0.5888399677945994,0
47522,0.9574166439486255,0
47523,0.9999842293217257,1
47524,0.9977354862531825,1
47525,0.9923355038804549,0
47526,0.9461997013571031,0
47527,0.9591555035992905,0
47528,0.8873969827070902,0
47529,0.9269597863171,0
47530,0.9992883356332903,1
47531,0.8056509098556233,0
47532,0.9795558854637849,0
47533,0.9711974793370242,0
47534,0.848145301533204,0
47535,0.9999986246425543,1
47536,0.9689541704750544,0
47537,0.9525030910207021,0
47538,0.9433173987824821,0
47539,0.952950537612564,0
47540,0.7091739623589777,0
47541,0.7469586050042102,0
47542,0.9885351744949445,0
47543,0.5670331456185486,1
47544,0.9849552700062869,1
47545,0.9955232293115291,0
47546,0.9649766254869273,0
47547,0.7750255292392406,1
47548,0.999350911336553,1
47549,0.9931154885790324,0
47550,0.7665335737607842,0
47551,0.5491646124160966,1
47552,0.6327651514119592,0
47553,0.9999992526672997,1
47554,0.567600910723742,1
47555,0.9660536502442806,0
47556,0.9771989624733842,0
47557,0.999016098967987,1
47558,0.7047206088326252,0
47559,0.989733271304691,0
47560,0.9929248517828668,1
47561,0.8584133090371948,0
47562,0.999999868108386,1
47563,0.8808101513364426,0
47564,0.981868907589082,0
47565,0.9814269690393931,0
47566,0.8122506720553146,1
47567,0.8886092166867259,1
47568,0.990211411747527,0
47569,0.9612041617207614,0
47570,0.5288634483592304,0
47571,0.9985166076024067,1
47572,0.9999999999954121,1
47573,0.9999999998605176,1
47574,0.5910904658514528,0
47575,0.9904628731408529,0
47576,0.9469905096379624,0
47577,0.9449845319817431,0
47578,0.8671300439684261,0
47579,0.7623956120520181,0
47580,0.6200000019718686,1
47581,0.9901591037172924,0
47582,0.888521068806006,0
47583,0.9564443185727367,0
47584,0.9558040298750852,0
47585,0.9773634294273031,1
47586,0.9938387563699101,1
47587,0.9686101447637392,0
47588,0.6778777154103316,0
47589,0.9999999999999754,1
47590,0.6869628771801594,0
47591,0.990668846326717,0
47592,0.7623021710133333,0
47593,0.970651388481948,0
47594,0.922290230030737,0
47595,0.9915558981045461,1
47596,0.8786872614930241,0
47597,0.5544287980579782,0
47598,0.8964609569297378,0
47599,0.8428524570332813,0
47600,0.9619464360292884,0
47601,0.7136930325324319,1
47602,0.745396376685294,1
47603,0.951235036080606,0
47604,0.9999561119347409,1
47605,0.7067244811048139,0
47606,0.991478748220624,0
47607,0.910300034914893,0
47608,0.9999998307733187,1
47609,0.8334988423623326,0
47610,0.9999056763359097,1
47611,0.9999999998969678,1
47612,0.9999999999995963,1
47613,0.9682337625638265,0
47614,0.6717326168518506,1
47615,1.0,1
47616,0.6184780897855819,1
47617,0.6479186523190182,1
47618,0.9287678994605902,0
47619,0.9999999974903839,1
47620,0.9430109927336554,0
47621,0.9591948022598763,0
47622,0.5542325955239409,1
47623,0.9630602559382444,1
47624,0.7788080889705334,0
47625,0.8993271542570541,0
47626,0.61080773149154,0
47627,0.979933663750678,0
47628,0.8837877455174151,0
47629,0.9988405908355543,1
47630,0.889351604369707,1
47631,0.8843120568811317,1
47632,0.9732977457785603,0
47633,0.9620674053842968,1
47634,0.9230691704080551,0
47635,0.877712861069618,0
47636,0.9605050869113382,0
47637,0.9603328970030043,1
47638,0.8885053340767807,1
47639,0.9197533699410989,0
47640,0.9823596458344055,0
47641,0.8538873262398439,1
47642,0.803149727949608,1
47643,0.9917416951767483,0
47644,0.9998631230586997,1
47645,0.9304903131232524,0
47646,0.9441719182163217,0
47647,0.9670443621534697,1
47648,0.9783374579760662,1
47649,0.9452443970630554,0
47650,0.9752927757756784,0
47651,0.8819189142144851,0
47652,0.9999997879814451,1
47653,0.6712087500580186,1
47654,0.9806076344159285,0
47655,0.9009212608096162,1
47656,0.7129062485594233,0
47657,0.9996472500669897,1
47658,0.9147553460209317,0
47659,0.970618922883524,0
47660,0.6869591541602985,0
47661,0.991804686637774,0
47662,0.9778238752963982,1
47663,0.9845006408329788,0
47664,0.9999994092024038,1
47665,0.9765853441840906,1
47666,0.916525872219947,0
47667,0.70595771988668,0
47668,0.9399520794633798,0
47669,0.9923833306183149,0
47670,0.9825433978837711,0
47671,0.8422926423964999,1
47672,0.9203188372283458,0
47673,0.9128831373089612,0
47674,0.9863154800099796,0
47675,0.6625648501798429,0
47676,0.7751360964798388,0
47677,0.9861357558876064,0
47678,0.7881825222411276,0
47679,0.9891441454805447,0
47680,0.758293696873692,1
47681,0.8649110802771957,0
47682,0.8948489125873034,0
47683,0.8254816311872754,0
47684,0.9943020324418498,0
47685,0.8723524220905851,0
47686,0.9568322874910222,0
47687,0.991804686637774,0
47688,0.9351417854606576,0
47689,0.7922064097473559,0
47690,0.571187245919739,0
47691,0.9770360541707053,0
47692,0.7479741135595844,0
47693,0.9849805281375948,0
47694,0.9885908945090921,0
47695,0.8821504091361451,0
47696,0.890347283114812,0
47697,0.512951431255176,1
47698,0.9992989171334632,1
47699,0.9789721385640464,0
47700,0.9833720408164714,0
47701,0.9906325255737671,0
47702,0.956073596124481,0
47703,0.9935981537947342,0
47704,0.9826836610107808,0
47705,0.9807290586952637,0
47706,0.9850294395537232,0
47707,0.9921792924968669,0
47708,0.9296132413208785,0
47709,0.9897549730769624,1
47710,0.9999999990808728,1
47711,0.9834970194484095,0
47712,0.9804098404645966,0
47713,0.9227302299294801,0
47714,0.6348337895030588,0
47715,0.9999999999992943,1
47716,0.9788995399809906,0
47717,0.9854283947332032,0
47718,0.9688132903921117,1
47719,0.9767210567506895,0
47720,0.5084587871908899,1
47721,0.9900332108752693,0
47722,0.9692807813482582,0
47723,0.6554098619850284,1
47724,0.9602886940564644,1
47725,0.9701763581237955,0
47726,0.7242905608660257,0
47727,0.8068403289449207,0
47728,0.5222864674252369,0
47729,0.975726922598485,0
47730,0.912942652906726,1
47731,0.9450417390758701,1
47732,0.9896497530945086,0
47733,0.9101516533660846,0
47734,0.6379807637806538,1
47735,0.9847835104669838,0
47736,0.6771316427305393,1
47737,0.6470652125032788,0
47738,0.9042109443457872,0
47739,0.9762400842515594,0
47740,0.9448124058593161,0
47741,0.6536805307631474,0
47742,0.9417402865325081,1
47743,0.9566780948959438,0
47744,0.9491817617173621,1
47745,0.8276213092250384,0
47746,0.9468627785312614,1
47747,0.9981143542512485,1
47748,0.5646625168205556,0
47749,0.935111314991691,0
47750,0.8205302286033449,0
47751,0.9731465735255449,0
47752,0.6259450528377862,0
47753,0.9158887375241431,0
47754,0.5683409253003485,0
47755,0.9138291354689406,0
47756,0.9875595150257255,0
47757,0.9439671114083678,0
47758,0.9786449464673733,0
47759,0.9999999982214196,1
47760,0.8345016904253865,1
47761,0.9851291000238402,0
47762,0.8091530468792234,0
47763,0.9836937441168749,0
47764,0.9906351802685456,0
47765,0.6731139302125221,1
47766,0.9666691315834288,0
47767,0.9765365206480325,0
47768,0.9999999999976135,1
47769,0.9317895608063298,0
47770,0.9449187301944788,0
47771,0.9291893653272841,0
47772,0.7671009107595897,1
47773,0.9841380149162947,0
47774,0.6647702963035919,1
47775,0.890519175027089,0
47776,0.9999999999999452,1
47777,0.8632449934501167,0
47778,0.9155085197618967,1
47779,0.9909387209234423,0
47780,0.687195396755325,0
47781,0.5845666842695143,1
47782,0.9530735577042173,0
47783,0.9989177015085211,1
47784,0.9998582753749036,1
47785,0.9223480734120036,0
47786,0.8155359916596283,0
47787,0.9869288756366965,0
47788,0.6736503579156786,1
47789,0.9838814847206316,1
47790,0.9603542533573076,0
47791,0.9756617409583114,1
47792,0.7721343592055637,0
47793,0.9797383830186474,0
47794,0.8650544536669849,0
47795,0.9966967687054336,1
47796,0.520114325738776,0
47797,0.9765190967466835,0
47798,0.9713992407652736,0
47799,0.5391036529678985,0
47800,0.9807791605125347,0
47801,0.9898549337779108,0
47802,0.9907493155685729,0
47803,0.9830589956481772,0
47804,1.0,1
47805,0.9854132842035007,1
47806,0.6733969641645219,1
47807,0.7753868846774601,0
47808,0.9746842937306001,0
47809,0.6121768513964568,1
47810,0.9908998482357463,0
47811,0.5832233297361168,1
47812,0.9999998870571973,1
47813,0.8905869584315363,0
47814,0.8728501607444524,0
47815,0.9827846123895876,0
47816,0.9808362835982719,0
47817,0.7946541332831202,1
47818,0.974403333340565,0
47819,0.7737807342603077,1
47820,0.9743280330058808,0
47821,0.9647996208911941,0
47822,0.5937783915503576,0
47823,0.9563348215527464,0
47824,0.9007476004602367,1
47825,0.9942866339819647,1
47826,0.949095144835936,0
47827,0.9998771886554176,1
47828,0.9877729485132193,0
47829,0.6593429301833421,0
47830,0.8936540055581389,1
47831,0.8183579972638401,0
47832,0.9396114847980132,0
47833,0.9865167483701601,0
47834,0.900447976038646,0
47835,0.78125525135673,0
47836,0.9829171081372977,0
47837,0.6578609345930854,0
47838,0.9999993545329671,1
47839,0.7434319581908188,0
47840,0.8633295989987559,1
47841,0.951969641236055,0
47842,0.9999999011097249,1
47843,0.9875599971477265,0
47844,0.9791260074071404,1
47845,0.9990077091916642,1
47846,0.7300007774474155,1
47847,0.964784060839133,0
47848,0.9505776444413426,1
47849,0.7439690627950928,0
47850,0.9926012094300654,0
47851,0.9487715450069144,0
47852,0.98832525736795,0
47853,0.8881129466098345,1
47854,0.9108923011008934,1
47855,0.9367762480835076,1
47856,0.9814173017962112,0
47857,0.9884053608251955,0
47858,0.9585252525427689,0
47859,0.8276972851390215,0
47860,0.9763025125956613,0
47861,0.998070441263585,1
47862,0.9535201755344002,0
47863,0.9836408078558658,0
47864,0.9822406555302448,0
47865,0.6045679268591233,1
47866,0.7924656593132455,0
47867,0.9938462336565224,0
47868,0.9597030551580732,1
47869,0.9654007518705212,0
47870,0.796786300076464,0
47871,0.8692436392373137,0
47872,0.9569614490241285,0
47873,0.6540973974974836,0
47874,0.7019574224341771,0
47875,0.9918490185834715,0
47876,0.9055768157331642,1
47877,0.9485682039590657,0
47878,0.9470929888839733,1
47879,0.9681472690498543,0
47880,0.8297560214491796,1
47881,0.973794726313675,0
47882,0.9748249859188503,0
47883,0.9609810881615961,0
47884,0.8091525927660864,0
47885,0.5265474089246457,1
47886,0.9900784258298047,0
47887,0.9772295022230907,0
47888,0.9867043448301805,0
47889,0.9138643550214977,0
47890,0.8778120841043009,1
47891,0.9542005292320818,0
47892,0.9676666613312869,0
47893,0.9914037447288632,0
47894,0.956200169105077,0
47895,0.9999597490362122,1
47896,0.9907505120701495,0
47897,0.9798404480646684,0
47898,0.9868853641237496,0
47899,0.99999999999975,1
47900,0.9920519470444741,0
47901,0.766488418881524,1
47902,0.6705696635415882,0
47903,0.8098104450600443,0
47904,0.7960758893664941,0
47905,0.6923089167225651,1
47906,0.8952531071319736,1
47907,0.9563549039961604,0
47908,0.9531798961838205,0
47909,0.729845524142651,0
47910,0.9873220495923515,0
47911,0.9892201649520784,1
47912,0.9584870735878974,0
47913,0.9866085492349683,0
47914,0.876798843357242,0
47915,0.8726630547454425,0
47916,0.9670172602379504,0
47917,0.980429574402008,0
47918,1.0,1
47919,0.8171582315066722,0
47920,0.9817830644023858,0
47921,0.9745258498931153,0
47922,0.9999999999486766,1
47923,0.9814889998779578,0
47924,0.9999999886646852,1
47925,0.7680373884258996,0
47926,0.9768463097405041,0
47927,0.9999999999287823,1
47928,0.804213605867538,0
47929,0.6242259858930583,0
47930,0.6224093923821526,1
47931,1.0,1
47932,0.9622600274341715,0
47933,0.9692388025688992,0
47934,0.9470112875166126,0
47935,0.9522764402921032,1
47936,0.9538797587331244,1
47937,0.9977061737293802,1
47938,0.9180562443563114,1
47939,0.7147182427647385,0
47940,0.9918962264881594,0
47941,0.6669723100257099,0
47942,0.8517160286688771,0
47943,0.6696315276077938,0
47944,0.9778211356133707,1
47945,1.0,1
47946,0.9910904763302055,0
47947,0.9860516667305117,0
47948,0.8784313950516309,1
47949,1.0,1
47950,0.8529699188881488,1
47951,0.9447424665551947,0
47952,0.7966827479147273,1
47953,0.9329833682269324,0
47954,0.9809704267825998,0
47955,0.9999934242292734,1
47956,0.6947409330580514,0
47957,0.9884856719845229,0
47958,0.959416288645337,0
47959,0.8952107243948909,0
47960,0.9849891402387849,0
47961,0.9722425343868161,1
47962,0.9625826963126888,0
47963,0.9878070976511496,0
47964,0.876447340267867,0
47965,0.9917311937587314,0
47966,0.9758836398478463,0
47967,0.9999999999999991,1
47968,0.8556214342606365,0
47969,0.5942215973569313,0
47970,0.9248336680844154,0
47971,0.978572410843317,0
47972,0.9762842433490964,0
47973,0.9895244012098856,0
47974,0.9901376041605735,0
47975,0.6960825136337966,0
47976,0.990520823136861,0
47977,0.9693835868764042,0
47978,0.6658361312606036,1
47979,0.7715432884703527,0
47980,0.9720278552518169,0
47981,0.9905482334338807,0
47982,0.9790672145373068,0
47983,0.9999999983817438,1
47984,0.9681521878893017,0
47985,0.9792718115270742,0
47986,0.8163631599956473,0
47987,0.9942028509656345,1
47988,0.9239261189514137,0
47989,0.5957576812169889,1
47990,0.5347201567490707,0
47991,0.7188515607598963,1
47992,0.9828992305058348,0
47993,0.9872012843817325,0
47994,0.8652704762273574,0
47995,0.8928620462064667,0
47996,0.9622546874268096,0
47997,0.935189695978151,1
47998,0.93033100978201,1
47999,0.9785177131263514,0
48000,0.9834119199628979,0
48001,0.9770913968908496,0
48002,0.964024670518295,0
48003,0.9034492591686017,0
48004,1.0,1
48005,0.9895597990164346,0
48006,0.9820521950738975,0
48007,0.9915342317199546,0
48008,0.9715086022541919,1
48009,0.971261968546778,0
48010,0.7532499686934282,0
48011,0.9008314230036457,0
48012,0.988298592586529,0
48013,0.926915093261893,0
48014,0.5277134765456543,1
48015,0.9915461497217638,0
48016,0.967228839217452,0
48017,0.5938031878630877,0
48018,0.5894349215840965,0
48019,0.9284378198334768,0
48020,0.9696134714647268,0
48021,0.8217655449986864,0
48022,0.9999999907938166,1
48023,0.9951849281135396,1
48024,0.9486508863270513,1
48025,0.9587869920130456,0
48026,0.8617797092431968,1
48027,0.6617687479018649,0
48028,0.9990544147141406,1
48029,0.5692392680025404,1
48030,0.5193247140321747,1
48031,0.9956314921463927,1
48032,0.9589659107963046,0
48033,0.9997091463696921,1
48034,0.9142581328741923,0
48035,0.8658808797274454,0
48036,0.9915502382203949,0
48037,0.9923416866435171,1
48038,0.9671656108780883,0
48039,0.9190364893294641,0
48040,0.8771918425299785,1
48041,0.7769358462405436,0
48042,0.9988268172071636,1
48043,1.0,1
48044,0.9825820039177969,0
48045,0.957284187783142,0
48046,0.662339128744444,0
48047,1.0,1
48048,0.986132701601332,0
48049,0.9823838111194348,0
48050,0.9366420504109134,0
48051,0.9819299581095718,0
48052,0.9547073913956617,0
48053,0.936830101917531,0
48054,0.9981410561100432,1
48055,0.6901242176793599,1
48056,0.9906554828308992,0
48057,0.9385929304447268,1
48058,1.0,1
48059,0.9850955940884951,1
48060,0.9820071576478496,0
48061,0.9895003462583596,0
48062,0.9663438405135303,0
48063,0.9999391015624206,1
48064,0.9902135495688296,0
48065,0.6374992479320185,0
48066,0.7869645307578936,0
48067,0.7423905403187859,1
48068,0.8044731211247762,0
48069,0.5875681406588276,1
48070,0.95972882212326,1
48071,0.9278705307235239,0
48072,0.9922917814800735,0
48073,0.9853789415280759,1
48074,0.9297244999149703,1
48075,1.0,1
48076,0.9426385106784293,0
48077,0.815901820415075,1
48078,0.9626032796919589,0
48079,0.8898771011487729,1
48080,0.9747343177705938,1
48081,0.9450694816807792,0
48082,0.7361991264988021,1
48083,0.5543071811817567,0
48084,0.5822166076001173,0
48085,0.6552507125162718,0
48086,0.9746128730373009,0
48087,0.9931709642926646,0
48088,0.8186027351604361,0
48089,0.9999995278925589,1
48090,0.8855549621917568,0
48091,0.8289535982819493,1
48092,0.9926222256967253,1
48093,0.9105974040674665,0
48094,0.9895113377324409,0
48095,0.9753234741290597,0
48096,0.9999999999999927,1
48097,0.9745771859563283,0
48098,0.9540231717456202,1
48099,0.8762604659781482,0
48100,0.9943850951596055,0
48101,0.9742976882200324,0
48102,0.9876470042765374,0
48103,0.9865680581688054,0
48104,0.9594231149425669,0
48105,0.6943971759585739,0
48106,0.9851088525808012,0
48107,0.588415708358064,0
48108,0.9922562838454287,0
48109,0.9999999037278228,1
48110,0.982807197269665,1
48111,0.9860668942734049,0
48112,0.7944197780918388,1
48113,0.9662133298557413,0
48114,0.9285030245182412,0
48115,0.9902135495688296,0
48116,0.9741630412703034,0
48117,0.9999999999994644,1
48118,0.9931709642926646,0
48119,0.9689586018089028,0
48120,0.831547597302884,1
48121,0.9854226480520517,0
48122,0.990211411747527,0
48123,0.9968764404579524,1
48124,0.8171781568092824,1
48125,0.6442959737851509,1
48126,0.9999999999999878,1
48127,0.9872120772361268,0
48128,0.9909811562290549,0
48129,0.9758939673036496,0
48130,0.9954198929789704,0
48131,0.9686121339187768,0
48132,0.9360440241981034,0
48133,0.9658699269437995,0
48134,0.6735897520539535,0
48135,0.9440211511695958,0
48136,0.9491122886917168,0
48137,0.9972646642432598,1
48138,0.9843039653950942,0
48139,0.6891310092367152,0
48140,0.9618130903795278,0
48141,0.9771594804354482,0
48142,0.9382014202817087,0
48143,0.6538221894873087,0
48144,0.9602601426924728,0
48145,0.5461046993392086,1
48146,0.9851703954297079,0
48147,0.8777753956332469,0
48148,0.9999977315708356,1
48149,0.7111691371358162,1
48150,0.9877683736034658,0
48151,0.9992682569151745,1
48152,0.9000411725570894,1
48153,0.8146747351220051,1
48154,0.9897114459126652,0
48155,0.9909523180795041,1
48156,0.9920802933840656,0
48157,0.9464653722816608,0
48158,0.9105640474167114,0
48159,0.7645993685114513,0
48160,0.9890799588356121,0
48161,0.6937565669429112,1
48162,0.662404114229178,0
48163,0.9744792336964619,0
48164,0.9783359718101388,0
48165,0.9617821222440023,0
48166,0.645730995510968,0
48167,0.9524846811587648,0
48168,0.8808067605646036,1
48169,0.9881252911573629,0
48170,0.9842137802665751,0
48171,0.9838949413378666,0
48172,0.514343885459179,0
48173,0.9998633804435875,1
48174,0.9879447618229744,0
48175,0.5264846515350513,1
48176,0.9737754267379195,0
48177,0.9791089694429196,0
48178,0.9981909359442108,1
48179,0.988182749239833,0
48180,0.9369224947576441,0
48181,0.9954552677146401,1
48182,0.9750435001641826,0
48183,0.8886447431830278,0
48184,0.9682311079393147,1
48185,0.9910033764950524,0
48186,0.904574323910919,0
48187,0.6656873136093509,1
48188,0.8969243517196764,0
48189,0.9576813056832975,1
48190,0.5181148489732048,1
48191,0.9734135920870383,1
48192,0.6378109167780616,1
48193,0.9217712640001454,0
48194,0.9734515677176235,0
48195,0.9039475649423795,0
48196,0.9760252117590067,0
48197,0.7637008263537497,1
48198,0.9928421698624895,0
48199,0.9546713900898144,1
48200,0.8823088097234082,0
48201,0.9660040216867165,0
48202,0.657169866807067,0
48203,0.9290021627406483,0
48204,0.9616920518826468,0
48205,0.8842297444474532,0
48206,0.9551564484792701,0
48207,0.6254009652752314,1
48208,0.894104276230204,1
48209,0.9867547923851538,0
48210,0.991997844425096,1
48211,0.9884153293699929,0
48212,0.7383322968756771,0
48213,0.9661358426794405,0
48214,0.952336648462474,0
48215,0.9752411497293824,0
48216,0.9425233306273414,0
48217,0.9893533786780356,1
48218,0.9277332656017606,1
48219,0.9716032048557839,0
48220,0.661272309259734,1
48221,0.9664008300310319,0
48222,0.9903135628032831,0
48223,0.8859744691576147,0
48224,0.9843926682607894,0
48225,0.9794140129790412,0
48226,0.6050712579288418,1
48227,0.9163255837213699,0
48228,0.991761612166732,0
48229,0.9571280589039308,0
48230,0.8738592379560923,0
48231,0.9670472776148438,0
48232,0.7518117606948064,0
48233,0.9664177136013683,0
48234,0.6570403560405447,1
48235,0.9443440448228981,0
48236,0.8441796485751029,0
48237,0.8928786632624648,1
48238,0.9793735515379148,0
48239,0.6072070054913369,1
48240,0.7636285022919164,1
48241,0.9471808723473191,0
48242,0.9884853560105237,0
48243,0.9317578766622728,0
48244,0.9878558043610266,0
48245,0.9848403907209825,0
48246,0.9999688479155009,1
48247,0.9106658507018336,0
48248,0.9232788531758275,0
48249,0.9790619762973217,0
48250,0.9625665965633856,0
48251,0.704359133363798,0
48252,0.9891973483866839,0
48253,0.983336961354086,0
48254,0.990474474899038,0
48255,0.9998654451313128,1
48256,0.9854153886611854,0
48257,0.9589125446405314,0
48258,0.8885364366357542,0
48259,0.991248281602683,0
48260,0.9736515968244338,1
48261,0.7896429820330176,1
48262,0.9818198226983343,0
48263,0.9350142770954109,1
48264,0.5383915637038791,0
48265,0.9727048897423008,0
48266,0.7278240263376469,0
48267,0.9728678700333471,0
48268,0.9988728748800839,1
48269,0.9999999996240718,1
48270,0.9480568000456481,0
48271,0.9999436128468777,1
48272,0.9969265214758454,1
48273,0.9746266706745298,0
48274,0.7209783781808214,1
48275,0.9682437241115899,0
48276,0.9999926112936073,1
48277,0.9768827888410543,1
48278,0.9700897333519499,0
48279,0.9637983995829527,0
48280,0.9834421566741379,0
48281,0.7590619300975616,0
48282,0.7630104767462088,1
48283,0.9919269227431823,0
48284,0.9010984265816989,0
48285,0.9999690579081739,1
48286,0.6851246835472118,0
48287,0.9999999992237338,1
48288,0.8671850647899015,0
48289,0.9384231426565849,0
48290,0.9999559815202368,1
48291,0.8475552256706189,0
48292,0.9723872694127117,1
48293,0.6826560061505509,1
48294,0.9822519797952415,0
48295,0.999999999998896,1
48296,0.9852859502267869,0
48297,1.0,1
48298,0.9686989319488954,0
48299,0.9015884871316373,1
48300,0.9879518302356136,0
48301,0.6968582998549346,0
48302,0.8791385157444837,0
48303,0.9325557058891761,1
48304,0.8654342421304474,0
48305,0.7219748657298605,1
48306,0.8682373543190707,0
48307,0.7558124727608662,1
48308,0.9931709642926646,0
48309,0.9493867310439513,0
48310,0.99999999840011,1
48311,0.9706990677722624,0
48312,0.9944403140941902,0
48313,0.9999999999996714,1
48314,0.9870269520944012,0
48315,0.9915472787115834,0
48316,0.8128162826630626,0
48317,0.5300193280860298,1
48318,0.9999788302730497,1
48319,0.9907865711346456,0
48320,0.972035446332875,0
48321,0.9924448177047289,0
48322,0.9760654581650765,0
48323,0.628786609162271,0
48324,0.9918962264881594,0
48325,0.5285093027435829,0
48326,0.991804686637774,0
48327,0.9995209123269543,1
48328,0.8316159936134778,0
48329,0.9823143440522732,0
48330,0.9667488219404626,0
48331,0.8044424543330442,1
48332,0.606634307630367,0
48333,0.6315963266469621,1
48334,0.9901282823775971,0
48335,0.7163387443218793,1
48336,0.9170003611155262,1
48337,1.0,1
48338,0.9624371383535785,0
48339,0.9578064764214791,0
48340,0.9128277308844532,1
48341,0.9044698777223406,0
48342,0.9730898565260219,0
48343,0.8608314722505372,0
48344,0.821028218221789,0
48345,0.5382735203327143,0
48346,0.9145823369847352,1
48347,0.82210084129097,0
48348,0.6352578232524699,0
48349,0.9594446963602419,0
48350,0.9761697011314336,0
48351,0.9675811399175122,1
48352,0.991305651194446,1
48353,0.9916877102561855,0
48354,0.6177191779221027,0
48355,0.817177068694536,1
48356,0.9999999994111697,1
48357,0.9856229037173923,0
48358,0.9671207495628611,0
48359,0.9358424048462124,0
48360,0.9999782160726872,1
48361,0.8728595705748372,0
48362,0.7670246714894203,0
48363,0.7574673524892495,1
48364,0.9929970378660697,1
48365,0.9917378034973231,0
48366,0.9834331331887087,0
48367,0.9769691883270699,0
48368,0.9481166043709051,0
48369,0.6547248687970115,0
48370,0.982592563397149,0
48371,0.8711162814789797,0
48372,0.9485244510597686,0
48373,0.8992790896961462,0
48374,0.9732910217727163,0
48375,0.9999093723829577,1
48376,0.9871252097941688,0
48377,0.9999999449887402,1
48378,0.9414069006483525,0
48379,0.5906798404092304,1
48380,0.8799076811292781,0
48381,0.9902603404709243,0
48382,0.9593473125716929,0
48383,0.9921792924968669,0
48384,0.9793979033368617,0
48385,0.9999864031160103,1
48386,0.9908512408161921,0
48387,0.5417004369320719,0
48388,0.8996007156017114,1
48389,0.999521656950041,1
48390,0.9863919133355988,0
48391,0.7630686528440224,0
48392,0.9820184489455913,0
48393,0.9999999999996021,1
48394,0.9978415282658066,1
48395,0.9630394193714004,0
48396,0.9880432251756835,0
48397,0.988386422388943,0
48398,0.9818126165760621,0
48399,0.9917297254936982,0
48400,0.9193263036856761,1
48401,0.9987134486033659,1
48402,0.5516154676510467,1
48403,0.99846241518732,1
48404,0.6089014388568844,0
48405,1.0,1
48406,0.8956543614896832,0
48407,0.9680433781962459,0
48408,0.6911416681773603,1
48409,0.9990897125081007,1
48410,0.9999999999919802,1
48411,0.9934415012645459,0
48412,0.740162190720168,0
48413,0.9603112605614331,0
48414,0.9335127031053542,0
48415,0.5402230240216132,1
48416,0.9808177626929081,0
48417,0.9856311122770702,0
48418,0.9174622190409664,0
48419,0.9591782569627372,0
48420,0.6943380554027538,1
48421,0.9922153768707301,0
48422,0.8231915500412073,1
48423,0.9502721027584548,1
48424,0.9869000581831946,0
48425,0.9788109826606496,0
48426,0.9992067090267583,1
48427,1.0,1
48428,0.9588779162879523,0
48429,0.9865153142116532,0
48430,0.6275867788076924,1
48431,0.5119505715126176,0
48432,0.9909674125370025,0
48433,0.9850625970247973,0
48434,0.9797643249532559,0
48435,0.9333223459704768,0
48436,0.9760402027194707,0
48437,0.8178390240516126,0
48438,0.9278590296685684,0
48439,0.987137725355379,0
48440,0.9830510052243966,0
48441,0.9117338868008364,0
48442,0.961352091657681,0
48443,0.5627183688048846,0
48444,0.9816583625250653,0
48445,0.5642925191200802,0
48446,0.699591732279668,0
48447,0.9787197414821538,0
48448,0.9332495167308239,0
48449,0.9216083977865651,0
48450,0.9240407570641522,0
48451,0.8044737065030574,0
48452,0.9498885264811051,0
48453,0.9527502692795679,1
48454,0.8747584118561159,0
48455,0.9795299539549223,0
48456,0.6392529394854304,0
48457,0.7148255071514729,1
48458,0.9809853865821825,0
48459,0.7768980104804479,1
48460,0.9157684557721767,0
48461,0.9932098894732944,1
48462,0.9492732720255397,0
48463,0.9659602482922358,1
48464,0.9898637704816282,0
48465,0.9439974323736527,0
48466,0.9995933283934751,1
48467,1.0,1
48468,0.7621300810657609,0
48469,0.8675914263039766,1
48470,0.9570057976779938,0
48471,0.5187610010408106,0
48472,0.9909707804904069,0
48473,0.9853308769108104,1
48474,0.942917613638902,0
48475,0.9642263340628896,0
48476,0.9015452958506859,0
48477,0.961690778952866,1
48478,0.9413191601652053,1
48479,0.7345534993161513,0
48480,0.9139078405101627,1
48481,0.973766251188645,0
48482,0.9705705490522033,0
48483,0.9726037383131416,1
48484,0.9998930969169334,1
48485,0.5897211816316578,0
48486,0.8186148117285892,0
48487,0.6245005570361115,0
48488,0.9925254144612083,0
48489,0.9735735350314111,0
48490,0.9745695906481905,0
48491,0.7684717190884588,0
48492,0.9353305271081683,0
48493,0.9961669871732013,1
48494,0.6694894510154119,0
48495,0.9779434134750586,0
48496,0.9916814195792462,0
48497,0.9999999999999991,1
48498,0.9382357947348956,0
48499,0.9528672807274082,1
48500,0.596088095668713,0
48501,0.5002568136333568,1
48502,0.5344834914328699,0
48503,0.9517284785155572,0
48504,0.9999979044141373,1
48505,0.9247257811556365,0
48506,0.9997021704014427,1
48507,0.7029126340851581,1
48508,0.9036432811995819,0
48509,0.9582392495213358,0
48510,0.9839804497703865,0
48511,1.0,1
48512,0.538194190103959,0
48513,0.9726064228168272,0
48514,0.7996854675568256,0
48515,0.5620889727891807,0
48516,0.9438173386147526,0
48517,0.9999999999998459,1
48518,0.7691814615263224,0
48519,0.945445289869224,0
48520,0.9999999779427924,1
48521,0.9895680280530083,0
48522,0.9919031971726708,0
48523,0.7433876648573821,0
48524,0.9243816080186801,0
48525,0.6750869803248597,1
48526,0.5864681280687702,1
48527,0.9999997835377709,1
48528,0.989238179130393,0
48529,0.5652534787338681,1
48530,0.9286555806315019,0
48531,0.8003734748783391,0
48532,0.9883478705927025,0
48533,0.5875341698241174,0
48534,0.9999949427073146,1
48535,0.6064173441900929,0
48536,0.8644802804211944,0
48537,0.9689090043144424,0
48538,0.9397147813850103,0
48539,0.9987201032540615,1
48540,0.999634569051123,1
48541,0.9308141759465931,0
48542,0.5307816729498969,0
48543,0.8390024454150642,0
48544,0.8402202303272758,0
48545,0.7791322196054086,0
48546,1.0,1
48547,0.9599798031903128,0
48548,0.5557978962107238,0
48549,0.9908313699557613,0
48550,0.8487601531043868,1
48551,0.5361278569701592,0
48552,0.8967451036679945,1
48553,0.9595434889543669,0
48554,0.6345140019848463,0
48555,0.9753729162259513,0
48556,0.7169710634496591,0
48557,0.6312992762101398,1
48558,0.661807624256778,0
48559,0.9843647186647067,0
48560,0.9765857798804504,0
48561,0.9208157501382038,0
48562,0.9873222141910695,0
48563,1.0,1
48564,0.9432976742578357,0
48565,0.963716527634971,0
48566,0.6730649346325442,1
48567,0.7842542481784995,0
48568,0.6790009702598575,1
48569,0.9665323224710486,0
48570,0.9817929249117517,0
48571,0.9992573261669292,1
48572,0.6682144729448878,1
48573,0.9780452036504037,0
48574,0.9744921063225818,1
48575,0.9754982635594508,0
48576,0.8357299629889552,1
48577,0.9842157322300611,0
48578,0.9505535676514936,0
48579,0.9661541376798702,0
48580,0.5245787946091727,1
48581,0.5583287311550226,0
48582,0.5300417473108731,0
48583,0.5396410512496492,0
48584,0.9999999778060296,1
48585,0.9708815325407989,0
48586,0.7966932992317673,0
48587,0.9876376419117251,0
48588,0.8773902637565032,0
48589,0.9714544005231566,1
48590,0.967170266866881,1
48591,0.9468638036863813,0
48592,0.9919206411437669,0
48593,0.9748157198462845,0
48594,0.94110437106162,0
48595,0.9983949590565452,1
48596,1.0,1
48597,0.9329545107257978,1
48598,0.9656076954180505,0
48599,0.9971584173655947,1
48600,0.9252355984819002,0
48601,0.9572991836153109,0
48602,1.0,1
48603,0.9676052148686406,0
48604,0.7914765583446008,0
48605,0.9631391912302601,0
48606,0.731513662582403,1
48607,0.781608468331424,0
48608,0.9865034481984659,1
48609,0.5796295944023657,1
48610,0.9328503275932458,0
48611,0.9576604054686996,0
48612,0.7510271408769656,1
48613,0.760458142274427,0
48614,0.8533705765133753,0
48615,0.9783383738391327,0
48616,0.885445530749917,0
48617,0.9999998992830572,1
48618,0.9543745302347593,1
48619,0.9793790934192113,0
48620,0.9391395455220696,0
48621,0.9900627539740754,0
48622,0.7680751093616335,0
48623,0.9931066149056085,1
48624,0.6567939535269173,1
48625,0.989733271304691,0
48626,0.9088823461097343,0
48627,0.8895972470350718,0
48628,0.5616595672647267,1
48629,0.8820130033090386,0
48630,0.985302434118737,0
48631,0.9383247067879465,0
48632,0.9999999959107653,1
48633,0.9617433678748757,0
48634,0.9945439423823006,0
48635,0.9362767359012563,0
48636,0.9661149605358866,0
48637,0.6783506691662714,1
48638,0.8987839070825118,0
48639,0.9890369531249105,0
48640,0.9862788013456855,0
48641,0.670773404344477,0
48642,0.8155430279325927,0
48643,0.9902260167403075,0
48644,1.0,1
48645,0.9154236295753484,1
48646,0.9733218372040209,0
48647,0.9873929272391172,0
48648,0.9995229789190466,1
48649,0.7909623679689907,0
48650,0.9884219598368831,0
48651,0.9610045812966772,0
48652,0.9810216410679643,0
48653,0.9554963704779269,1
48654,0.9373015345355998,0
48655,0.9734605180840487,0
48656,0.9826011901538655,0
48657,0.9261126203356762,1
48658,0.9893446496782873,0
48659,0.9808034615671825,0
48660,0.5985580516808563,0
48661,0.9525389712226056,0
48662,0.9763657365162892,0
48663,0.9038458289783695,0
48664,0.8836442743257799,0
48665,0.8790715525341346,1
48666,0.9516074382852587,0
48667,0.9469158194747408,0
48668,0.5502957022500777,0
48669,0.9015604128085305,1
48670,0.9706835046344008,0
48671,0.978108852891413,0
48672,1.0,1
48673,0.9807246618883368,0
48674,0.9715009551947468,0
48675,0.9871777967938719,0
48676,0.7763160150897863,0
48677,0.989267373801969,0
48678,0.6884510755471541,1
48679,0.9849898403876529,0
48680,0.8558196749502541,0
48681,0.9245091510325442,0
48682,0.9573169522576209,0
48683,0.9598488447508684,0
48684,0.9915888420264686,0
48685,0.9613511641264475,0
48686,0.997348362296929,1
48687,0.9460082499678999,0
48688,0.9769643004579975,0
48689,0.9828677927615288,0
48690,0.9967610238273528,1
48691,0.9417169589054303,0
48692,0.754499465877328,0
48693,0.749497942122277,0
48694,0.5362392869324303,1
48695,0.98064799573957,0
48696,0.9999514269787375,1
48697,0.9679880138802689,0
48698,0.7981582844975016,0
48699,0.9921939341522811,0
48700,0.6499656735205619,0
48701,0.7098925545679413,1
48702,0.9999999999955969,1
48703,0.968570781727124,1
48704,0.9891936661273512,0
48705,0.933751898618779,0
48706,0.7578516624784368,0
48707,0.9396521945542311,0
48708,0.6556705250376754,0
48709,0.9998153338226159,1
48710,0.9931709642926646,0
48711,0.9699586397553854,0
48712,0.669339259039677,1
48713,0.9930956136391352,0
48714,0.98795858697194,0
48715,0.9835468130450824,0
48716,0.7362282293226976,0
48717,0.9695065573415539,0
48718,0.9913926392416144,0
48719,0.9814633357209817,0
48720,0.9999999999999956,1
48721,0.8228518357860014,1
48722,0.9999903730693711,1
48723,0.984003016250891,0
48724,0.9432896118060317,0
48725,0.9901125903666452,1
48726,0.968112727058738,0
48727,0.708831682647769,0
48728,0.854972444595316,0
48729,0.6588963597860512,0
48730,0.7211290586855734,1
48731,0.7648655511321444,1
48732,0.6610318414253831,0
48733,0.9904036395382569,0
48734,0.534632533735607,1
48735,0.6131665578911776,0
48736,0.8395910690524152,0
48737,0.9994972077711289,1
48738,0.9792096074691902,0
48739,0.9559068130315667,1
48740,0.5087254229028831,1
48741,0.999999785714037,1
48742,0.9791996540105661,0
48743,0.7988309860752757,1
48744,0.999999999412335,1
48745,0.9352740647732356,1
48746,0.7487953766169343,1
48747,0.5647264147648564,0
48748,0.7396220090407282,0
48749,0.9912323881099309,0
48750,0.8641678233349415,0
48751,0.999998734364502,1
48752,0.8786668349619088,0
48753,0.957936277708144,0
48754,0.8735004883217782,1
48755,0.9704991152341406,0
48756,0.9999999917554723,1
48757,0.9335026154356159,0
48758,0.9395826875689816,0
48759,0.7979494197222405,1
48760,0.9488199287712424,0
48761,0.6704145623576375,0
48762,0.7437387297420347,1
48763,0.9921874127902702,0
48764,0.9861762671688005,0
48765,0.9324093589249133,0
48766,0.6745801210098445,1
48767,0.9999900756686292,1
48768,0.9861768510735228,0
48769,0.8386572481641211,0
48770,0.9615747391992158,0
48771,0.9837003765302772,1
48772,0.9466109502794741,0
48773,0.9883257852471344,0
48774,0.9664769793922696,0
48775,0.9884986850793804,0
48776,0.9345141902525305,0
48777,0.9270775450394734,0
48778,0.9775292979619302,0
48779,0.9404941429723285,1
48780,0.8072858914754091,0
48781,0.9493675152330616,1
48782,0.9865754725779554,0
48783,0.9999506555213717,1
48784,0.9999981004911876,1
48785,0.9653849305065632,0
48786,0.5894737735013562,0
48787,0.9998731651834576,1
48788,0.9130370556206369,0
48789,0.7858086265003379,0
48790,0.9524589013034399,0
48791,0.9999999997598437,1
48792,1.0,1
48793,0.9831674302171916,0
48794,0.9838491440891334,0
48795,0.981316940583749,0
48796,0.9916489143492608,0
48797,0.9921595075013506,0
48798,0.6470193675641966,0
48799,0.629479244229383,0
48800,0.9906637014670572,0
48801,0.9999999986325045,1
48802,0.8429686277236672,0
48803,0.8968532930343596,0
48804,0.9481720496591707,0
48805,0.9600800064098183,0
48806,0.8654517423968819,1
48807,0.9922758390951911,0
48808,0.9844299130198355,0
48809,0.9918078117511205,0
48810,0.9486428997605288,0
48811,0.9975640727348873,1
48812,0.976849415174583,0
48813,0.6275348559931561,0
48814,1.0,1
48815,0.9897678879830806,0
48816,0.9468077159587118,1
48817,0.9568617422618712,0
48818,0.8857669828655094,0
48819,0.9270311568383884,1
48820,0.9908207092193618,0
48821,0.7588867373064418,0
48822,0.9429367260607096,0
48823,0.9833024408053687,0
48824,0.9997387712993233,1
48825,0.9878953570395499,0
48826,0.9999999996253737,1
48827,1.0,1
48828,0.9317578766622728,0
48829,0.6741497528492046,1
48830,0.9647996208911941,0
48831,0.937267390885968,0
48832,0.6324015241602253,0
48833,0.9437379123933924,0
48834,0.8828181860245291,0
48835,0.9780940204132621,0
48836,0.9818654059597572,0
48837,0.5265555541514184,0
48838,0.9900062019815192,0
48839,0.9964311685907448,1
48840,0.9834848672177599,0
48841,0.8712536772454389,0
48842,0.9993009846883989,1
48843,0.8216221618869297,0
48844,0.9913175851024084,0
48845,0.7239771730170297,0
48846,0.9660862954402315,1
48847,0.7127055400889779,1
48848,0.9454369774283398,1
48849,0.9798202423767751,0
48850,0.5243713266562491,0
48851,0.9792372879936938,0
48852,0.9864831977185095,0
48853,0.987587885917783,0
48854,0.6725867914583348,1
48855,0.5334319844057592,1
48856,0.9991183630142658,1
48857,0.9508335079951636,0
48858,0.6676060009880036,1
48859,0.9906159427523668,0
48860,0.847926190022683,1
48861,0.9867735463584913,0
48862,0.9844683940170409,0
48863,0.7850524966289303,1
48864,0.8838264911590554,1
48865,0.8849129937473372,0
48866,0.6367732132386578,1
48867,0.5309804069967373,0
48868,0.8007470056151264,1
48869,0.6005199074083998,1
48870,0.9916979582603742,0
48871,0.902841255682442,1
48872,0.9779945085135685,1
48873,0.9999999908435082,1
48874,0.9600637100379419,0
48875,0.9999999993987647,1
48876,0.8175760303706803,0
48877,0.9562844778723762,0
48878,0.8374284969222872,0
48879,0.6194083468579452,1
48880,0.9999515923336676,1
48881,0.9914382636863581,0
48882,0.991804686637774,0
48883,0.9721862742778462,0
48884,0.979564692993206,0
48885,0.9866094860216057,0
48886,0.9898232021000897,1
48887,0.9854460319119247,0
48888,0.9445755264990542,0
48889,0.6409442095886811,1
48890,0.5497926326242679,1
48891,0.9783388880678475,0
48892,0.9883762690510537,1
48893,0.5056731089247201,0
48894,0.77007172146484,1
48895,0.993392538746952,0
48896,0.7638043286024231,0
48897,0.9885307839532861,0
48898,0.9886950060535732,0
48899,0.9256214819370162,0
48900,0.8645327358983893,0
48901,0.981421946089233,0
48902,0.8898807655108365,0
48903,0.9907794675849569,0
48904,0.8108929806503281,0
48905,0.9999999999999991,1
48906,0.9513314429636786,0
48907,0.9630601488772745,0
48908,0.9601718296858449,0
48909,0.7441290734558939,1
48910,0.9854563360385283,0
48911,0.7307148546231156,0
48912,0.7572174888374734,1
48913,0.9458584952888791,0
48914,0.9981024179001772,1
48915,0.8864120344700764,0
48916,0.9653599475103154,0
48917,0.9788119350223375,0
48918,0.9430327489841849,1
48919,0.9996189688501396,1
48920,0.818900490415982,0
48921,0.9838105374070854,0
48922,0.9635140769532736,0
48923,0.9896835235438112,0
48924,0.5057039080365661,1
48925,0.7224921169226614,0
48926,0.5055741578265326,1
48927,0.996300919079025,1
48928,0.9830064126491755,0
48929,0.9706872495444571,0
48930,0.9999998908810783,1
48931,0.650497808397667,1
48932,0.5644487769843087,1
